0 0.535938 0.511719 0.037500 0.035156
0 0.535755 0.511677 0.037733 0.035156
0 0.535572 0.511636 0.037965 0.035156
0 0.535389 0.511594 0.038198 0.035156
0 0.535206 0.511553 0.038431 0.035156
0 0.535023 0.511511 0.038664 0.035156
0 0.534840 0.511469 0.038896 0.035156
0 0.534658 0.511428 0.039129 0.035156
0 0.534475 0.511386 0.039362 0.035156
0 0.534292 0.511345 0.039594 0.035156
0 0.534109 0.511303 0.039827 0.035156
0 0.533926 0.511262 0.040060 0.035156
0 0.533743 0.511220 0.040293 0.035156
0 0.533561 0.511179 0.040525 0.035156
0 0.533378 0.511137 0.040758 0.035156
0 0.533195 0.511095 0.040991 0.035156
0 0.533012 0.511054 0.041223 0.035156
0 0.532829 0.511012 0.041456 0.035156
0 0.532646 0.510971 0.041689 0.035156
0 0.532463 0.510929 0.041922 0.035156
0 0.532281 0.510888 0.042154 0.035156
0 0.532098 0.510846 0.042387 0.035156
0 0.531915 0.510805 0.042620 0.035156
0 0.531732 0.510763 0.042852 0.035156
0 0.531549 0.510721 0.043085 0.035156
0 0.531366 0.510680 0.043318 0.035156
0 0.531184 0.510638 0.043551 0.035156
0 0.531001 0.510597 0.043783 0.035156
0 0.530818 0.510555 0.044016 0.035156
0 0.530635 0.510514 0.044249 0.035156
0 0.530452 0.510472 0.044481 0.035156
0 0.530269 0.510431 0.044714 0.035156
0 0.530086 0.510389 0.044947 0.035156
0 0.529904 0.510347 0.045180 0.035156
0 0.529721 0.510306 0.045412 0.035156
0 0.529538 0.510264 0.045645 0.035156
0 0.529355 0.510223 0.045878 0.035156
0 0.529172 0.510181 0.046110 0.035156
0 0.528989 0.510140 0.046343 0.035156
0 0.528807 0.510098 0.046576 0.035156
0 0.528624 0.510057 0.046809 0.035156
0 0.528441 0.510015 0.047041 0.035156
0 0.528258 0.509973 0.047274 0.035156
0 0.528075 0.509932 0.047507 0.035156
0 0.527892 0.509890 0.047739 0.035156
0 0.527709 0.509849 0.047972 0.035156
0 0.527527 0.509807 0.048205 0.035156
0 0.527344 0.509766 0.048438 0.035156
0 0.527160 0.509679 0.048438 0.035214
0 0.526976 0.509593 0.048438 0.035271
0 0.526792 0.509507 0.048438 0.035329
0 0.526608 0.509421 0.048438 0.035386
0 0.526425 0.509335 0.048438 0.035443
0 0.526241 0.509249 0.048438 0.035501
0 0.526057 0.509162 0.048438 0.035558
0 0.525873 0.509076 0.048438 0.035616
0 0.525689 0.508990 0.048438 0.035673
0 0.525506 0.508904 0.048438 0.035731
0 0.525322 0.508818 0.048438 0.035788
0 0.525138 0.508732 0.048438 0.035846
0 0.524954 0.508645 0.048438 0.035903
0 0.524770 0.508559 0.048438 0.035960
0 0.524586 0.508473 0.048438 0.036018
0 0.524403 0.508387 0.048438 0.036075
0 0.524219 0.508301 0.048438 0.036133
0 0.524035 0.508215 0.048438 0.036190
0 0.523851 0.508128 0.048438 0.036248
0 0.523667 0.508042 0.048438 0.036305
0 0.523483 0.507956 0.048438 0.036363
0 0.523300 0.507870 0.048438 0.036420
0 0.523116 0.507784 0.048438 0.036477
0 0.522932 0.507698 0.048438 0.036535
0 0.522748 0.507611 0.048438 0.036592
0 0.522564 0.507525 0.048438 0.036650
0 0.522381 0.507439 0.048438 0.036707
0 0.522197 0.507353 0.048438 0.036765
0 0.522013 0.507267 0.048438 0.036822
0 0.521829 0.507181 0.048438 0.036880
0 0.521645 0.507094 0.048438 0.036937
0 0.521461 0.507008 0.048438 0.036994
0 0.521278 0.506922 0.048438 0.037052
0 0.521094 0.506836 0.048438 0.037109
0 0.520863 0.506761 0.048397 0.037059
0 0.520633 0.506686 0.048356 0.037009
0 0.520402 0.506611 0.048316 0.036959
0 0.520172 0.506535 0.048275 0.036909
0 0.519941 0.506460 0.048234 0.036859
0 0.519711 0.506385 0.048194 0.036809
0 0.519480 0.506310 0.048153 0.036759
0 0.519250 0.506235 0.048112 0.036709
0 0.519019 0.506160 0.048072 0.036659
0 0.518789 0.506085 0.048031 0.036609
0 0.518558 0.506010 0.047990 0.036558
0 0.518328 0.505934 0.047950 0.036508
0 0.518097 0.505859 0.047909 0.036458
0 0.517867 0.505784 0.047868 0.036408
0 0.517636 0.505709 0.047828 0.036358
0 0.517406 0.505634 0.047787 0.036308
0 0.517175 0.505559 0.047746 0.036258
0 0.516945 0.505484 0.047706 0.036208
0 0.516714 0.505409 0.047665 0.036158
0 0.516484 0.505334 0.047624 0.036108
0 0.516253 0.505258 0.047584 0.036058
0 0.516023 0.505183 0.047543 0.036008
0 0.515792 0.505108 0.047503 0.035958
0 0.515562 0.505033 0.047462 0.035907
0 0.515331 0.504958 0.047421 0.035857
0 0.515101 0.504883 0.047381 0.035807
0 0.514870 0.504808 0.047340 0.035757
0 0.514640 0.504733 0.047299 0.035707
0 0.514409 0.504657 0.047259 0.035657
0 0.514179 0.504582 0.047218 0.035607
0 0.513948 0.504507 0.047177 0.035557
0 0.513718 0.504432 0.047137 0.035507
0 0.513487 0.504357 0.047096 0.035457
0 0.513257 0.504282 0.047055 0.035407
0 0.513026 0.504207 0.047015 0.035357
0 0.512796 0.504132 0.046974 0.035306
0 0.512565 0.504056 0.046933 0.035256
0 0.512335 0.503981 0.046893 0.035206
0 0.512104 0.503906 0.046852 0.035156
0 0.511925 0.503988 0.046723 0.035156
0 0.511747 0.504069 0.046594 0.035156
0 0.511568 0.504150 0.046464 0.035156
0 0.511389 0.504232 0.046335 0.035156
0 0.511210 0.504313 0.046206 0.035156
0 0.511031 0.504395 0.046077 0.035156
0 0.510852 0.504476 0.045947 0.035156
0 0.510674 0.504557 0.045818 0.035156
0 0.510495 0.504639 0.045689 0.035156
0 0.510316 0.504720 0.045560 0.035156
0 0.510137 0.504801 0.045430 0.035156
0 0.509958 0.504883 0.045301 0.035156
0 0.509780 0.504964 0.045172 0.035156
0 0.509601 0.505046 0.045043 0.035156
0 0.509422 0.505127 0.044913 0.035156
0 0.509243 0.505208 0.044784 0.035156
0 0.509064 0.505290 0.044655 0.035156
0 0.508885 0.505371 0.044526 0.035156
0 0.508707 0.505452 0.044396 0.035156
0 0.508528 0.505534 0.044267 0.035156
0 0.508349 0.505615 0.044138 0.035156
0 0.508170 0.505697 0.044009 0.035156
0 0.507991 0.505778 0.043879 0.035156
0 0.507812 0.505859 0.043750 0.035156
0 0.507626 0.505952 0.043676 0.035063
0 0.507440 0.506045 0.043601 0.034970
0 0.507254 0.506138 0.043527 0.034877
0 0.507068 0.506231 0.043452 0.034784
0 0.506882 0.506324 0.043378 0.034691
0 0.506696 0.506417 0.043304 0.034598
0 0.506510 0.506510 0.043229 0.034505
0 0.506324 0.506603 0.043155 0.034412
0 0.506138 0.506696 0.043080 0.034319
0 0.505952 0.506789 0.043006 0.034226
0 0.505766 0.506882 0.042932 0.034133
0 0.505580 0.506975 0.042857 0.034040
0 0.505394 0.507068 0.042783 0.033947
0 0.505208 0.507161 0.042708 0.033854
0 0.505022 0.507254 0.042634 0.033761
0 0.504836 0.507347 0.042560 0.033668
0 0.504650 0.507440 0.042485 0.033575
0 0.504464 0.507533 0.042411 0.033482
0 0.504278 0.507626 0.042336 0.033389
0 0.504092 0.507719 0.042262 0.033296
0 0.503906 0.507812 0.042188 0.033203
0 0.503720 0.507906 0.042113 0.033110
0 0.503534 0.507999 0.042039 0.033017
0 0.503348 0.508092 0.041964 0.032924
0 0.503162 0.508185 0.041890 0.032831
0 0.502976 0.508278 0.041815 0.032738
0 0.502790 0.508371 0.041741 0.032645
0 0.502604 0.508464 0.041667 0.032552
0 0.502418 0.508557 0.041592 0.032459
0 0.502232 0.508650 0.041518 0.032366
0 0.502046 0.508743 0.041443 0.032273
0 0.501860 0.508836 0.041369 0.032180
0 0.501674 0.508929 0.041295 0.032087
0 0.501488 0.509022 0.041220 0.031994
0 0.501302 0.509115 0.041146 0.031901
0 0.501116 0.509208 0.041071 0.031808
0 0.500930 0.509301 0.040997 0.031715
0 0.500744 0.509394 0.040923 0.031622
0 0.500558 0.509487 0.040848 0.031529
0 0.500372 0.509580 0.040774 0.031436
0 0.500186 0.509673 0.040699 0.031343
0 0.500000 0.509766 0.040625 0.031250
0 0.499696 0.509793 0.040712 0.031304
0 0.499392 0.509820 0.040799 0.031359
0 0.499089 0.509847 0.040885 0.031413
0 0.498785 0.509874 0.040972 0.031467
0 0.498481 0.509901 0.041059 0.031521
0 0.498177 0.509928 0.041146 0.031576
0 0.497873 0.509956 0.041233 0.031630
0 0.497569 0.509983 0.041319 0.031684
0 0.497266 0.510010 0.041406 0.031738
0 0.496962 0.510037 0.041493 0.031793
0 0.496658 0.510064 0.041580 0.031847
0 0.496354 0.510091 0.041667 0.031901
0 0.496050 0.510118 0.041753 0.031955
0 0.495747 0.510145 0.041840 0.032010
0 0.495443 0.510173 0.041927 0.032064
0 0.495139 0.510200 0.042014 0.032118
0 0.494835 0.510227 0.042101 0.032172
0 0.494531 0.510254 0.042187 0.032227
0 0.494227 0.510281 0.042274 0.032281
0 0.493924 0.510308 0.042361 0.032335
0 0.493620 0.510335 0.042448 0.032389
0 0.493316 0.510362 0.042535 0.032444
0 0.493012 0.510390 0.042622 0.032498
0 0.492708 0.510417 0.042708 0.032552
0 0.492405 0.510444 0.042795 0.032606
0 0.492101 0.510471 0.042882 0.032661
0 0.491797 0.510498 0.042969 0.032715
0 0.491493 0.510525 0.043056 0.032769
0 0.491189 0.510552 0.043142 0.032823
0 0.490885 0.510579 0.043229 0.032878
0 0.490582 0.510607 0.043316 0.032932
0 0.490278 0.510634 0.043403 0.032986
0 0.489974 0.510661 0.043490 0.033040
0 0.489670 0.510688 0.043576 0.033095
0 0.489366 0.510715 0.043663 0.033149
0 0.489062 0.510742 0.043750 0.033203
0 0.488856 0.510656 0.043980 0.033720
0 0.488649 0.510570 0.044210 0.034237
0 0.488442 0.510484 0.044439 0.034754
0 0.488235 0.510398 0.044669 0.035271
0 0.488028 0.510311 0.044899 0.035788
0 0.487822 0.510225 0.045129 0.036305
0 0.487615 0.510139 0.045358 0.036822
0 0.487408 0.510053 0.045588 0.037339
0 0.487201 0.509967 0.045818 0.037856
0 0.486994 0.509881 0.046048 0.038373
0 0.486788 0.509794 0.046278 0.038890
0 0.486581 0.509708 0.046507 0.039407
0 0.486374 0.509622 0.046737 0.039924
0 0.486167 0.509536 0.046967 0.040441
0 0.485960 0.509450 0.047197 0.040958
0 0.485754 0.509364 0.047426 0.041475
0 0.485547 0.509277 0.047656 0.041992
0 0.485340 0.509191 0.047886 0.042509
0 0.485133 0.509105 0.048116 0.043026
0 0.484926 0.509019 0.048346 0.043543
0 0.484720 0.508933 0.048575 0.044060
0 0.484513 0.508847 0.048805 0.044577
0 0.484306 0.508760 0.049035 0.045094
0 0.484099 0.508674 0.049265 0.045611
0 0.483892 0.508588 0.049494 0.046128
0 0.483686 0.508502 0.049724 0.046645
0 0.483479 0.508416 0.049954 0.047162
0 0.483272 0.508330 0.050184 0.047679
0 0.483065 0.508243 0.050414 0.048196
0 0.482858 0.508157 0.050643 0.048713
0 0.482652 0.508071 0.050873 0.049230
0 0.482445 0.507985 0.051103 0.049747
0 0.482238 0.507899 0.051333 0.050264
0 0.482031 0.507812 0.051562 0.050781
0 0.481781 0.507891 0.051688 0.050312
0 0.481531 0.507969 0.051813 0.049844
0 0.481281 0.508047 0.051938 0.049375
0 0.481031 0.508125 0.052063 0.048906
0 0.480781 0.508203 0.052188 0.048437
0 0.480531 0.508281 0.052313 0.047969
0 0.480281 0.508359 0.052438 0.047500
0 0.480031 0.508438 0.052563 0.047031
0 0.479781 0.508516 0.052688 0.046562
0 0.479531 0.508594 0.052813 0.046094
0 0.479281 0.508672 0.052938 0.045625
0 0.479031 0.508750 0.053063 0.045156
0 0.478781 0.508828 0.053188 0.044687
0 0.478531 0.508906 0.053313 0.044219
0 0.478281 0.508984 0.053438 0.043750
0 0.478031 0.509063 0.053563 0.043281
0 0.477781 0.509141 0.053688 0.042812
0 0.477531 0.509219 0.053813 0.042344
0 0.477281 0.509297 0.053938 0.041875
0 0.477031 0.509375 0.054063 0.041406
0 0.476781 0.509453 0.054188 0.040937
0 0.476531 0.509531 0.054313 0.040469
0 0.476281 0.509609 0.054438 0.040000
0 0.476031 0.509688 0.054563 0.039531
0 0.475781 0.509766 0.054688 0.039062
0 0.475451 0.509766 0.054387 0.039062
0 0.475120 0.509766 0.054087 0.039062
0 0.474790 0.509766 0.053786 0.039062
0 0.474459 0.509766 0.053486 0.039062
0 0.474129 0.509766 0.053185 0.039062
0 0.473798 0.509766 0.052885 0.039062
0 0.473468 0.509766 0.052584 0.039062
0 0.473137 0.509766 0.052284 0.039062
0 0.472806 0.509766 0.051983 0.039062
0 0.472476 0.509766 0.051683 0.039062
0 0.472145 0.509766 0.051382 0.039062
0 0.471815 0.509766 0.051082 0.039062
0 0.471484 0.509766 0.050781 0.039062
0 0.471154 0.509766 0.050481 0.039062
0 0.470823 0.509766 0.050180 0.039062
0 0.470493 0.509766 0.049880 0.039062
0 0.470162 0.509766 0.049579 0.039062
0 0.469832 0.509766 0.049279 0.039062
0 0.469501 0.509766 0.048978 0.039062
0 0.469171 0.509766 0.048678 0.039062
0 0.468840 0.509766 0.048377 0.039062
0 0.468510 0.509766 0.048077 0.039062
0 0.468179 0.509766 0.047776 0.039062
0 0.467849 0.509766 0.047476 0.039062
0 0.467518 0.509766 0.047175 0.039062
0 0.467187 0.509766 0.046875 0.039062
0 0.467041 0.509766 0.046777 0.038818
0 0.466895 0.509766 0.046680 0.038574
0 0.466748 0.509766 0.046582 0.038330
0 0.466602 0.509766 0.046484 0.038086
0 0.466455 0.509766 0.046387 0.037842
0 0.466309 0.509766 0.046289 0.037598
0 0.466162 0.509766 0.046191 0.037354
0 0.466016 0.509766 0.046094 0.037109
0 0.465869 0.509766 0.045996 0.036865
0 0.465723 0.509766 0.045898 0.036621
0 0.465576 0.509766 0.045801 0.036377
0 0.465430 0.509766 0.045703 0.036133
0 0.465283 0.509766 0.045605 0.035889
0 0.465137 0.509766 0.045508 0.035645
0 0.464990 0.509766 0.045410 0.035400
0 0.464844 0.509766 0.045312 0.035156
