0 0.475781 0.656250 0.082812 0.152344
0 0.476122 0.655229 0.082633 0.152007
0 0.476464 0.654207 0.082453 0.151670
0 0.476805 0.653186 0.082274 0.151334
0 0.477146 0.652164 0.082094 0.150997
0 0.477487 0.651143 0.081915 0.150660
0 0.477829 0.650121 0.081735 0.150323
0 0.478170 0.649100 0.081555 0.149987
0 0.478511 0.648078 0.081376 0.149650
0 0.478852 0.647057 0.081196 0.149313
0 0.479194 0.646035 0.081017 0.148976
0 0.479535 0.645014 0.080837 0.148640
0 0.479876 0.643992 0.080657 0.148303
0 0.480217 0.642971 0.080478 0.147966
0 0.480559 0.641950 0.080298 0.147629
0 0.480900 0.640928 0.080119 0.147293
0 0.481241 0.639907 0.079939 0.146956
0 0.481582 0.638885 0.079759 0.146619
0 0.481923 0.637864 0.079580 0.146282
0 0.482265 0.636842 0.079400 0.145946
0 0.482606 0.635821 0.079221 0.145609
0 0.482947 0.634799 0.079041 0.145272
0 0.483288 0.633778 0.078861 0.144935
0 0.483630 0.632756 0.078682 0.144599
0 0.483971 0.631735 0.078502 0.144262
0 0.484312 0.630713 0.078323 0.143925
0 0.484653 0.629692 0.078143 0.143588
0 0.484995 0.628671 0.077963 0.143252
0 0.485336 0.627649 0.077784 0.142915
0 0.485677 0.626628 0.077604 0.142578
0 0.486018 0.625606 0.077425 0.142241
0 0.486360 0.624585 0.077245 0.141905
0 0.486701 0.623563 0.077065 0.141568
0 0.487042 0.622542 0.076886 0.141231
0 0.487383 0.621520 0.076706 0.140894
0 0.487724 0.620499 0.076527 0.140558
0 0.488066 0.619477 0.076347 0.140221
0 0.488407 0.618456 0.076167 0.139884
0 0.488748 0.617434 0.075988 0.139547
0 0.489089 0.616413 0.075808 0.139211
0 0.489431 0.615392 0.075629 0.138874
0 0.489772 0.614370 0.075449 0.138537
0 0.490113 0.613349 0.075269 0.138200
0 0.490454 0.612327 0.075090 0.137864
0 0.490796 0.611306 0.074910 0.137527
0 0.491137 0.610284 0.074731 0.137190
0 0.491478 0.609263 0.074551 0.136853
0 0.491819 0.608241 0.074371 0.136517
0 0.492161 0.607220 0.074192 0.136180
0 0.492502 0.606198 0.074012 0.135843
0 0.492843 0.605177 0.073833 0.135506
0 0.493184 0.604155 0.073653 0.135170
0 0.493526 0.603134 0.073473 0.134833
0 0.493867 0.602113 0.073294 0.134496
0 0.494208 0.601091 0.073114 0.134159
0 0.494549 0.600070 0.072935 0.133823
0 0.494890 0.599048 0.072755 0.133486
0 0.495232 0.598027 0.072575 0.133149
0 0.495573 0.597005 0.072396 0.132812
0 0.495914 0.595984 0.072216 0.132476
0 0.496255 0.594962 0.072037 0.132139
0 0.496597 0.593941 0.071857 0.131802
0 0.496938 0.592919 0.071677 0.131466
0 0.497279 0.591898 0.071498 0.131129
0 0.497620 0.590876 0.071318 0.130792
0 0.497962 0.589855 0.071139 0.130455
0 0.498303 0.588834 0.070959 0.130119
0 0.498644 0.587812 0.070779 0.129782
0 0.498985 0.586791 0.070600 0.129445
0 0.499327 0.585769 0.070420 0.129108
0 0.499668 0.584748 0.070241 0.128772
0 0.500009 0.583726 0.070061 0.128435
0 0.500350 0.582705 0.069881 0.128098
0 0.500691 0.581683 0.069702 0.127761
0 0.501033 0.580662 0.069522 0.127425
0 0.501374 0.579640 0.069343 0.127088
0 0.501715 0.578619 0.069163 0.126751
0 0.502056 0.577597 0.068983 0.126414
0 0.502398 0.576576 0.068804 0.126078
0 0.502739 0.575555 0.068624 0.125741
0 0.503080 0.574533 0.068445 0.125404
0 0.503421 0.573512 0.068265 0.125067
0 0.503763 0.572490 0.068085 0.124731
0 0.504104 0.571469 0.067906 0.124394
0 0.504445 0.570447 0.067726 0.124057
0 0.504786 0.569426 0.067547 0.123720
0 0.505128 0.568404 0.067367 0.123384
0 0.505469 0.567383 0.067187 0.123047
0 0.505738 0.566999 0.067132 0.122977
0 0.506008 0.566616 0.067076 0.122907
0 0.506278 0.566232 0.067020 0.122838
0 0.506548 0.565848 0.066964 0.122768
0 0.506817 0.565465 0.066908 0.122698
0 0.507087 0.565081 0.066853 0.122628
0 0.507357 0.564697 0.066797 0.122559
0 0.507626 0.564314 0.066741 0.122489
0 0.507896 0.563930 0.066685 0.122419
0 0.508166 0.563546 0.066629 0.122349
0 0.508436 0.563163 0.066574 0.122280
0 0.508705 0.562779 0.066518 0.122210
0 0.508975 0.562395 0.066462 0.122140
0 0.509245 0.562012 0.066406 0.122070
0 0.509515 0.561628 0.066350 0.122001
0 0.509784 0.561244 0.066295 0.121931
0 0.510054 0.560861 0.066239 0.121861
0 0.510324 0.560477 0.066183 0.121791
0 0.510593 0.560093 0.066127 0.121722
0 0.510863 0.559710 0.066071 0.121652
0 0.511133 0.559326 0.066016 0.121582
0 0.511403 0.558943 0.065960 0.121512
0 0.511672 0.558559 0.065904 0.121443
0 0.511942 0.558175 0.065848 0.121373
0 0.512212 0.557792 0.065792 0.121303
0 0.512481 0.557408 0.065737 0.121233
0 0.512751 0.557024 0.065681 0.121164
0 0.513021 0.556641 0.065625 0.121094
0 0.513291 0.556257 0.065569 0.121024
0 0.513560 0.555873 0.065513 0.120954
0 0.513830 0.555490 0.065458 0.120884
0 0.514100 0.555106 0.065402 0.120815
0 0.514369 0.554722 0.065346 0.120745
0 0.514639 0.554339 0.065290 0.120675
0 0.514909 0.553955 0.065234 0.120605
0 0.515179 0.553571 0.065179 0.120536
0 0.515448 0.553188 0.065123 0.120466
0 0.515718 0.552804 0.065067 0.120396
0 0.515988 0.552420 0.065011 0.120326
0 0.516257 0.552037 0.064955 0.120257
0 0.516527 0.551653 0.064900 0.120187
0 0.516797 0.551270 0.064844 0.120117
0 0.517067 0.550886 0.064788 0.120047
0 0.517336 0.550502 0.064732 0.119978
0 0.517606 0.550119 0.064676 0.119908
0 0.517876 0.549735 0.064621 0.119838
0 0.518145 0.549351 0.064565 0.119768
0 0.518415 0.548968 0.064509 0.119699
0 0.518685 0.548584 0.064453 0.119629
0 0.518955 0.548200 0.064397 0.119559
0 0.519224 0.547817 0.064342 0.119489
0 0.519494 0.547433 0.064286 0.119420
0 0.519764 0.547049 0.064230 0.119350
0 0.520033 0.546666 0.064174 0.119280
0 0.520303 0.546282 0.064118 0.119210
0 0.520573 0.545898 0.064062 0.119141
0 0.520843 0.545515 0.064007 0.119071
0 0.521112 0.545131 0.063951 0.119001
0 0.521382 0.544747 0.063895 0.118931
0 0.521652 0.544364 0.063839 0.118862
0 0.521922 0.543980 0.063783 0.118792
0 0.522191 0.543597 0.063728 0.118722
0 0.522461 0.543213 0.063672 0.118652
0 0.522731 0.542829 0.063616 0.118583
0 0.523000 0.542446 0.063560 0.118513
0 0.523270 0.542062 0.063504 0.118443
0 0.523540 0.541678 0.063449 0.118373
0 0.523810 0.541295 0.063393 0.118304
0 0.524079 0.540911 0.063337 0.118234
0 0.524349 0.540527 0.063281 0.118164
0 0.524619 0.540144 0.063225 0.118094
0 0.524888 0.539760 0.063170 0.118025
0 0.525158 0.539376 0.063114 0.117955
0 0.525428 0.538993 0.063058 0.117885
0 0.525698 0.538609 0.063002 0.117815
0 0.525967 0.538225 0.062946 0.117746
0 0.526237 0.537842 0.062891 0.117676
0 0.526507 0.537458 0.062835 0.117606
0 0.526776 0.537074 0.062779 0.117536
0 0.527046 0.536691 0.062723 0.117467
0 0.527316 0.536307 0.062667 0.117397
0 0.527586 0.535924 0.062612 0.117327
0 0.527855 0.535540 0.062556 0.117257
0 0.528125 0.535156 0.062500 0.117188
0 0.528402 0.534627 0.062576 0.117242
0 0.528678 0.534098 0.062652 0.117296
0 0.528955 0.533569 0.062728 0.117350
0 0.529232 0.533040 0.062804 0.117405
0 0.529508 0.532511 0.062880 0.117459
0 0.529785 0.531982 0.062956 0.117513
0 0.530062 0.531453 0.063032 0.117567
0 0.530339 0.530924 0.063108 0.117622
0 0.530615 0.530396 0.063184 0.117676
0 0.530892 0.529867 0.063260 0.117730
0 0.531169 0.529338 0.063336 0.117784
0 0.531445 0.528809 0.063411 0.117839
0 0.531722 0.528280 0.063487 0.117893
0 0.531999 0.527751 0.063563 0.117947
0 0.532275 0.527222 0.063639 0.118001
0 0.532552 0.526693 0.063715 0.118056
0 0.532829 0.526164 0.063791 0.118110
0 0.533105 0.525635 0.063867 0.118164
0 0.533382 0.525106 0.063943 0.118218
0 0.533659 0.524577 0.064019 0.118273
0 0.533936 0.524048 0.064095 0.118327
0 0.534212 0.523519 0.064171 0.118381
0 0.534489 0.522990 0.064247 0.118435
0 0.534766 0.522461 0.064323 0.118490
0 0.535042 0.521932 0.064399 0.118544
0 0.535319 0.521403 0.064475 0.118598
0 0.535596 0.520874 0.064551 0.118652
0 0.535872 0.520345 0.064627 0.118707
0 0.536149 0.519816 0.064703 0.118761
0 0.536426 0.519287 0.064779 0.118815
0 0.536702 0.518758 0.064855 0.118869
0 0.536979 0.518229 0.064931 0.118924
0 0.537256 0.517700 0.065007 0.118978
0 0.537533 0.517171 0.065082 0.119032
0 0.537809 0.516642 0.065158 0.119086
0 0.538086 0.516113 0.065234 0.119141
0 0.538363 0.515584 0.065310 0.119195
0 0.538639 0.515055 0.065386 0.119249
0 0.538916 0.514526 0.065462 0.119303
0 0.539193 0.513997 0.065538 0.119358
0 0.539469 0.513468 0.065614 0.119412
0 0.539746 0.512939 0.065690 0.119466
0 0.540023 0.512410 0.065766 0.119520
0 0.540299 0.511882 0.065842 0.119575
0 0.540576 0.511353 0.065918 0.119629
0 0.540853 0.510824 0.065994 0.119683
0 0.541130 0.510295 0.066070 0.119737
0 0.541406 0.509766 0.066146 0.119792
0 0.541683 0.509237 0.066222 0.119846
0 0.541960 0.508708 0.066298 0.119900
0 0.542236 0.508179 0.066374 0.119954
0 0.542513 0.507650 0.066450 0.120009
0 0.542790 0.507121 0.066526 0.120063
0 0.543066 0.506592 0.066602 0.120117
0 0.543343 0.506063 0.066678 0.120171
0 0.543620 0.505534 0.066753 0.120226
0 0.543896 0.505005 0.066829 0.120280
0 0.544173 0.504476 0.066905 0.120334
0 0.544450 0.503947 0.066981 0.120388
0 0.544727 0.503418 0.067057 0.120443
0 0.545003 0.502889 0.067133 0.120497
0 0.545280 0.502360 0.067209 0.120551
0 0.545557 0.501831 0.067285 0.120605
0 0.545833 0.501302 0.067361 0.120660
0 0.546110 0.500773 0.067437 0.120714
0 0.546387 0.500244 0.067513 0.120768
0 0.546663 0.499715 0.067589 0.120822
0 0.546940 0.499186 0.067665 0.120877
0 0.547217 0.498657 0.067741 0.120931
0 0.547493 0.498128 0.067817 0.120985
0 0.547770 0.497599 0.067893 0.121039
0 0.548047 0.497070 0.067969 0.121094
0 0.548324 0.496541 0.068045 0.121148
0 0.548600 0.496012 0.068121 0.121202
0 0.548877 0.495483 0.068197 0.121257
0 0.549154 0.494954 0.068273 0.121311
0 0.549430 0.494425 0.068349 0.121365
0 0.549707 0.493896 0.068424 0.121419
0 0.549984 0.493368 0.068500 0.121474
0 0.550260 0.492839 0.068576 0.121528
0 0.550537 0.492310 0.068652 0.121582
0 0.550814 0.491781 0.068728 0.121636
0 0.551090 0.491252 0.068804 0.121691
0 0.551367 0.490723 0.068880 0.121745
0 0.551644 0.490194 0.068956 0.121799
0 0.551921 0.489665 0.069032 0.121853
0 0.552197 0.489136 0.069108 0.121908
0 0.552474 0.488607 0.069184 0.121962
0 0.552751 0.488078 0.069260 0.122016
0 0.553027 0.487549 0.069336 0.122070
0 0.553304 0.487020 0.069412 0.122125
0 0.553581 0.486491 0.069488 0.122179
0 0.553857 0.485962 0.069564 0.122233
0 0.554134 0.485433 0.069640 0.122287
0 0.554411 0.484904 0.069716 0.122342
0 0.554688 0.484375 0.069792 0.122396
0 0.554964 0.483846 0.069868 0.122450
0 0.555241 0.483317 0.069944 0.122504
0 0.555518 0.482788 0.070020 0.122559
0 0.555794 0.482259 0.070095 0.122613
0 0.556071 0.481730 0.070171 0.122667
0 0.556348 0.481201 0.070247 0.122721
0 0.556624 0.480672 0.070323 0.122776
0 0.556901 0.480143 0.070399 0.122830
0 0.557178 0.479614 0.070475 0.122884
0 0.557454 0.479085 0.070551 0.122938
0 0.557731 0.478556 0.070627 0.122993
0 0.558008 0.478027 0.070703 0.123047
0 0.558285 0.477498 0.070779 0.123101
0 0.558561 0.476969 0.070855 0.123155
0 0.558838 0.476440 0.070931 0.123210
0 0.559115 0.475911 0.071007 0.123264
0 0.559391 0.475382 0.071083 0.123318
0 0.559668 0.474854 0.071159 0.123372
0 0.559945 0.474325 0.071235 0.123427
0 0.560221 0.473796 0.071311 0.123481
0 0.560498 0.473267 0.071387 0.123535
0 0.560775 0.472738 0.071463 0.123589
0 0.561051 0.472209 0.071539 0.123644
0 0.561328 0.471680 0.071615 0.123698
0 0.561605 0.471151 0.071691 0.123752
0 0.561882 0.470622 0.071766 0.123806
0 0.562158 0.470093 0.071842 0.123861
0 0.562435 0.469564 0.071918 0.123915
0 0.562712 0.469035 0.071994 0.123969
0 0.562988 0.468506 0.072070 0.124023
0 0.563265 0.467977 0.072146 0.124078
0 0.563542 0.467448 0.072222 0.124132
0 0.563818 0.466919 0.072298 0.124186
0 0.564095 0.466390 0.072374 0.124240
0 0.564372 0.465861 0.072450 0.124295
0 0.564648 0.465332 0.072526 0.124349
0 0.564925 0.464803 0.072602 0.124403
0 0.565202 0.464274 0.072678 0.124457
0 0.565479 0.463745 0.072754 0.124512
0 0.565755 0.463216 0.072830 0.124566
0 0.566032 0.462687 0.072906 0.124620
0 0.566309 0.462158 0.072982 0.124674
0 0.566585 0.461629 0.073058 0.124729
0 0.566862 0.461100 0.073134 0.124783
0 0.567139 0.460571 0.073210 0.124837
0 0.567415 0.460042 0.073286 0.124891
0 0.567692 0.459513 0.073362 0.124946
0 0.567969 0.458984 0.073438 0.125000
