0 0.739844 0.689453 0.060937 0.066406
0 0.743638 0.689662 0.060714 0.065709
0 0.747433 0.689872 0.060491 0.065011
0 0.751228 0.690081 0.060268 0.064314
0 0.755022 0.690290 0.060045 0.063616
0 0.758817 0.690499 0.059821 0.062919
0 0.762612 0.690709 0.059598 0.062221
0 0.766406 0.690918 0.059375 0.061523
0 0.770201 0.691127 0.059152 0.060826
0 0.773996 0.691336 0.058929 0.060128
0 0.777790 0.691546 0.058705 0.059431
0 0.781585 0.691755 0.058482 0.058733
0 0.785379 0.691964 0.058259 0.058036
0 0.789174 0.692174 0.058036 0.057338
0 0.792969 0.692383 0.057813 0.056641
0 0.795765 0.692486 0.058141 0.057052
0 0.798561 0.692588 0.058470 0.057463
0 0.801357 0.692691 0.058799 0.057874
0 0.804153 0.692794 0.059128 0.058285
0 0.806949 0.692897 0.059457 0.058697
0 0.809745 0.693000 0.059786 0.059108
0 0.812541 0.693102 0.060115 0.059519
0 0.815337 0.693205 0.060444 0.059930
0 0.818133 0.693308 0.060773 0.060341
0 0.820929 0.693411 0.061102 0.060752
0 0.823725 0.693514 0.061431 0.061164
0 0.826521 0.693616 0.061760 0.061575
0 0.829317 0.693719 0.062089 0.061986
0 0.832113 0.693822 0.062418 0.062397
0 0.834910 0.693925 0.062747 0.062808
0 0.837706 0.694028 0.063076 0.063220
0 0.840502 0.694130 0.063405 0.063631
0 0.843298 0.694233 0.063734 0.064042
0 0.846094 0.694336 0.064062 0.064453
0 0.849250 0.694422 0.064124 0.064281
0 0.852406 0.694508 0.064186 0.064108
0 0.855562 0.694594 0.064248 0.063936
0 0.858718 0.694681 0.064310 0.063764
0 0.861874 0.694767 0.064372 0.063591
0 0.865030 0.694853 0.064434 0.063419
0 0.868186 0.694939 0.064496 0.063247
0 0.871342 0.695025 0.064558 0.063074
0 0.874498 0.695111 0.064620 0.062902
0 0.877654 0.695198 0.064682 0.062730
0 0.880810 0.695284 0.064744 0.062557
0 0.883966 0.695370 0.064806 0.062385
0 0.887122 0.695456 0.064868 0.062213
0 0.890278 0.695542 0.064930 0.062040
0 0.893434 0.695628 0.064992 0.061868
0 0.896590 0.695715 0.065054 0.061696
0 0.899745 0.695801 0.065116 0.061523
0 0.902901 0.695887 0.065178 0.061351
0 0.906057 0.695973 0.065240 0.061179
0 0.909213 0.696059 0.065302 0.061006
0 0.912369 0.696145 0.065364 0.060834
0 0.915525 0.696232 0.065426 0.060662
0 0.918681 0.696318 0.065488 0.060489
0 0.921837 0.696404 0.065550 0.060317
0 0.924993 0.696490 0.065612 0.060145
0 0.928149 0.696576 0.065674 0.059972
0 0.931305 0.696662 0.065736 0.059800
0 0.934461 0.696749 0.065798 0.059628
0 0.937617 0.696835 0.065860 0.059455
0 0.940773 0.696921 0.065922 0.059283
0 0.943929 0.697007 0.065984 0.059111
0 0.947085 0.697093 0.066046 0.058938
0 0.950241 0.697179 0.066108 0.058766
0 0.953397 0.697266 0.066169 0.058594
0 0.053906 0.695312 0.073438 0.058594
0 0.057771 0.695647 0.073520 0.058645
0 0.061637 0.695981 0.073602 0.058697
0 0.065502 0.696315 0.073684 0.058748
0 0.069367 0.696649 0.073766 0.058799
0 0.073232 0.696983 0.073849 0.058851
0 0.077097 0.697317 0.073931 0.058902
0 0.080962 0.697651 0.074013 0.058954
0 0.084827 0.697985 0.074095 0.059005
0 0.088692 0.698319 0.074178 0.059056
0 0.092558 0.698653 0.074260 0.059108
0 0.096423 0.698987 0.074342 0.059159
0 0.100288 0.699322 0.074424 0.059211
0 0.104153 0.699656 0.074507 0.059262
0 0.108018 0.699990 0.074589 0.059313
0 0.111883 0.700324 0.074671 0.059365
0 0.115748 0.700658 0.074753 0.059416
0 0.119613 0.700992 0.074836 0.059468
0 0.123479 0.701326 0.074918 0.059519
0 0.127344 0.701660 0.075000 0.059570
0 0.131209 0.701994 0.075082 0.059622
0 0.135074 0.702328 0.075164 0.059673
0 0.138939 0.702662 0.075247 0.059725
0 0.142804 0.702997 0.075329 0.059776
0 0.146669 0.703331 0.075411 0.059827
0 0.150535 0.703665 0.075493 0.059879
0 0.154400 0.703999 0.075576 0.059930
0 0.158265 0.704333 0.075658 0.059981
0 0.162130 0.704667 0.075740 0.060033
0 0.165995 0.705001 0.075822 0.060084
0 0.169860 0.705335 0.075905 0.060136
0 0.173725 0.705669 0.075987 0.060187
0 0.177590 0.706003 0.076069 0.060238
0 0.181456 0.706337 0.076151 0.060290
0 0.185321 0.706671 0.076234 0.060341
0 0.189186 0.707006 0.076316 0.060393
0 0.193051 0.707340 0.076398 0.060444
0 0.196916 0.707674 0.076480 0.060495
0 0.200781 0.708008 0.076563 0.060547
0 0.204646 0.708342 0.076645 0.060598
0 0.208512 0.708676 0.076727 0.060650
0 0.212377 0.709010 0.076809 0.060701
0 0.216242 0.709344 0.076891 0.060752
0 0.220107 0.709678 0.076974 0.060804
0 0.223972 0.710012 0.077056 0.060855
0 0.227837 0.710346 0.077138 0.060907
0 0.231702 0.710681 0.077220 0.060958
0 0.235567 0.711015 0.077303 0.061009
0 0.239433 0.711349 0.077385 0.061061
0 0.243298 0.711683 0.077467 0.061112
0 0.247163 0.712017 0.077549 0.061164
0 0.251028 0.712351 0.077632 0.061215
0 0.254893 0.712685 0.077714 0.061266
0 0.258758 0.713019 0.077796 0.061318
0 0.262623 0.713353 0.077878 0.061369
0 0.266488 0.713687 0.077961 0.061421
0 0.270354 0.714021 0.078043 0.061472
0 0.274219 0.714355 0.078125 0.061523
0 0.278084 0.714690 0.078207 0.061575
0 0.281949 0.715024 0.078289 0.061626
0 0.285814 0.715358 0.078372 0.061678
0 0.289679 0.715692 0.078454 0.061729
0 0.293544 0.716026 0.078536 0.061780
0 0.297410 0.716360 0.078618 0.061832
0 0.301275 0.716694 0.078701 0.061883
0 0.305140 0.717028 0.078783 0.061935
0 0.309005 0.717362 0.078865 0.061986
0 0.312870 0.717696 0.078947 0.062037
0 0.316735 0.718030 0.079030 0.062089
0 0.320600 0.718365 0.079112 0.062140
0 0.324465 0.718699 0.079194 0.062192
0 0.328331 0.719033 0.079276 0.062243
0 0.332196 0.719367 0.079359 0.062294
0 0.336061 0.719701 0.079441 0.062346
0 0.339926 0.720035 0.079523 0.062397
0 0.343791 0.720369 0.079605 0.062449
0 0.347656 0.720703 0.079687 0.062500
0 0.351903 0.721104 0.079687 0.062550
0 0.356150 0.721504 0.079687 0.062600
0 0.360397 0.721905 0.079687 0.062650
0 0.363281 0.723633 0.079687 0.064453
0 0.368890 0.722706 0.079687 0.062750
0 0.373137 0.723107 0.079687 0.062800
0 0.377384 0.723508 0.079687 0.062851
0 0.381631 0.723908 0.079687 0.062901
0 0.385877 0.724309 0.079687 0.062951
0 0.390124 0.724710 0.079687 0.063001
0 0.394371 0.725110 0.079687 0.063051
0 0.398618 0.725511 0.079687 0.063101
0 0.402865 0.725911 0.079687 0.063151
0 0.407111 0.726312 0.079687 0.063201
0 0.411358 0.726713 0.079687 0.063251
0 0.415605 0.727113 0.079687 0.063301
0 0.419852 0.727514 0.079687 0.063351
0 0.424099 0.727915 0.079687 0.063401
0 0.428345 0.728315 0.079687 0.063452
0 0.432592 0.728716 0.079687 0.063502
0 0.436839 0.729117 0.079687 0.063552
0 0.441086 0.729517 0.079687 0.063602
0 0.445333 0.729918 0.079687 0.063652
0 0.449579 0.730319 0.079687 0.063702
0 0.453826 0.730719 0.079687 0.063752
0 0.458073 0.731120 0.079687 0.063802
0 0.462320 0.731520 0.079687 0.063852
0 0.466567 0.731921 0.079687 0.063902
0 0.470813 0.732322 0.079687 0.063952
0 0.475060 0.732722 0.079687 0.064002
0 0.479307 0.733123 0.079687 0.064052
0 0.483554 0.733524 0.079687 0.064103
0 0.487800 0.733924 0.079687 0.064153
0 0.492047 0.734325 0.079687 0.064203
0 0.496294 0.734726 0.079687 0.064253
0 0.500541 0.735126 0.079687 0.064303
0 0.504788 0.735527 0.079687 0.064353
0 0.509034 0.735927 0.079687 0.064403
0 0.513281 0.736328 0.079687 0.064453
0 0.517528 0.736729 0.079687 0.064503
0 0.521775 0.737129 0.079687 0.064553
0 0.526022 0.737530 0.079687 0.064603
0 0.530268 0.737931 0.079687 0.064653
0 0.534515 0.738331 0.079687 0.064704
0 0.538762 0.738732 0.079687 0.064754
0 0.543009 0.739133 0.079687 0.064804
0 0.547256 0.739533 0.079687 0.064854
0 0.551502 0.739934 0.079687 0.064904
0 0.555749 0.740335 0.079687 0.064954
0 0.559996 0.740735 0.079687 0.065004
0 0.564243 0.741136 0.079687 0.065054
0 0.568490 0.741536 0.079687 0.065104
0 0.572736 0.741937 0.079687 0.065154
0 0.576983 0.742338 0.079687 0.065204
0 0.581230 0.742738 0.079687 0.065254
0 0.585477 0.743139 0.079687 0.065304
0 0.589724 0.743540 0.079687 0.065355
0 0.593970 0.743940 0.079687 0.065405
0 0.598217 0.744341 0.079687 0.065455
0 0.602464 0.744742 0.079687 0.065505
0 0.606711 0.745142 0.079687 0.065555
0 0.610958 0.745543 0.079687 0.065605
0 0.615204 0.745944 0.079687 0.065655
0 0.619451 0.746344 0.079687 0.065705
0 0.623698 0.746745 0.079687 0.065755
0 0.627945 0.747145 0.079687 0.065805
0 0.632192 0.747546 0.079687 0.065855
0 0.636438 0.747947 0.079687 0.065905
0 0.640685 0.748347 0.079687 0.065956
0 0.644932 0.748748 0.079687 0.066006
0 0.649179 0.749149 0.079687 0.066056
0 0.653425 0.749549 0.079687 0.066106
0 0.657672 0.749950 0.079687 0.066156
0 0.661919 0.750351 0.079687 0.066206
0 0.666166 0.750751 0.079687 0.066256
0 0.670413 0.751152 0.079687 0.066306
0 0.674659 0.751552 0.079687 0.066356
0 0.678906 0.751953 0.079687 0.066406
0 0.791406 0.759766 0.079687 0.062500
0 0.796141 0.760002 0.079782 0.062737
0 0.800876 0.760239 0.079877 0.062973
0 0.805611 0.760476 0.079972 0.063210
0 0.810346 0.760713 0.080066 0.063447
0 0.815080 0.760949 0.080161 0.063684
0 0.819815 0.761186 0.080256 0.063920
0 0.824550 0.761423 0.080350 0.064157
0 0.829285 0.761660 0.080445 0.064394
0 0.834020 0.761896 0.080540 0.064631
0 0.838755 0.762133 0.080634 0.064867
0 0.843490 0.762370 0.080729 0.065104
0 0.848224 0.762607 0.080824 0.065341
0 0.852959 0.762843 0.080919 0.065578
0 0.857694 0.763080 0.081013 0.065814
0 0.862429 0.763317 0.081108 0.066051
0 0.867164 0.763554 0.081203 0.066288
0 0.871899 0.763790 0.081297 0.066525
0 0.876634 0.764027 0.081392 0.066761
0 0.881368 0.764264 0.081487 0.066998
0 0.886103 0.764500 0.081581 0.067235
0 0.890838 0.764737 0.081676 0.067472
0 0.895573 0.764974 0.081771 0.067708
0 0.900308 0.765211 0.081866 0.067945
0 0.905043 0.765447 0.081960 0.068182
0 0.909777 0.765684 0.082055 0.068419
0 0.914512 0.765921 0.082150 0.068655
0 0.919247 0.766158 0.082244 0.068892
0 0.923982 0.766394 0.082339 0.069129
0 0.928717 0.766631 0.082434 0.069366
0 0.933452 0.766868 0.082528 0.069602
0 0.938187 0.767105 0.082623 0.069839
0 0.942921 0.767341 0.082718 0.070076
0 0.947656 0.767578 0.082812 0.070312
0 0.738281 0.523438 0.039062 0.042969
0 0.740267 0.521952 0.038997 0.043009
0 0.742253 0.520467 0.038932 0.043050
0 0.744238 0.518982 0.038867 0.043091
0 0.746224 0.517497 0.038802 0.043132
0 0.748210 0.516012 0.038737 0.043172
0 0.750195 0.514526 0.038672 0.043213
0 0.752181 0.513041 0.038607 0.043254
0 0.754167 0.511556 0.038542 0.043294
0 0.756152 0.510071 0.038477 0.043335
0 0.758138 0.508586 0.038411 0.043376
0 0.760124 0.507100 0.038346 0.043416
0 0.762109 0.505615 0.038281 0.043457
0 0.764095 0.504130 0.038216 0.043498
0 0.766081 0.502645 0.038151 0.043538
0 0.768066 0.501160 0.038086 0.043579
0 0.770052 0.499674 0.038021 0.043620
0 0.772038 0.498189 0.037956 0.043660
0 0.774023 0.496704 0.037891 0.043701
0 0.776009 0.495219 0.037826 0.043742
0 0.777995 0.493734 0.037760 0.043783
0 0.779980 0.492249 0.037695 0.043823
0 0.781966 0.490763 0.037630 0.043864
0 0.783952 0.489278 0.037565 0.043905
0 0.785938 0.487793 0.037500 0.043945
0 0.787923 0.486308 0.037435 0.043986
0 0.789909 0.484823 0.037370 0.044027
0 0.791895 0.483337 0.037305 0.044067
0 0.793880 0.481852 0.037240 0.044108
0 0.795866 0.480367 0.037174 0.044149
0 0.797852 0.478882 0.037109 0.044189
0 0.799837 0.477397 0.037044 0.044230
0 0.801823 0.475911 0.036979 0.044271
0 0.803809 0.474426 0.036914 0.044312
0 0.805794 0.472941 0.036849 0.044352
0 0.807780 0.471456 0.036784 0.044393
0 0.809766 0.469971 0.036719 0.044434
0 0.811751 0.468486 0.036654 0.044474
0 0.813737 0.467000 0.036589 0.044515
0 0.815723 0.465515 0.036523 0.044556
0 0.817708 0.464030 0.036458 0.044596
0 0.819694 0.462545 0.036393 0.044637
0 0.821680 0.461060 0.036328 0.044678
0 0.823665 0.459574 0.036263 0.044718
0 0.825651 0.458089 0.036198 0.044759
0 0.827637 0.456604 0.036133 0.044800
0 0.829622 0.455119 0.036068 0.044840
0 0.831608 0.453634 0.036003 0.044881
0 0.833594 0.452148 0.035937 0.044922
