0 0.461719 0.516602 0.129688 0.072266
0 0.462626 0.516450 0.129717 0.072253
0 0.463534 0.516298 0.129746 0.072241
0 0.464441 0.516147 0.129775 0.072229
0 0.465348 0.515995 0.129804 0.072217
0 0.466256 0.515843 0.129833 0.072205
0 0.467163 0.515692 0.129862 0.072193
0 0.468071 0.515540 0.129891 0.072181
0 0.468978 0.515388 0.129920 0.072169
0 0.469885 0.515237 0.129950 0.072156
0 0.470793 0.515085 0.129979 0.072144
0 0.471700 0.514934 0.130008 0.072132
0 0.472608 0.514782 0.130037 0.072120
0 0.473515 0.514630 0.130066 0.072108
0 0.474423 0.514479 0.130095 0.072096
0 0.475330 0.514327 0.130124 0.072084
0 0.476237 0.514175 0.130153 0.072072
0 0.477145 0.514024 0.130182 0.072059
0 0.478052 0.513872 0.130212 0.072047
0 0.478960 0.513720 0.130241 0.072035
0 0.479867 0.513569 0.130270 0.072023
0 0.480774 0.513417 0.130299 0.072011
0 0.481682 0.513265 0.130328 0.071999
0 0.482589 0.513114 0.130357 0.071987
0 0.483497 0.512962 0.130386 0.071974
0 0.484404 0.512811 0.130415 0.071962
0 0.485312 0.512659 0.130444 0.071950
0 0.486219 0.512507 0.130474 0.071938
0 0.487126 0.512356 0.130503 0.071926
0 0.488034 0.512204 0.130532 0.071914
0 0.488941 0.512052 0.130561 0.071902
0 0.489849 0.511901 0.130590 0.071890
0 0.490756 0.511749 0.130619 0.071877
0 0.491663 0.511597 0.130648 0.071865
0 0.492571 0.511446 0.130677 0.071853
0 0.493478 0.511294 0.130707 0.071841
0 0.494386 0.511143 0.130736 0.071829
0 0.495293 0.510991 0.130765 0.071817
0 0.496201 0.510839 0.130794 0.071805
0 0.497108 0.510688 0.130823 0.071793
0 0.498015 0.510536 0.130852 0.071780
0 0.498923 0.510384 0.130881 0.071768
0 0.499830 0.510233 0.130910 0.071756
0 0.500738 0.510081 0.130939 0.071744
0 0.501645 0.509929 0.130969 0.071732
0 0.502552 0.509778 0.130998 0.071720
0 0.503460 0.509626 0.131027 0.071708
0 0.504367 0.509474 0.131056 0.071695
0 0.505275 0.509323 0.131085 0.071683
0 0.506182 0.509171 0.131114 0.071671
0 0.507089 0.509020 0.131143 0.071659
0 0.507997 0.508868 0.131172 0.071647
0 0.508904 0.508716 0.131201 0.071635
0 0.509812 0.508565 0.131231 0.071623
0 0.510719 0.508413 0.131260 0.071611
0 0.511627 0.508261 0.131289 0.071598
0 0.512534 0.508110 0.131318 0.071586
0 0.513441 0.507958 0.131347 0.071574
0 0.514349 0.507806 0.131376 0.071562
0 0.515256 0.507655 0.131405 0.071550
0 0.516164 0.507503 0.131434 0.071538
0 0.517071 0.507352 0.131464 0.071526
0 0.517978 0.507200 0.131493 0.071513
0 0.518886 0.507048 0.131522 0.071501
0 0.519793 0.506897 0.131551 0.071489
0 0.520701 0.506745 0.131580 0.071477
0 0.521608 0.506593 0.131609 0.071465
0 0.522516 0.506442 0.131638 0.071453
0 0.523423 0.506290 0.131667 0.071441
0 0.524330 0.506138 0.131696 0.071429
0 0.525238 0.505987 0.131726 0.071416
0 0.526145 0.505835 0.131755 0.071404
0 0.527053 0.505683 0.131784 0.071392
0 0.527960 0.505532 0.131813 0.071380
0 0.528867 0.505380 0.131842 0.071368
0 0.529775 0.505229 0.131871 0.071356
0 0.530682 0.505077 0.131900 0.071344
0 0.531590 0.504925 0.131929 0.071332
0 0.532497 0.504774 0.131958 0.071319
0 0.533405 0.504622 0.131988 0.071307
0 0.534312 0.504470 0.132017 0.071295
0 0.535219 0.504319 0.132046 0.071283
0 0.536127 0.504167 0.132075 0.071271
0 0.537034 0.504015 0.132104 0.071259
0 0.537942 0.503864 0.132133 0.071247
0 0.538849 0.503712 0.132162 0.071234
0 0.539756 0.503561 0.132191 0.071222
0 0.540664 0.503409 0.132220 0.071210
0 0.541571 0.503257 0.132250 0.071198
0 0.542479 0.503106 0.132279 0.071186
0 0.543386 0.502954 0.132308 0.071174
0 0.544293 0.502802 0.132337 0.071162
0 0.545201 0.502651 0.132366 0.071150
0 0.546108 0.502499 0.132395 0.071137
0 0.547016 0.502347 0.132424 0.071125
0 0.547923 0.502196 0.132453 0.071113
0 0.548831 0.502044 0.132483 0.071101
0 0.549738 0.501892 0.132512 0.071089
0 0.550645 0.501741 0.132541 0.071077
0 0.551553 0.501589 0.132570 0.071065
0 0.552460 0.501438 0.132599 0.071053
0 0.553368 0.501286 0.132628 0.071040
0 0.554275 0.501134 0.132657 0.071028
0 0.555182 0.500983 0.132686 0.071016
0 0.556090 0.500831 0.132715 0.071004
0 0.556997 0.500679 0.132745 0.070992
0 0.557905 0.500528 0.132774 0.070980
0 0.558812 0.500376 0.132803 0.070968
0 0.559720 0.500224 0.132832 0.070955
0 0.560627 0.500073 0.132861 0.070943
0 0.561534 0.499921 0.132890 0.070931
0 0.562442 0.499770 0.132919 0.070919
0 0.563349 0.499618 0.132948 0.070907
0 0.564257 0.499466 0.132977 0.070895
0 0.565164 0.499315 0.133007 0.070883
0 0.566071 0.499163 0.133036 0.070871
0 0.566979 0.499011 0.133065 0.070858
0 0.567886 0.498860 0.133094 0.070846
0 0.568794 0.498708 0.133123 0.070834
0 0.569701 0.498556 0.133152 0.070822
0 0.570609 0.498405 0.133181 0.070810
0 0.571516 0.498253 0.133210 0.070798
0 0.572423 0.498101 0.133240 0.070786
0 0.573331 0.497950 0.133269 0.070773
0 0.574238 0.497798 0.133298 0.070761
0 0.575146 0.497647 0.133327 0.070749
0 0.576053 0.497495 0.133356 0.070737
0 0.576960 0.497343 0.133385 0.070725
0 0.577868 0.497192 0.133414 0.070713
0 0.578775 0.497040 0.133443 0.070701
0 0.579683 0.496888 0.133472 0.070689
0 0.580590 0.496737 0.133502 0.070676
0 0.581497 0.496585 0.133531 0.070664
0 0.582405 0.496433 0.133560 0.070652
0 0.583312 0.496282 0.133589 0.070640
0 0.584220 0.496130 0.133618 0.070628
0 0.585127 0.495979 0.133647 0.070616
0 0.586035 0.495827 0.133676 0.070604
0 0.586942 0.495675 0.133705 0.070592
0 0.587849 0.495524 0.133734 0.070579
0 0.588757 0.495372 0.133764 0.070567
0 0.589664 0.495220 0.133793 0.070555
0 0.590572 0.495069 0.133822 0.070543
0 0.591479 0.494917 0.133851 0.070531
0 0.592386 0.494765 0.133880 0.070519
0 0.593294 0.494614 0.133909 0.070507
0 0.594201 0.494462 0.133938 0.070494
0 0.595109 0.494310 0.133967 0.070482
0 0.596016 0.494159 0.133997 0.070470
0 0.596924 0.494007 0.134026 0.070458
0 0.597831 0.493856 0.134055 0.070446
0 0.598738 0.493704 0.134084 0.070434
0 0.599646 0.493552 0.134113 0.070422
0 0.600553 0.493401 0.134142 0.070410
0 0.601461 0.493249 0.134171 0.070397
0 0.602368 0.493097 0.134200 0.070385
0 0.603275 0.492946 0.134229 0.070373
0 0.604183 0.492794 0.134259 0.070361
0 0.605090 0.492642 0.134288 0.070349
0 0.605998 0.492491 0.134317 0.070337
0 0.606905 0.492339 0.134346 0.070325
0 0.607812 0.492188 0.134375 0.070312
0 0.608764 0.492175 0.134356 0.070361
0 0.609715 0.492163 0.134336 0.070410
0 0.610666 0.492151 0.134317 0.070458
0 0.611617 0.492139 0.134297 0.070507
0 0.612568 0.492127 0.134278 0.070555
0 0.613519 0.492115 0.134259 0.070604
0 0.614470 0.492103 0.134239 0.070652
0 0.615421 0.492090 0.134220 0.070701
0 0.616372 0.492078 0.134200 0.070749
0 0.617323 0.492066 0.134181 0.070798
0 0.618274 0.492054 0.134161 0.070846
0 0.619226 0.492042 0.134142 0.070895
0 0.620177 0.492030 0.134123 0.070943
0 0.621128 0.492018 0.134103 0.070992
0 0.622079 0.492006 0.134084 0.071040
0 0.623030 0.491993 0.134064 0.071089
0 0.623981 0.491981 0.134045 0.071137
0 0.624932 0.491969 0.134026 0.071186
0 0.625883 0.491957 0.134006 0.071234
0 0.626834 0.491945 0.133987 0.071283
0 0.627785 0.491933 0.133967 0.071332
0 0.628736 0.491921 0.133948 0.071380
0 0.629688 0.491908 0.133929 0.071429
0 0.630639 0.491896 0.133909 0.071477
0 0.631590 0.491884 0.133890 0.071526
0 0.632541 0.491872 0.133870 0.071574
0 0.633492 0.491860 0.133851 0.071623
0 0.634443 0.491848 0.133832 0.071671
0 0.635394 0.491836 0.133812 0.071720
0 0.636345 0.491824 0.133793 0.071768
0 0.637296 0.491811 0.133773 0.071817
0 0.638247 0.491799 0.133754 0.071865
0 0.639198 0.491787 0.133734 0.071914
0 0.640149 0.491775 0.133715 0.071962
0 0.641101 0.491763 0.133696 0.072011
0 0.642052 0.491751 0.133676 0.072059
0 0.643003 0.491739 0.133657 0.072108
0 0.643954 0.491727 0.133637 0.072156
0 0.644905 0.491714 0.133618 0.072205
0 0.645856 0.491702 0.133599 0.072253
0 0.646807 0.491690 0.133579 0.072302
0 0.647758 0.491678 0.133560 0.072351
0 0.648709 0.491666 0.133540 0.072399
0 0.649660 0.491654 0.133521 0.072448
0 0.650611 0.491642 0.133502 0.072496
0 0.651563 0.491629 0.133482 0.072545
0 0.652514 0.491617 0.133463 0.072593
0 0.653465 0.491605 0.133443 0.072642
0 0.654416 0.491593 0.133424 0.072690
0 0.655367 0.491581 0.133405 0.072739
0 0.656318 0.491569 0.133385 0.072787
0 0.657269 0.491557 0.133366 0.072836
0 0.658220 0.491545 0.133346 0.072884
0 0.659171 0.491532 0.133327 0.072933
0 0.660122 0.491520 0.133307 0.072981
0 0.661073 0.491508 0.133288 0.073030
0 0.662024 0.491496 0.133269 0.073078
0 0.662976 0.491484 0.133249 0.073127
0 0.663927 0.491472 0.133230 0.073175
0 0.664878 0.491460 0.133210 0.073224
0 0.665829 0.491447 0.133191 0.073273
0 0.666780 0.491435 0.133172 0.073321
0 0.667731 0.491423 0.133152 0.073370
0 0.668682 0.491411 0.133133 0.073418
0 0.669633 0.491399 0.133113 0.073467
0 0.670584 0.491387 0.133094 0.073515
0 0.671535 0.491375 0.133075 0.073564
0 0.672486 0.491363 0.133055 0.073612
0 0.673438 0.491350 0.133036 0.073661
0 0.674389 0.491338 0.133016 0.073709
0 0.675340 0.491326 0.132997 0.073758
0 0.676291 0.491314 0.132977 0.073806
0 0.677242 0.491302 0.132958 0.073855
0 0.678193 0.491290 0.132939 0.073903
0 0.679144 0.491278 0.132919 0.073952
0 0.680095 0.491266 0.132900 0.074000
0 0.681046 0.491253 0.132880 0.074049
0 0.681997 0.491241 0.132861 0.074097
0 0.682948 0.491229 0.132842 0.074146
0 0.683899 0.491217 0.132822 0.074194
0 0.684851 0.491205 0.132803 0.074243
0 0.685802 0.491193 0.132783 0.074292
0 0.686753 0.491181 0.132764 0.074340
0 0.687704 0.491168 0.132745 0.074389
0 0.688655 0.491156 0.132725 0.074437
0 0.689606 0.491144 0.132706 0.074486
0 0.690557 0.491132 0.132686 0.074534
0 0.691508 0.491120 0.132667 0.074583
0 0.692459 0.491108 0.132648 0.074631
0 0.693410 0.491096 0.132628 0.074680
0 0.694361 0.491084 0.132609 0.074728
0 0.695313 0.491071 0.132589 0.074777
0 0.696264 0.491059 0.132570 0.074825
0 0.697215 0.491047 0.132550 0.074874
0 0.698166 0.491035 0.132531 0.074922
0 0.699117 0.491023 0.132512 0.074971
0 0.700068 0.491011 0.132492 0.075019
0 0.701019 0.490999 0.132473 0.075068
0 0.701970 0.490987 0.132453 0.075116
0 0.702921 0.490974 0.132434 0.075165
0 0.703872 0.490962 0.132415 0.075214
0 0.704823 0.490950 0.132395 0.075262
0 0.705774 0.490938 0.132376 0.075311
0 0.706726 0.490926 0.132356 0.075359
0 0.707677 0.490914 0.132337 0.075408
0 0.708628 0.490902 0.132318 0.075456
0 0.709579 0.490889 0.132298 0.075505
0 0.710530 0.490877 0.132279 0.075553
0 0.711481 0.490865 0.132259 0.075602
0 0.712432 0.490853 0.132240 0.075650
0 0.713383 0.490841 0.132220 0.075699
0 0.714334 0.490829 0.132201 0.075747
0 0.715285 0.490817 0.132182 0.075796
0 0.716236 0.490805 0.132162 0.075844
0 0.717188 0.490792 0.132143 0.075893
0 0.718139 0.490780 0.132123 0.075941
0 0.719090 0.490768 0.132104 0.075990
0 0.720041 0.490756 0.132085 0.076038
0 0.720992 0.490744 0.132065 0.076087
0 0.721943 0.490732 0.132046 0.076135
0 0.722894 0.490720 0.132026 0.076184
0 0.723845 0.490707 0.132007 0.076233
0 0.724796 0.490695 0.131988 0.076281
0 0.725747 0.490683 0.131968 0.076330
0 0.726698 0.490671 0.131949 0.076378
0 0.727649 0.490659 0.131929 0.076427
0 0.728601 0.490647 0.131910 0.076475
0 0.729552 0.490635 0.131891 0.076524
0 0.730503 0.490623 0.131871 0.076572
0 0.731454 0.490610 0.131852 0.076621
0 0.732405 0.490598 0.131832 0.076669
0 0.733356 0.490586 0.131813 0.076718
0 0.734307 0.490574 0.131793 0.076766
0 0.735258 0.490562 0.131774 0.076815
0 0.736209 0.490550 0.131755 0.076863
0 0.737160 0.490538 0.131735 0.076912
0 0.738111 0.490526 0.131716 0.076960
0 0.739063 0.490513 0.131696 0.077009
0 0.740014 0.490501 0.131677 0.077057
0 0.740965 0.490489 0.131658 0.077106
0 0.741916 0.490477 0.131638 0.077155
0 0.742867 0.490465 0.131619 0.077203
0 0.743818 0.490453 0.131599 0.077252
0 0.744769 0.490441 0.131580 0.077300
0 0.745720 0.490428 0.131561 0.077349
0 0.746671 0.490416 0.131541 0.077397
0 0.747622 0.490404 0.131522 0.077446
0 0.748573 0.490392 0.131502 0.077494
0 0.749524 0.490380 0.131483 0.077543
0 0.750476 0.490368 0.131464 0.077591
0 0.751427 0.490356 0.131444 0.077640
0 0.752378 0.490344 0.131425 0.077688
0 0.753329 0.490331 0.131405 0.077737
0 0.754280 0.490319 0.131386 0.077785
0 0.755231 0.490307 0.131366 0.077834
0 0.756182 0.490295 0.131347 0.077882
0 0.757133 0.490283 0.131328 0.077931
0 0.758084 0.490271 0.131308 0.077979
0 0.759035 0.490259 0.131289 0.078028
0 0.759986 0.490247 0.131269 0.078076
0 0.760938 0.490234 0.131250 0.078125
