0 0.560706 0.717228 0.059295 0.044932
0 0.560861 0.717283 0.059222 0.044866
0 0.560896 0.717340 0.059217 0.044850
0 0.560996 0.717331 0.059239 0.044888
0 0.561135 0.717322 0.059286 0.044915
0 0.561283 0.717276 0.059488 0.045050
0 0.561615 0.717277 0.059849 0.045336
0 0.561751 0.717208 0.059868 0.045402
0 0.561903 0.717155 0.059813 0.045421
0 0.562303 0.717090 0.059545 0.045312
0 0.562310 0.717109 0.059511 0.045241
0 0.562552 0.717151 0.059481 0.045202
0 0.562592 0.717165 0.059489 0.045196
0 0.562865 0.717160 0.059675 0.045316
0 0.562864 0.717133 0.059705 0.045354
0 0.563168 0.717149 0.060023 0.045558
0 0.563298 0.717082 0.060063 0.045687
0 0.563435 0.717080 0.059974 0.045649
0 0.563613 0.717086 0.059777 0.045477
0 0.563768 0.716982 0.059690 0.045473
0 0.563883 0.716985 0.059602 0.045422
0 0.564024 0.717014 0.059533 0.045370
0 0.564210 0.716998 0.059544 0.045384
0 0.564299 0.717018 0.059608 0.045453
0 0.564507 0.716903 0.059985 0.045842
0 0.564684 0.716813 0.060186 0.046051
0 0.564781 0.716773 0.060207 0.046099
0 0.565013 0.716761 0.060107 0.046043
0 0.565231 0.716729 0.059938 0.045928
0 0.565269 0.716710 0.059892 0.045903
0 0.565549 0.716611 0.059811 0.045942
0 0.565650 0.716490 0.059845 0.046034
0 0.565801 0.716507 0.059883 0.046059
0 0.565973 0.716394 0.060012 0.046152
0 0.566092 0.716419 0.060151 0.046227
0 0.566442 0.716318 0.060177 0.046182
0 0.566801 0.716348 0.059923 0.046020
0 0.566949 0.716314 0.059786 0.045939
0 0.567019 0.716339 0.059733 0.045910
0 0.567173 0.716290 0.059636 0.045798
0 0.567255 0.716248 0.059608 0.045715
0 0.567303 0.716246 0.059628 0.045709
0 0.567608 0.716255 0.059850 0.045843
0 0.567702 0.716264 0.060013 0.045944
0 0.567878 0.716252 0.060095 0.045981
0 0.568308 0.716218 0.059781 0.045726
0 0.568315 0.716198 0.059750 0.045669
0 0.568651 0.716199 0.059582 0.045610
0 0.568670 0.716103 0.059493 0.045430
0 0.568973 0.716087 0.059538 0.045396
0 0.568957 0.716124 0.059564 0.045421
0 0.569223 0.716136 0.059861 0.045619
0 0.569222 0.716107 0.059902 0.045689
0 0.569627 0.716096 0.059949 0.045682
0 0.569717 0.716090 0.059900 0.045657
0 0.569911 0.716000 0.059608 0.045326
0 0.570119 0.715943 0.059359 0.045090
0 0.570362 0.715943 0.059272 0.045039
0 0.570430 0.715931 0.059348 0.045164
0 0.570762 0.715953 0.059629 0.045367
0 0.570904 0.715970 0.059801 0.045469
0 0.571088 0.715982 0.059796 0.045480
0 0.571319 0.715974 0.059689 0.045407
0 0.571591 0.715841 0.059344 0.045074
0 0.571600 0.715630 0.059199 0.044799
0 0.571983 0.715612 0.059095 0.044718
0 0.572052 0.715623 0.059101 0.044717
0 0.572224 0.715614 0.059210 0.044802
0 0.572321 0.715584 0.059323 0.044895
0 0.572735 0.715457 0.059469 0.045014
0 0.572787 0.715465 0.059416 0.044958
0 0.573147 0.715421 0.059164 0.044789
0 0.573234 0.715492 0.059132 0.044778
0 0.573468 0.715486 0.059097 0.044746
0 0.573530 0.715511 0.059085 0.044729
0 0.573766 0.715245 0.059300 0.044986
0 0.573815 0.715252 0.059341 0.044996
0 0.573990 0.715421 0.059548 0.045076
0 0.574250 0.715368 0.059598 0.045116
0 0.574525 0.715338 0.059407 0.045006
0 0.574762 0.715307 0.059218 0.044846
0 0.574882 0.715295 0.059154 0.044821
0 0.575022 0.715320 0.059118 0.044779
0 0.575186 0.715262 0.059201 0.044864
0 0.575452 0.715256 0.059380 0.045007
0 0.575539 0.715127 0.059618 0.045300
0 0.575870 0.715129 0.059736 0.045396
0 0.575955 0.714821 0.059990 0.045951
0 0.576297 0.714833 0.059719 0.045747
0 0.576494 0.714824 0.059635 0.045725
0 0.576614 0.714974 0.059538 0.045536
0 0.576894 0.715000 0.059599 0.045507
0 0.577065 0.714990 0.059821 0.045623
0 0.577140 0.714747 0.060168 0.046218
0 0.577429 0.714713 0.060263 0.046366
0 0.577579 0.714664 0.060171 0.046346
0 0.577944 0.714729 0.059831 0.046060
0 0.577972 0.714747 0.059814 0.046042
0 0.578123 0.714706 0.059800 0.046061
0 0.578251 0.714637 0.059834 0.046127
0 0.578525 0.714610 0.060008 0.046252
0 0.578533 0.714514 0.060091 0.046369
0 0.578968 0.714458 0.060325 0.046536
0 0.579030 0.714449 0.060309 0.046518
0 0.579381 0.714446 0.060032 0.046337
0 0.579433 0.714372 0.060022 0.046336
0 0.579760 0.714373 0.059962 0.046314
0 0.579871 0.714338 0.059985 0.046298
0 0.580024 0.714287 0.060070 0.046287
0 0.580138 0.714280 0.060168 0.046314
0 0.580534 0.714212 0.060282 0.046291
0 0.580614 0.713950 0.059897 0.045641
0 0.580758 0.713920 0.059830 0.045665
0 0.581070 0.713896 0.059598 0.045560
0 0.581189 0.713914 0.059552 0.045554
0 0.581498 0.713871 0.059546 0.045499
0 0.581522 0.713840 0.059551 0.045469
0 0.581872 0.713843 0.059848 0.045633
0 0.581992 0.713727 0.059804 0.045486
0 0.582367 0.713680 0.059611 0.045342
0 0.582485 0.713636 0.059519 0.045281
0 0.582816 0.713357 0.059392 0.045221
0 0.582855 0.713391 0.059362 0.045187
0 0.583145 0.713352 0.059490 0.045288
0 0.583263 0.713328 0.059622 0.045385
0 0.583427 0.713379 0.059808 0.045492
0 0.583915 0.713299 0.059725 0.045488
0 0.584118 0.713289 0.059541 0.045379
0 0.584313 0.713086 0.059528 0.045494
0 0.584420 0.713070 0.059581 0.045579
0 0.584543 0.712997 0.059686 0.045736
0 0.584922 0.713010 0.060054 0.045968
0 0.585256 0.712943 0.060199 0.046159
0 0.585378 0.712955 0.060158 0.046193
0 0.585662 0.712856 0.059999 0.046213
0 0.585730 0.712684 0.060071 0.046424
0 0.585939 0.712614 0.060049 0.046452
0 0.586023 0.712624 0.060040 0.046427
0 0.586212 0.712287 0.060081 0.046361
0 0.586597 0.712393 0.060526 0.046735
0 0.586653 0.712354 0.060505 0.046685
0 0.587111 0.712314 0.060257 0.046545
0 0.587196 0.712220 0.060101 0.046347
0 0.587500 0.712178 0.059921 0.046170
0 0.587558 0.712179 0.059859 0.046088
0 0.587888 0.712190 0.060055 0.046218
0 0.587962 0.712111 0.059969 0.045995
0 0.588389 0.712098 0.060128 0.046094
0 0.588469 0.712003 0.059991 0.045919
0 0.588802 0.711994 0.059782 0.045877
0 0.588970 0.711970 0.059635 0.045689
0 0.589020 0.711883 0.059473 0.045410
0 0.589351 0.711809 0.059461 0.045275
0 0.589393 0.711870 0.059545 0.045411
0 0.589845 0.711535 0.059725 0.045365
0 0.589871 0.711647 0.059704 0.045327
0 0.590337 0.711621 0.059403 0.045092
0 0.590370 0.711690 0.059364 0.045074
0 0.590559 0.711649 0.059270 0.045009
0 0.590838 0.711355 0.059356 0.045153
0 0.590864 0.711360 0.059349 0.045097
0 0.591269 0.711381 0.059709 0.045312
0 0.591356 0.711226 0.059847 0.045530
0 0.591741 0.711169 0.059667 0.045431
0 0.591844 0.711180 0.059532 0.045312
0 0.592172 0.711183 0.059396 0.045240
0 0.592218 0.711167 0.059467 0.045338
0 0.592420 0.711002 0.059749 0.045764
0 0.592808 0.710987 0.060197 0.046098
0 0.592861 0.710976 0.060195 0.046049
0 0.593322 0.710995 0.059980 0.045925
0 0.593366 0.710958 0.060004 0.046052
0 0.593712 0.710893 0.059915 0.046103
0 0.593916 0.710723 0.060058 0.046333
0 0.593919 0.710701 0.060043 0.046309
0 0.594250 0.710663 0.060403 0.046552
0 0.594361 0.710668 0.060545 0.046634
0 0.594789 0.710582 0.060403 0.046549
0 0.594853 0.710572 0.060359 0.046547
0 0.595205 0.710573 0.060120 0.046400
0 0.595283 0.710560 0.060105 0.046396
0 0.595600 0.710518 0.060210 0.046459
0 0.595713 0.710307 0.060149 0.046192
0 0.596117 0.710292 0.060338 0.046257
0 0.596271 0.710293 0.060252 0.046198
0 0.596630 0.710266 0.059955 0.046041
0 0.596728 0.710276 0.059930 0.046051
0 0.597074 0.710253 0.059952 0.046053
0 0.597363 0.710218 0.060147 0.046104
0 0.597415 0.710178 0.060158 0.046003
0 0.597877 0.710196 0.060135 0.046008
0 0.598261 0.710137 0.059757 0.045708
0 0.598280 0.710163 0.059769 0.045729
0 0.598508 0.710086 0.059610 0.045491
0 0.598630 0.710073 0.059582 0.045384
0 0.598866 0.710052 0.059687 0.045340
0 0.599074 0.710091 0.060040 0.045672
0 0.599377 0.709983 0.059822 0.045352
0 0.599486 0.709984 0.059787 0.045417
0 0.599887 0.709937 0.059438 0.045094
0 0.599954 0.709897 0.059415 0.045089
0 0.600276 0.709940 0.059498 0.045155
0 0.600503 0.709898 0.059720 0.045256
0 0.600584 0.709910 0.059848 0.045316
0 0.601092 0.709895 0.059694 0.045241
0 0.601157 0.709890 0.059619 0.045222
0 0.601530 0.709843 0.059406 0.045074
0 0.601790 0.709418 0.059472 0.045123
0 0.602122 0.709509 0.059711 0.045212
0 0.602313 0.709464 0.059786 0.045285
0 0.602792 0.709395 0.059569 0.045176
0 0.603098 0.709234 0.059558 0.045336
0 0.603177 0.709220 0.059564 0.045352
0 0.603423 0.709275 0.059638 0.045390
0 0.603667 0.709198 0.059949 0.045668
0 0.603713 0.709222 0.059968 0.045617
0 0.603807 0.709222 0.060008 0.045654
0 0.604348 0.709075 0.059828 0.045692
0 0.604523 0.709177 0.059629 0.045404
0 0.604766 0.709234 0.059518 0.045214
0 0.604872 0.709299 0.059570 0.045226
0 0.605340 0.709056 0.060282 0.046049
0 0.605435 0.709104 0.060135 0.045831
0 0.605910 0.709154 0.059692 0.045406
0 0.606175 0.709094 0.059658 0.045526
0 0.606220 0.709119 0.059693 0.045576
0 0.606546 0.708808 0.060163 0.046269
0 0.606616 0.708722 0.060282 0.046457
0 0.607072 0.708669 0.060524 0.046612
0 0.607239 0.708650 0.060403 0.046543
0 0.607572 0.708659 0.060121 0.046349
0 0.607822 0.708560 0.060055 0.046320
0 0.607939 0.708544 0.060101 0.046332
0 0.608312 0.708557 0.060442 0.046541
0 0.608544 0.708509 0.060522 0.046554
0 0.608912 0.708510 0.060355 0.046507
0 0.609122 0.708163 0.059799 0.045664
0 0.609372 0.708128 0.059577 0.045322
0 0.609726 0.708093 0.059622 0.045289
0 0.609736 0.708004 0.059594 0.045181
0 0.610088 0.708026 0.059868 0.045369
0 0.610252 0.707972 0.059799 0.045277
0 0.610594 0.707917 0.059563 0.045131
0 0.610687 0.707963 0.059492 0.045063
0 0.610989 0.707952 0.059398 0.045009
0 0.611156 0.707896 0.059412 0.044981
0 0.611534 0.707898 0.059781 0.045267
0 0.611596 0.707861 0.059869 0.045385
0 0.611795 0.707854 0.059869 0.045398
0 0.612199 0.707782 0.059556 0.045151
0 0.612337 0.707761 0.059445 0.045073
0 0.612521 0.707765 0.059402 0.045019
0 0.612845 0.707663 0.059575 0.045168
0 0.613140 0.707627 0.059918 0.045447
0 0.613497 0.707524 0.059760 0.045261
0 0.613544 0.707508 0.059711 0.045216
0 0.613912 0.707355 0.059482 0.045116
0 0.613938 0.707246 0.059648 0.045422
0 0.614255 0.707230 0.059669 0.045450
0 0.614607 0.707100 0.060155 0.045897
0 0.614634 0.707111 0.060178 0.045892
0 0.615159 0.706858 0.060234 0.046220
0 0.615240 0.706811 0.060179 0.046207
0 0.615588 0.706794 0.060023 0.046135
0 0.615751 0.706724 0.060096 0.046206
0 0.615862 0.706756 0.060140 0.046234
0 0.616262 0.706674 0.060536 0.046506
0 0.616457 0.706547 0.060469 0.046420
0 0.616841 0.706510 0.060129 0.046184
0 0.616945 0.706527 0.060059 0.046172
0 0.617274 0.706422 0.059909 0.045944
0 0.617592 0.706374 0.060054 0.045953
0 0.617662 0.706296 0.059986 0.045717
0 0.618050 0.706218 0.060039 0.045659
0 0.618164 0.706112 0.059821 0.045345
0 0.618560 0.706048 0.059433 0.044998
0 0.618655 0.706032 0.059376 0.044928
0 0.619000 0.705987 0.059422 0.044995
0 0.619064 0.705963 0.059505 0.045102
0 0.619506 0.705927 0.059888 0.045461
0 0.619621 0.705829 0.059884 0.045493
0 0.620023 0.705726 0.059569 0.045246
0 0.620131 0.705732 0.059486 0.045167
0 0.620443 0.705683 0.059409 0.045085
0 0.620535 0.705663 0.059452 0.045107
0 0.620883 0.705606 0.059832 0.045427
0 0.621316 0.705524 0.059768 0.045348
0 0.621476 0.705505 0.059609 0.045189
0 0.621670 0.705250 0.059581 0.045280
0 0.621901 0.705222 0.059545 0.045259
0 0.622167 0.705241 0.059664 0.045332
0 0.622220 0.705189 0.059803 0.045505
0 0.622586 0.705038 0.060368 0.046157
0 0.622759 0.705101 0.060208 0.045904
0 0.623166 0.705014 0.059962 0.045870
0 0.623359 0.704758 0.060082 0.046184
0 0.623583 0.704710 0.060128 0.046217
0 0.623886 0.704674 0.060415 0.046388
0 0.623948 0.704652 0.060515 0.046413
0 0.624450 0.704624 0.060420 0.046334
0 0.624603 0.704448 0.060085 0.045857
0 0.624951 0.704460 0.059857 0.045721
0 0.625136 0.704379 0.059724 0.045454
0 0.625621 0.704336 0.060003 0.045516
0 0.625678 0.704319 0.060043 0.045561
0 0.626145 0.704263 0.059703 0.045246
0 0.626242 0.704182 0.059555 0.045067
0 0.626563 0.704102 0.059375 0.044922
