0 0.243750 0.634766 0.037500 0.042969
0 0.244233 0.634766 0.037500 0.042898
0 0.244716 0.634766 0.037500 0.042827
0 0.245199 0.634766 0.037500 0.042756
0 0.245682 0.634766 0.037500 0.042685
0 0.246165 0.634766 0.037500 0.042614
0 0.246648 0.634766 0.037500 0.042543
0 0.247131 0.634766 0.037500 0.042472
0 0.247614 0.634766 0.037500 0.042401
0 0.248097 0.634766 0.037500 0.042330
0 0.248580 0.634766 0.037500 0.042259
0 0.249062 0.634766 0.037500 0.042188
0 0.249545 0.634766 0.037500 0.042116
0 0.250028 0.634766 0.037500 0.042045
0 0.250511 0.634766 0.037500 0.041974
0 0.250994 0.634766 0.037500 0.041903
0 0.251477 0.634766 0.037500 0.041832
0 0.251960 0.634766 0.037500 0.041761
0 0.252443 0.634766 0.037500 0.041690
0 0.252926 0.634766 0.037500 0.041619
0 0.253409 0.634766 0.037500 0.041548
0 0.253892 0.634766 0.037500 0.041477
0 0.254375 0.634766 0.037500 0.041406
0 0.254858 0.634766 0.037500 0.041335
0 0.255341 0.634766 0.037500 0.041264
0 0.255824 0.634766 0.037500 0.041193
0 0.256307 0.634766 0.037500 0.041122
0 0.256790 0.634766 0.037500 0.041051
0 0.257273 0.634766 0.037500 0.040980
0 0.257756 0.634766 0.037500 0.040909
0 0.258239 0.634766 0.037500 0.040838
0 0.258722 0.634766 0.037500 0.040767
0 0.259205 0.634766 0.037500 0.040696
0 0.259687 0.634766 0.037500 0.040625
0 0.260170 0.634766 0.037500 0.040554
0 0.260653 0.634766 0.037500 0.040483
0 0.261136 0.634766 0.037500 0.040412
0 0.261619 0.634766 0.037500 0.040341
0 0.262102 0.634766 0.037500 0.040270
0 0.262585 0.634766 0.037500 0.040199
0 0.263068 0.634766 0.037500 0.040128
0 0.263551 0.634766 0.037500 0.040057
0 0.264034 0.634766 0.037500 0.039986
0 0.264517 0.634766 0.037500 0.039915
0 0.265000 0.634766 0.037500 0.039844
0 0.265483 0.634766 0.037500 0.039773
0 0.265966 0.634766 0.037500 0.039702
0 0.266449 0.634766 0.037500 0.039631
0 0.266932 0.634766 0.037500 0.039560
0 0.267415 0.634766 0.037500 0.039489
0 0.267898 0.634766 0.037500 0.039418
0 0.268381 0.634766 0.037500 0.039347
0 0.268864 0.634766 0.037500 0.039276
0 0.269347 0.634766 0.037500 0.039205
0 0.269830 0.634766 0.037500 0.039134
0 0.270313 0.634766 0.037500 0.039062
0 0.270799 0.634798 0.037551 0.039127
0 0.271286 0.634830 0.037602 0.039191
0 0.271773 0.634862 0.037654 0.039255
0 0.272259 0.634894 0.037705 0.039319
0 0.272746 0.634926 0.037756 0.039383
0 0.273233 0.634958 0.037807 0.039447
0 0.273719 0.634990 0.037859 0.039511
0 0.274206 0.635022 0.037910 0.039575
0 0.274693 0.635054 0.037961 0.039639
0 0.275179 0.635086 0.038012 0.039703
0 0.275666 0.635118 0.038064 0.039767
0 0.276153 0.635150 0.038115 0.039831
0 0.276639 0.635182 0.038166 0.039895
0 0.277126 0.635214 0.038217 0.039959
0 0.277613 0.635246 0.038268 0.040023
0 0.278099 0.635278 0.038320 0.040087
0 0.278586 0.635310 0.038371 0.040151
0 0.279073 0.635342 0.038422 0.040215
0 0.279559 0.635374 0.038473 0.040279
0 0.280046 0.635406 0.038525 0.040343
0 0.280533 0.635438 0.038576 0.040407
0 0.281019 0.635470 0.038627 0.040471
0 0.281506 0.635502 0.038678 0.040535
0 0.281993 0.635534 0.038730 0.040599
0 0.282480 0.635566 0.038781 0.040663
0 0.282966 0.635598 0.038832 0.040727
0 0.283453 0.635630 0.038883 0.040791
0 0.283940 0.635662 0.038934 0.040856
0 0.284426 0.635694 0.038986 0.040920
0 0.284913 0.635726 0.039037 0.040984
0 0.285400 0.635758 0.039088 0.041048
0 0.285886 0.635790 0.039139 0.041112
0 0.286373 0.635822 0.039191 0.041176
0 0.286860 0.635854 0.039242 0.041240
0 0.287346 0.635886 0.039293 0.041304
0 0.287833 0.635918 0.039344 0.041368
0 0.288320 0.635950 0.039395 0.041432
0 0.288806 0.635982 0.039447 0.041496
0 0.289293 0.636014 0.039498 0.041560
0 0.289780 0.636046 0.039549 0.041624
0 0.290266 0.636078 0.039600 0.041688
0 0.290753 0.636110 0.039652 0.041752
0 0.291240 0.636142 0.039703 0.041816
0 0.291726 0.636174 0.039754 0.041880
0 0.292213 0.636206 0.039805 0.041944
0 0.292700 0.636238 0.039857 0.042008
0 0.293186 0.636270 0.039908 0.042072
0 0.293673 0.636303 0.039959 0.042136
0 0.294160 0.636335 0.040010 0.042200
0 0.294647 0.636367 0.040061 0.042264
0 0.295133 0.636399 0.040113 0.042328
0 0.295620 0.636431 0.040164 0.042392
0 0.296107 0.636463 0.040215 0.042456
0 0.296593 0.636495 0.040266 0.042520
0 0.297080 0.636527 0.040318 0.042585
0 0.297567 0.636559 0.040369 0.042649
0 0.298053 0.636591 0.040420 0.042713
0 0.298540 0.636623 0.040471 0.042777
0 0.299027 0.636655 0.040523 0.042841
0 0.299513 0.636687 0.040574 0.042905
0 0.300000 0.636719 0.040625 0.042969
0 0.300526 0.636756 0.040535 0.042969
0 0.301052 0.636794 0.040445 0.042969
0 0.301578 0.636831 0.040355 0.042969
0 0.302103 0.636869 0.040264 0.042969
0 0.302629 0.636907 0.040174 0.042969
0 0.303155 0.636944 0.040084 0.042969
0 0.303681 0.636982 0.039994 0.042969
0 0.304207 0.637019 0.039904 0.042969
0 0.304733 0.637057 0.039814 0.042969
0 0.305258 0.637094 0.039724 0.042969
0 0.305784 0.637132 0.039633 0.042969
0 0.306310 0.637169 0.039543 0.042969
0 0.306836 0.637207 0.039453 0.042969
0 0.307362 0.637245 0.039363 0.042969
0 0.307888 0.637282 0.039273 0.042969
0 0.308413 0.637320 0.039183 0.042969
0 0.308939 0.637357 0.039093 0.042969
0 0.309465 0.637395 0.039002 0.042969
0 0.309991 0.637432 0.038912 0.042969
0 0.310517 0.637470 0.038822 0.042969
0 0.311043 0.637508 0.038732 0.042969
0 0.311569 0.637545 0.038642 0.042969
0 0.312094 0.637583 0.038552 0.042969
0 0.312620 0.637620 0.038462 0.042969
0 0.313146 0.637658 0.038371 0.042969
0 0.313672 0.637695 0.038281 0.042969
0 0.314198 0.637733 0.038191 0.042969
0 0.314724 0.637770 0.038101 0.042969
0 0.315249 0.637808 0.038011 0.042969
0 0.315775 0.637846 0.037921 0.042969
0 0.316301 0.637883 0.037831 0.042969
0 0.316827 0.637921 0.037740 0.042969
0 0.317353 0.637958 0.037650 0.042969
0 0.317879 0.637996 0.037560 0.042969
0 0.318404 0.638033 0.037470 0.042969
0 0.318930 0.638071 0.037380 0.042969
0 0.319456 0.638108 0.037290 0.042969
0 0.319982 0.638146 0.037200 0.042969
0 0.320508 0.638184 0.037109 0.042969
0 0.321034 0.638221 0.037019 0.042969
0 0.321559 0.638259 0.036929 0.042969
0 0.322085 0.638296 0.036839 0.042969
0 0.322611 0.638334 0.036749 0.042969
0 0.323137 0.638371 0.036659 0.042969
0 0.323663 0.638409 0.036569 0.042969
0 0.324189 0.638447 0.036478 0.042969
0 0.324715 0.638484 0.036388 0.042969
0 0.325240 0.638522 0.036298 0.042969
0 0.325766 0.638559 0.036208 0.042969
0 0.326292 0.638597 0.036118 0.042969
0 0.326818 0.638634 0.036028 0.042969
0 0.327344 0.638672 0.035937 0.042969
0 0.327981 0.638672 0.035979 0.043020
0 0.328618 0.638672 0.036020 0.043072
0 0.329256 0.638672 0.036061 0.043123
0 0.329893 0.638672 0.036102 0.043174
0 0.330530 0.638672 0.036143 0.043226
0 0.331168 0.638672 0.036184 0.043277
0 0.331805 0.638672 0.036225 0.043329
0 0.332442 0.638672 0.036266 0.043380
0 0.333080 0.638672 0.036308 0.043431
0 0.333717 0.638672 0.036349 0.043483
0 0.334354 0.638672 0.036390 0.043534
0 0.334992 0.638672 0.036431 0.043586
0 0.335629 0.638672 0.036472 0.043637
0 0.336266 0.638672 0.036513 0.043688
0 0.336904 0.638672 0.036554 0.043740
0 0.337541 0.638672 0.036595 0.043791
0 0.338178 0.638672 0.036637 0.043843
0 0.338816 0.638672 0.036678 0.043894
0 0.339453 0.638672 0.036719 0.043945
0 0.340090 0.638672 0.036760 0.043997
0 0.340728 0.638672 0.036801 0.044048
0 0.341365 0.638672 0.036842 0.044100
0 0.342002 0.638672 0.036883 0.044151
0 0.342640 0.638672 0.036924 0.044202
0 0.343277 0.638672 0.036965 0.044254
0 0.343914 0.638672 0.037007 0.044305
0 0.344552 0.638672 0.037048 0.044356
0 0.345189 0.638672 0.037089 0.044408
0 0.345826 0.638672 0.037130 0.044459
0 0.346464 0.638672 0.037171 0.044511
0 0.347101 0.638672 0.037212 0.044562
0 0.347738 0.638672 0.037253 0.044613
0 0.348376 0.638672 0.037294 0.044665
0 0.349013 0.638672 0.037336 0.044716
0 0.349650 0.638672 0.037377 0.044768
0 0.350288 0.638672 0.037418 0.044819
0 0.350925 0.638672 0.037459 0.044870
0 0.351562 0.638672 0.037500 0.044922
0 0.352200 0.638672 0.037541 0.044973
0 0.352837 0.638672 0.037582 0.045025
0 0.353475 0.638672 0.037623 0.045076
0 0.354112 0.638672 0.037664 0.045127
0 0.354749 0.638672 0.037706 0.045179
0 0.355387 0.638672 0.037747 0.045230
0 0.356024 0.638672 0.037788 0.045282
0 0.356661 0.638672 0.037829 0.045333
0 0.357299 0.638672 0.037870 0.045384
0 0.357936 0.638672 0.037911 0.045436
0 0.358573 0.638672 0.037952 0.045487
0 0.359211 0.638672 0.037993 0.045539
0 0.359848 0.638672 0.038035 0.045590
0 0.360485 0.638672 0.038076 0.045641
0 0.361123 0.638672 0.038117 0.045693
0 0.361760 0.638672 0.038158 0.045744
0 0.362397 0.638672 0.038199 0.045796
0 0.363035 0.638672 0.038240 0.045847
0 0.363672 0.638672 0.038281 0.045898
0 0.364309 0.638672 0.038322 0.045950
0 0.364947 0.638672 0.038363 0.046001
0 0.365584 0.638672 0.038405 0.046053
0 0.366221 0.638672 0.038446 0.046104
0 0.366859 0.638672 0.038487 0.046155
0 0.367496 0.638672 0.038528 0.046207
0 0.368133 0.638672 0.038569 0.046258
0 0.368771 0.638672 0.038610 0.046310
0 0.369408 0.638672 0.038651 0.046361
0 0.370045 0.638672 0.038692 0.046412
0 0.370683 0.638672 0.038734 0.046464
0 0.371320 0.638672 0.038775 0.046515
0 0.371957 0.638672 0.038816 0.046567
0 0.372595 0.638672 0.038857 0.046618
0 0.373232 0.638672 0.038898 0.046669
0 0.373869 0.638672 0.038939 0.046721
0 0.374507 0.638672 0.038980 0.046772
0 0.375144 0.638672 0.039021 0.046824
0 0.375781 0.638672 0.039062 0.046875
0 0.376402 0.638729 0.039108 0.046760
0 0.377022 0.638787 0.039154 0.046645
0 0.377642 0.638844 0.039200 0.046530
0 0.378263 0.638902 0.039246 0.046415
0 0.378883 0.638959 0.039292 0.046301
0 0.379504 0.639017 0.039338 0.046186
0 0.380124 0.639074 0.039384 0.046071
0 0.380744 0.639131 0.039430 0.045956
0 0.381365 0.639189 0.039476 0.045841
0 0.381985 0.639246 0.039522 0.045726
0 0.382606 0.639304 0.039568 0.045611
0 0.383226 0.639361 0.039614 0.045496
0 0.383847 0.639419 0.039660 0.045381
0 0.384467 0.639476 0.039706 0.045267
0 0.385087 0.639534 0.039752 0.045152
0 0.385708 0.639591 0.039798 0.045037
0 0.386328 0.639648 0.039844 0.044922
0 0.386949 0.639706 0.039890 0.044807
0 0.387569 0.639763 0.039936 0.044692
0 0.388189 0.639821 0.039982 0.044577
0 0.388810 0.639878 0.040028 0.044462
0 0.389430 0.639936 0.040074 0.044347
0 0.390051 0.639993 0.040119 0.044233
0 0.390671 0.640051 0.040165 0.044118
0 0.391291 0.640108 0.040211 0.044003
0 0.391912 0.640165 0.040257 0.043888
0 0.392532 0.640223 0.040303 0.043773
0 0.393153 0.640280 0.040349 0.043658
0 0.393773 0.640338 0.040395 0.043543
0 0.394393 0.640395 0.040441 0.043428
0 0.395014 0.640453 0.040487 0.043313
0 0.395634 0.640510 0.040533 0.043199
0 0.396255 0.640568 0.040579 0.043084
0 0.396875 0.640625 0.040625 0.042969
0 0.397587 0.640668 0.040590 0.042882
0 0.398299 0.640712 0.040556 0.042795
0 0.399010 0.640755 0.040521 0.042708
0 0.399722 0.640799 0.040486 0.042622
0 0.400434 0.640842 0.040451 0.042535
0 0.401146 0.640885 0.040417 0.042448
0 0.401858 0.640929 0.040382 0.042361
0 0.402569 0.640972 0.040347 0.042274
0 0.403281 0.641016 0.040312 0.042187
0 0.403993 0.641059 0.040278 0.042101
0 0.404705 0.641102 0.040243 0.042014
0 0.405417 0.641146 0.040208 0.041927
0 0.406128 0.641189 0.040174 0.041840
0 0.406840 0.641233 0.040139 0.041753
0 0.407552 0.641276 0.040104 0.041667
0 0.408264 0.641319 0.040069 0.041580
0 0.408976 0.641363 0.040035 0.041493
0 0.409688 0.641406 0.040000 0.041406
0 0.410399 0.641450 0.039965 0.041319
0 0.411111 0.641493 0.039931 0.041233
0 0.411823 0.641536 0.039896 0.041146
0 0.412535 0.641580 0.039861 0.041059
0 0.413247 0.641623 0.039826 0.040972
0 0.413958 0.641667 0.039792 0.040885
0 0.414670 0.641710 0.039757 0.040799
0 0.415382 0.641753 0.039722 0.040712
0 0.416094 0.641797 0.039687 0.040625
0 0.416806 0.641840 0.039653 0.040538
0 0.417517 0.641884 0.039618 0.040451
0 0.418229 0.641927 0.039583 0.040365
0 0.418941 0.641970 0.039549 0.040278
0 0.419653 0.642014 0.039514 0.040191
0 0.420365 0.642057 0.039479 0.040104
0 0.421076 0.642101 0.039444 0.040017
0 0.421788 0.642144 0.039410 0.039931
0 0.422500 0.642188 0.039375 0.039844
0 0.423212 0.642231 0.039340 0.039757
0 0.423924 0.642274 0.039306 0.039670
0 0.424635 0.642318 0.039271 0.039583
0 0.425347 0.642361 0.039236 0.039497
0 0.426059 0.642405 0.039201 0.039410
0 0.426771 0.642448 0.039167 0.039323
0 0.427483 0.642491 0.039132 0.039236
0 0.428194 0.642535 0.039097 0.039149
0 0.428906 0.642578 0.039062 0.039062
