0 0.690625 0.659180 0.103125 0.099609
0 0.694383 0.658274 0.109185 0.105802
0 0.695571 0.657365 0.106189 0.102635
0 0.695859 0.657510 0.105029 0.101513
0 0.697539 0.656732 0.108040 0.104887
0 0.698331 0.655277 0.106085 0.102790
0 0.698396 0.655289 0.105922 0.102675
0 0.699322 0.654878 0.107231 0.104131
0 0.700817 0.653841 0.110753 0.107294
0 0.700918 0.653163 0.111879 0.108952
0 0.702274 0.653022 0.110317 0.107485
0 0.702295 0.652639 0.111014 0.108328
0 0.703116 0.651743 0.106488 0.103472
0 0.704428 0.650588 0.107046 0.104693
0 0.704662 0.649307 0.104526 0.101223
0 0.705696 0.648125 0.104300 0.101182
0 0.706558 0.647685 0.107027 0.103777
0 0.708083 0.646596 0.114286 0.110492
0 0.710255 0.645075 0.125790 0.122144
0 0.709690 0.644097 0.119250 0.115649
0 0.710176 0.642511 0.121407 0.117971
0 0.710592 0.640463 0.120338 0.116292
0 0.711137 0.639443 0.127344 0.123276
0 0.714844 0.644531 0.092188 0.093750
0 0.712500 0.643555 0.103125 0.095703
0 0.709375 0.637695 0.112500 0.099609
0 0.708594 0.632812 0.095312 0.093750
0 0.701562 0.629883 0.090625 0.087891
0 0.702344 0.626953 0.092188 0.082031
0 0.701563 0.627930 0.084375 0.091797
0 0.701562 0.628906 0.081250 0.066406
0 0.709375 0.629883 0.100000 0.099609
0 0.705469 0.625977 0.098437 0.095703
0 0.707813 0.625977 0.084375 0.083984
0 0.698438 0.620117 0.100000 0.099609
0 0.703125 0.632812 0.084375 0.093750
0 0.703125 0.623047 0.103125 0.082031
0 0.701562 0.622070 0.106250 0.080078
0 0.704688 0.630859 0.096875 0.089844
0 0.700000 0.621094 0.100000 0.093750
0 0.701562 0.624023 0.103125 0.099609
0 0.696875 0.617188 0.103125 0.097656
0 0.695312 0.614258 0.100000 0.091797
0 0.692187 0.609375 0.106250 0.097656
0 0.687500 0.609375 0.096875 0.097656
0 0.685156 0.608398 0.092188 0.091797
0 0.682031 0.607422 0.085938 0.089844
0 0.678906 0.610352 0.092188 0.083984
0 0.681250 0.611328 0.096875 0.085938
0 0.683594 0.607422 0.092188 0.089844
0 0.684375 0.606445 0.093750 0.087891
0 0.679688 0.601562 0.103125 0.097656
0 0.675000 0.598633 0.093750 0.091797
0 0.676562 0.597656 0.090625 0.093750
0 0.671875 0.592773 0.081250 0.083984
0 0.667969 0.592773 0.089063 0.080078
0 0.667187 0.593750 0.087500 0.082031
0 0.663281 0.589844 0.085938 0.078125
0 0.661719 0.591797 0.082812 0.082031
0 0.658594 0.584961 0.079687 0.080078
0 0.660938 0.588867 0.084375 0.087891
0 0.653906 0.585938 0.098437 0.082031
0 0.651563 0.588867 0.093750 0.087891
0 0.657031 0.589844 0.079687 0.070312
0 0.649219 0.585938 0.064062 0.062500
0 0.642969 0.582031 0.076563 0.070312
0 0.646094 0.583984 0.082812 0.074219
0 0.643750 0.577148 0.078125 0.076172
0 0.647656 0.587891 0.085938 0.097656
0 0.643750 0.589844 0.071875 0.070312
0 0.643238 0.589560 0.072048 0.071418
0 0.641870 0.589375 0.072891 0.072720
0 0.639506 0.588178 0.078159 0.076580
0 0.639016 0.587904 0.072219 0.070659
0 0.637836 0.587358 0.089903 0.089554
0 0.636079 0.587321 0.089034 0.088575
0 0.634858 0.586441 0.094723 0.092813
0 0.633364 0.586307 0.096008 0.094448
0 0.631724 0.585395 0.095319 0.094878
0 0.630813 0.585264 0.089642 0.089331
0 0.629618 0.584967 0.086132 0.085427
0 0.628138 0.584547 0.088616 0.086822
0 0.625637 0.583176 0.095139 0.094534
0 0.624420 0.583055 0.090835 0.090178
0 0.622229 0.581745 0.092384 0.091256
0 0.621236 0.581614 0.094590 0.093788
0 0.619664 0.581296 0.090224 0.089695
0 0.618859 0.580975 0.087595 0.086836
0 0.618603 0.580954 0.084190 0.083163
0 0.616939 0.580426 0.087464 0.086269
0 0.616361 0.580080 0.091682 0.090053
0 0.615690 0.579817 0.089984 0.088610
0 0.614602 0.579267 0.107672 0.106374
0 0.612716 0.578657 0.109577 0.108197
0 0.611134 0.577852 0.105757 0.103565
0 0.609756 0.577504 0.109287 0.108075
0 0.608369 0.576998 0.110397 0.108514
0 0.606902 0.576474 0.113628 0.112725
0 0.605855 0.575814 0.106828 0.105254
0 0.604401 0.575281 0.102403 0.101392
0 0.604300 0.575239 0.103611 0.102478
0 0.602167 0.574825 0.105879 0.103713
0 0.600964 0.574394 0.104895 0.103715
0 0.600683 0.574237 0.104836 0.103058
0 0.599466 0.573743 0.105819 0.105061
0 0.598768 0.573396 0.115222 0.114210
0 0.592187 0.564453 0.087500 0.089844
0 0.591406 0.566406 0.095312 0.097656
0 0.587500 0.561523 0.096875 0.103516
0 0.586719 0.564453 0.092188 0.089844
0 0.586719 0.557617 0.085938 0.099609
0 0.582031 0.560547 0.110937 0.113281
0 0.584375 0.562500 0.087500 0.105469
0 0.587500 0.562500 0.090625 0.093750
0 0.576562 0.559570 0.103125 0.099609
0 0.571094 0.558594 0.098437 0.105469
0 0.571094 0.559570 0.085938 0.111328
0 0.561719 0.541016 0.092188 0.089844
0 0.574219 0.556641 0.089063 0.105469
0 0.569531 0.553711 0.098437 0.095703
0 0.577344 0.557617 0.095312 0.111328
0 0.585938 0.565430 0.084375 0.091797
0 0.578906 0.558594 0.098437 0.101562
0 0.571875 0.555664 0.090625 0.091797
0 0.562500 0.550781 0.084375 0.093750
0 0.566406 0.542969 0.092188 0.109375
0 0.561719 0.547852 0.076563 0.087891
0 0.561719 0.561523 0.076563 0.091797
0 0.560156 0.557617 0.070312 0.072266
0 0.564063 0.551758 0.078125 0.080078
0 0.558594 0.552734 0.079687 0.085938
0 0.557813 0.547852 0.084375 0.087891
0 0.553906 0.545898 0.076563 0.091797
0 0.547656 0.551758 0.098437 0.095703
0 0.548438 0.551758 0.093750 0.103516
0 0.545312 0.549805 0.071875 0.080078
0 0.557031 0.553711 0.114062 0.099609
0 0.557031 0.539062 0.104688 0.105469
0 0.537500 0.541016 0.093750 0.109375
0 0.539062 0.530273 0.096875 0.103516
0 0.540625 0.533203 0.090625 0.109375
0 0.550781 0.551758 0.098437 0.111328
0 0.547656 0.546875 0.110937 0.101562
0 0.541406 0.541016 0.089063 0.089844
0 0.544531 0.539062 0.101562 0.105469
0 0.535937 0.552734 0.071875 0.078125
0 0.541406 0.547852 0.098437 0.095703
0 0.548438 0.538086 0.112500 0.111328
0 0.536719 0.541992 0.089063 0.091797
0 0.532031 0.541016 0.101562 0.089844
0 0.534375 0.548828 0.103125 0.097656
0 0.524219 0.540039 0.101562 0.103516
0 0.522656 0.537109 0.085938 0.085938
0 0.526563 0.540039 0.084375 0.091797
0 0.522656 0.540039 0.098437 0.091797
0 0.532031 0.547852 0.082812 0.083984
0 0.518750 0.535156 0.090625 0.097656
0 0.526563 0.534180 0.100000 0.103516
0 0.525000 0.533203 0.084375 0.089844
0 0.525000 0.530273 0.087500 0.107422
0 0.527344 0.533203 0.101562 0.105469
0 0.516406 0.528320 0.095312 0.091797
0 0.525781 0.538086 0.098437 0.099609
0 0.529687 0.541016 0.103125 0.089844
0 0.518750 0.532227 0.084375 0.076172
0 0.514844 0.529297 0.104688 0.105469
0 0.513281 0.522461 0.101562 0.091797
0 0.516406 0.534180 0.098437 0.091797
0 0.514062 0.523438 0.121875 0.105469
0 0.510156 0.522461 0.098437 0.103516
0 0.512500 0.526367 0.100000 0.095703
0 0.510156 0.519531 0.104688 0.085938
0 0.515625 0.519531 0.100000 0.101562
0 0.503906 0.515625 0.089063 0.074219
0 0.505469 0.518555 0.095312 0.087891
0 0.501563 0.517578 0.093750 0.089844
0 0.494531 0.514648 0.089063 0.080078
0 0.502344 0.514648 0.107813 0.099609
0 0.495312 0.518555 0.090625 0.087891
0 0.502344 0.520508 0.107813 0.095703
0 0.507031 0.518555 0.104688 0.095703
0 0.498438 0.521484 0.081250 0.070312
0 0.504687 0.527344 0.109375 0.101562
0 0.492188 0.516602 0.093750 0.068359
0 0.500000 0.511719 0.096875 0.089844
0 0.492188 0.517578 0.106250 0.093750
0 0.489844 0.518555 0.076563 0.072266
0 0.490625 0.514648 0.071875 0.064453
0 0.485937 0.507812 0.084375 0.085938
0 0.496875 0.514648 0.096875 0.087891
0 0.489063 0.511719 0.078125 0.074219
0 0.496875 0.516602 0.087500 0.080078
0 0.486719 0.516602 0.085938 0.080078
0 0.485938 0.513672 0.087500 0.082031
0 0.486719 0.511719 0.101562 0.082031
0 0.491406 0.512695 0.092188 0.080078
0 0.487500 0.510742 0.084375 0.076172
0 0.478125 0.509766 0.103125 0.078125
0 0.475000 0.509766 0.096875 0.078125
0 0.472656 0.506836 0.101562 0.083984
0 0.466406 0.501953 0.089063 0.074219
0 0.460938 0.498047 0.093750 0.074219
0 0.460156 0.499023 0.092188 0.076172
0 0.468750 0.498047 0.075000 0.062500
0 0.472656 0.500000 0.082812 0.066406
0 0.467969 0.496094 0.095312 0.074219
0 0.463281 0.498047 0.085938 0.078125
0 0.457813 0.491211 0.096875 0.087891
0 0.457813 0.493164 0.096875 0.091797
0 0.457031 0.493164 0.098437 0.083984
0 0.450000 0.491211 0.084375 0.080078
0 0.456250 0.494141 0.075000 0.070312
0 0.459375 0.497070 0.081250 0.076172
0 0.453906 0.489258 0.092188 0.091797
0 0.452344 0.484375 0.089063 0.085938
0 0.452344 0.483398 0.082812 0.072266
0 0.453906 0.488281 0.085938 0.082031
0 0.456250 0.489258 0.081250 0.072266
0 0.449219 0.484375 0.067187 0.062500
0 0.448437 0.481445 0.068750 0.068359
0 0.446094 0.483398 0.064062 0.068359
0 0.440625 0.480469 0.075000 0.070312
0 0.439063 0.483398 0.071875 0.076172
0 0.436719 0.479492 0.076563 0.072266
0 0.435937 0.480469 0.075000 0.074219
0 0.428125 0.474609 0.078125 0.070312
0 0.428906 0.481445 0.079687 0.083984
0 0.428906 0.475586 0.070312 0.076172
0 0.433594 0.480469 0.079687 0.085938
0 0.428906 0.474609 0.085938 0.082031
0 0.427344 0.476562 0.082812 0.082031
0 0.426563 0.472656 0.084375 0.085938
0 0.424219 0.472656 0.079687 0.085938
0 0.420313 0.470703 0.071875 0.066406
0 0.431250 0.486328 0.081250 0.078125
0 0.425000 0.469727 0.084375 0.087891
0 0.425000 0.472656 0.087500 0.097656
0 0.413281 0.461914 0.082812 0.076172
0 0.420313 0.472656 0.096875 0.097656
0 0.416406 0.463867 0.073438 0.072266
0 0.419531 0.468750 0.079687 0.082031
0 0.412500 0.456055 0.071875 0.064453
0 0.417969 0.471680 0.082812 0.095703
0 0.417969 0.470703 0.076563 0.082031
0 0.411719 0.464844 0.064062 0.070312
0 0.406250 0.460938 0.068750 0.070312
0 0.410938 0.464844 0.078125 0.078125
0 0.407813 0.460938 0.071875 0.074219
0 0.411719 0.466797 0.079687 0.085938
0 0.410156 0.466797 0.079687 0.078125
0 0.407812 0.469727 0.075000 0.083984
0 0.406250 0.463867 0.081250 0.087891
0 0.410156 0.469727 0.089063 0.099609
0 0.404687 0.463867 0.090625 0.091797
0 0.405469 0.466797 0.092188 0.097656
0 0.407812 0.460938 0.084375 0.093750
0 0.405469 0.455078 0.079687 0.082031
0 0.402344 0.452148 0.082812 0.076172
0 0.404688 0.458984 0.087500 0.089844
0 0.407031 0.457031 0.082812 0.085938
0 0.407812 0.458984 0.084375 0.089844
0 0.398438 0.449219 0.084375 0.070312
0 0.396094 0.456055 0.079687 0.083984
0 0.392188 0.453125 0.081250 0.070312
0 0.393750 0.456055 0.078125 0.076172
0 0.380469 0.444336 0.060937 0.052734
0 0.394531 0.460938 0.089063 0.085938
0 0.394531 0.458984 0.082812 0.078125
0 0.389844 0.459961 0.073438 0.080078
0 0.386719 0.456055 0.070312 0.076172
0 0.387500 0.455078 0.071875 0.074219
0 0.380469 0.444336 0.067187 0.064453
0 0.382812 0.451172 0.071875 0.078125
0 0.374219 0.442383 0.064062 0.068359
0 0.382031 0.448242 0.079687 0.080078
0 0.371875 0.429688 0.062500 0.058594
0 0.384375 0.447266 0.087500 0.093750
0 0.384375 0.445312 0.090625 0.093750
0 0.382812 0.446289 0.087500 0.095703
0 0.386719 0.452148 0.076563 0.072266
0 0.382031 0.452148 0.067187 0.072266
0 0.361719 0.432617 0.067187 0.052734
0 0.369531 0.447266 0.082812 0.082031
0 0.365625 0.438477 0.084375 0.087891
0 0.367969 0.439453 0.089063 0.089844
0 0.366406 0.437500 0.082812 0.078125
0 0.365625 0.441406 0.081250 0.085938
0 0.365625 0.436523 0.075000 0.083984
0 0.370312 0.436523 0.084375 0.083984
0 0.362500 0.426758 0.093750 0.087891
0 0.361719 0.435547 0.092188 0.105469
0 0.359375 0.437500 0.090625 0.085938
0 0.353906 0.435547 0.079687 0.082031
0 0.355469 0.431641 0.076563 0.078125
0 0.357031 0.433594 0.079687 0.082031
0 0.352344 0.428711 0.082812 0.080078
0 0.348437 0.433594 0.075000 0.089844
0 0.344531 0.430664 0.070312 0.080078
0 0.350000 0.432617 0.081250 0.083984
0 0.353906 0.429688 0.070312 0.078125
0 0.354687 0.430664 0.071875 0.080078
0 0.350000 0.420898 0.078125 0.076172
0 0.346875 0.422852 0.071875 0.080078
0 0.340625 0.417969 0.075000 0.070312
0 0.343750 0.424805 0.078125 0.083984
0 0.345313 0.424805 0.071875 0.076172
0 0.346094 0.427734 0.073438 0.082031
0 0.344531 0.424805 0.070312 0.072266
0 0.346875 0.430664 0.075000 0.083984
0 0.340625 0.427734 0.081250 0.085938
0 0.339062 0.426758 0.078125 0.083984
0 0.335938 0.418945 0.081250 0.080078
