0 0.769531 0.506836 0.048438 0.041016
0 0.769120 0.506939 0.048109 0.040604
0 0.768709 0.507042 0.047780 0.040193
0 0.768298 0.507144 0.047451 0.039782
0 0.767887 0.507247 0.047122 0.039371
0 0.767475 0.507350 0.046793 0.038960
0 0.767064 0.507453 0.046464 0.038549
0 0.766653 0.507556 0.046135 0.038137
0 0.766242 0.507658 0.045806 0.037726
0 0.765831 0.507761 0.045477 0.037315
0 0.765419 0.507864 0.045148 0.036904
0 0.765008 0.507967 0.044819 0.036493
0 0.764597 0.508069 0.044490 0.036081
0 0.764186 0.508172 0.044161 0.035670
0 0.763775 0.508275 0.043832 0.035259
0 0.763363 0.508378 0.043503 0.034848
0 0.762952 0.508481 0.043174 0.034437
0 0.762541 0.508583 0.042845 0.034025
0 0.762130 0.508686 0.042516 0.033614
0 0.761719 0.508789 0.042188 0.033203
0 0.760938 0.508594 0.042031 0.033203
0 0.760156 0.508398 0.041875 0.033203
0 0.759375 0.508203 0.041719 0.033203
0 0.758594 0.508008 0.041563 0.033203
0 0.757813 0.507813 0.041406 0.033203
0 0.757031 0.507617 0.041250 0.033203
0 0.756250 0.507422 0.041094 0.033203
0 0.755469 0.507227 0.040938 0.033203
0 0.754688 0.507031 0.040781 0.033203
0 0.753906 0.506836 0.040625 0.033203
0 0.753125 0.506641 0.040469 0.033203
0 0.752344 0.506445 0.040313 0.033203
0 0.751563 0.506250 0.040156 0.033203
0 0.750781 0.506055 0.040000 0.033203
0 0.750000 0.505859 0.039844 0.033203
0 0.749219 0.505664 0.039688 0.033203
0 0.748438 0.505469 0.039531 0.033203
0 0.747656 0.505273 0.039375 0.033203
0 0.746875 0.505078 0.039219 0.033203
0 0.746094 0.504883 0.039062 0.033203
0 0.745238 0.504557 0.039881 0.033668
0 0.744382 0.504232 0.040699 0.034133
0 0.743527 0.503906 0.041518 0.034598
0 0.742671 0.503581 0.042336 0.035063
0 0.741815 0.503255 0.043155 0.035528
0 0.740960 0.502930 0.043973 0.035993
0 0.740104 0.502604 0.044792 0.036458
0 0.739249 0.502279 0.045610 0.036923
0 0.738393 0.501953 0.046429 0.037388
0 0.737537 0.501628 0.047247 0.037853
0 0.736682 0.501302 0.048065 0.038318
0 0.735826 0.500977 0.048884 0.038783
0 0.734970 0.500651 0.049702 0.039249
0 0.734115 0.500326 0.050521 0.039714
0 0.733259 0.500000 0.051339 0.040179
0 0.732403 0.499674 0.052158 0.040644
0 0.731548 0.499349 0.052976 0.041109
0 0.730692 0.499023 0.053795 0.041574
0 0.729836 0.498698 0.054613 0.042039
0 0.728981 0.498372 0.055432 0.042504
0 0.728125 0.498047 0.056250 0.042969
0 0.727344 0.497965 0.055990 0.042806
0 0.726562 0.497884 0.055729 0.042643
0 0.725781 0.497803 0.055469 0.042480
0 0.725000 0.497721 0.055208 0.042318
0 0.724219 0.497640 0.054948 0.042155
0 0.723437 0.497559 0.054688 0.041992
0 0.722656 0.497477 0.054427 0.041829
0 0.721875 0.497396 0.054167 0.041667
0 0.721094 0.497314 0.053906 0.041504
0 0.720312 0.497233 0.053646 0.041341
0 0.719531 0.497152 0.053385 0.041178
0 0.718750 0.497070 0.053125 0.041016
0 0.717969 0.496989 0.052865 0.040853
0 0.717187 0.496908 0.052604 0.040690
0 0.716406 0.496826 0.052344 0.040527
0 0.715625 0.496745 0.052083 0.040365
0 0.714844 0.496663 0.051823 0.040202
0 0.714062 0.496582 0.051563 0.040039
0 0.713281 0.496501 0.051302 0.039876
0 0.712500 0.496419 0.051042 0.039714
0 0.711719 0.496338 0.050781 0.039551
0 0.710937 0.496257 0.050521 0.039388
0 0.710156 0.496175 0.050260 0.039225
0 0.709375 0.496094 0.050000 0.039062
0 0.708493 0.495999 0.050252 0.039252
0 0.707611 0.495905 0.050504 0.039441
0 0.706729 0.495810 0.050756 0.039630
0 0.705847 0.495716 0.051008 0.039819
0 0.704965 0.495621 0.051260 0.040008
0 0.704083 0.495527 0.051512 0.040197
0 0.703201 0.495432 0.051764 0.040386
0 0.702319 0.495338 0.052016 0.040575
0 0.701436 0.495243 0.052268 0.040764
0 0.700554 0.495149 0.052520 0.040953
0 0.699672 0.495054 0.052772 0.041142
0 0.698790 0.494960 0.053024 0.041331
0 0.697908 0.494865 0.053276 0.041520
0 0.697026 0.494771 0.053528 0.041709
0 0.696144 0.494676 0.053780 0.041898
0 0.695262 0.494582 0.054032 0.042087
0 0.694380 0.494487 0.054284 0.042276
0 0.693498 0.494393 0.054536 0.042465
0 0.692616 0.494298 0.054788 0.042654
0 0.691734 0.494204 0.055040 0.042843
0 0.690852 0.494109 0.055292 0.043032
0 0.689970 0.494015 0.055544 0.043221
0 0.689088 0.493920 0.055796 0.043410
0 0.688206 0.493826 0.056048 0.043599
0 0.687324 0.493731 0.056300 0.043788
0 0.686442 0.493637 0.056552 0.043977
0 0.685559 0.493542 0.056804 0.044166
0 0.684677 0.493448 0.057056 0.044355
0 0.683795 0.493353 0.057308 0.044544
0 0.682913 0.493259 0.057560 0.044733
0 0.682031 0.493164 0.057813 0.044922
0 0.681031 0.493281 0.057813 0.045156
0 0.680031 0.493398 0.057813 0.045391
0 0.679031 0.493516 0.057813 0.045625
0 0.678031 0.493633 0.057813 0.045859
0 0.677031 0.493750 0.057813 0.046094
0 0.676031 0.493867 0.057813 0.046328
0 0.675031 0.493984 0.057813 0.046563
0 0.674031 0.494102 0.057813 0.046797
0 0.673031 0.494219 0.057813 0.047031
0 0.672031 0.494336 0.057813 0.047266
0 0.671031 0.494453 0.057813 0.047500
0 0.670031 0.494570 0.057813 0.047734
0 0.669031 0.494688 0.057813 0.047969
0 0.668031 0.494805 0.057813 0.048203
0 0.667031 0.494922 0.057813 0.048438
0 0.666031 0.495039 0.057813 0.048672
0 0.665031 0.495156 0.057813 0.048906
0 0.664031 0.495273 0.057813 0.049141
0 0.663031 0.495391 0.057813 0.049375
0 0.662031 0.495508 0.057813 0.049609
0 0.661031 0.495625 0.057813 0.049844
0 0.660031 0.495742 0.057813 0.050078
0 0.659031 0.495859 0.057813 0.050313
0 0.658031 0.495977 0.057813 0.050547
0 0.657031 0.496094 0.057813 0.050781
0 0.656076 0.496202 0.058160 0.050564
0 0.655122 0.496311 0.058507 0.050347
0 0.654167 0.496419 0.058854 0.050130
0 0.653212 0.496528 0.059201 0.049913
0 0.652257 0.496636 0.059549 0.049696
0 0.651302 0.496745 0.059896 0.049479
0 0.650347 0.496853 0.060243 0.049262
0 0.649392 0.496962 0.060590 0.049045
0 0.648438 0.497070 0.060937 0.048828
0 0.647483 0.497179 0.061285 0.048611
0 0.646528 0.497287 0.061632 0.048394
0 0.645573 0.497396 0.061979 0.048177
0 0.644618 0.497504 0.062326 0.047960
0 0.643663 0.497613 0.062674 0.047743
0 0.642708 0.497721 0.063021 0.047526
0 0.641753 0.497830 0.063368 0.047309
0 0.640799 0.497938 0.063715 0.047092
0 0.639844 0.498047 0.064062 0.046875
0 0.638594 0.497998 0.064062 0.046973
0 0.637344 0.497949 0.064062 0.047070
0 0.636094 0.497900 0.064062 0.047168
0 0.634844 0.497852 0.064062 0.047266
0 0.633594 0.497803 0.064062 0.047363
0 0.632344 0.497754 0.064062 0.047461
0 0.631094 0.497705 0.064062 0.047559
0 0.629844 0.497656 0.064062 0.047656
0 0.628594 0.497607 0.064062 0.047754
0 0.627344 0.497559 0.064062 0.047852
0 0.626094 0.497510 0.064062 0.047949
0 0.624844 0.497461 0.064062 0.048047
0 0.623594 0.497412 0.064062 0.048145
0 0.622344 0.497363 0.064062 0.048242
0 0.621094 0.497314 0.064062 0.048340
0 0.619844 0.497266 0.064062 0.048437
0 0.618594 0.497217 0.064062 0.048535
0 0.617344 0.497168 0.064062 0.048633
0 0.616094 0.497119 0.064062 0.048730
0 0.614844 0.497070 0.064062 0.048828
0 0.613281 0.497122 0.063898 0.048931
0 0.611719 0.497173 0.063734 0.049034
0 0.610156 0.497225 0.063569 0.049137
0 0.608594 0.497276 0.063405 0.049239
0 0.607031 0.497327 0.063240 0.049342
0 0.605469 0.497379 0.063076 0.049445
0 0.603906 0.497430 0.062911 0.049548
0 0.602344 0.497481 0.062747 0.049650
0 0.600781 0.497533 0.062582 0.049753
0 0.599219 0.497584 0.062418 0.049856
0 0.597656 0.497636 0.062253 0.049959
0 0.596094 0.497687 0.062089 0.050062
0 0.594531 0.497738 0.061924 0.050164
0 0.592969 0.497790 0.061760 0.050267
0 0.591406 0.497841 0.061595 0.050370
0 0.589844 0.497893 0.061431 0.050473
0 0.588281 0.497944 0.061266 0.050576
0 0.586719 0.497995 0.061102 0.050678
0 0.585156 0.498047 0.060937 0.050781
0 0.583594 0.497917 0.061562 0.050521
0 0.582031 0.497786 0.062187 0.050260
0 0.580469 0.497656 0.062812 0.050000
0 0.578906 0.497526 0.063437 0.049740
0 0.577344 0.497396 0.064062 0.049479
0 0.575781 0.497266 0.064687 0.049219
0 0.574219 0.497135 0.065312 0.048958
0 0.572656 0.497005 0.065937 0.048698
0 0.571094 0.496875 0.066562 0.048438
0 0.569531 0.496745 0.067187 0.048177
0 0.567969 0.496615 0.067812 0.047917
0 0.566406 0.496484 0.068437 0.047656
0 0.564844 0.496354 0.069062 0.047396
0 0.563281 0.496224 0.069687 0.047135
0 0.561719 0.496094 0.070312 0.046875
0 0.559473 0.495728 0.070117 0.047119
0 0.557227 0.495361 0.069922 0.047363
0 0.554980 0.494995 0.069727 0.047607
0 0.552734 0.494629 0.069531 0.047852
0 0.550488 0.494263 0.069336 0.048096
0 0.548242 0.493896 0.069141 0.048340
0 0.545996 0.493530 0.068945 0.048584
0 0.543750 0.493164 0.068750 0.048828
0 0.542480 0.492798 0.068945 0.049072
0 0.541211 0.492432 0.069141 0.049316
0 0.539941 0.492065 0.069336 0.049561
0 0.538672 0.491699 0.069531 0.049805
0 0.537402 0.491333 0.069727 0.050049
0 0.536133 0.490967 0.069922 0.050293
0 0.534863 0.490601 0.070117 0.050537
0 0.533594 0.490234 0.070312 0.050781
0 0.531424 0.490234 0.071181 0.050781
0 0.529253 0.490234 0.072049 0.050781
0 0.527083 0.490234 0.072917 0.050781
0 0.524913 0.490234 0.073785 0.050781
0 0.522743 0.490234 0.074653 0.050781
0 0.520573 0.490234 0.075521 0.050781
0 0.518403 0.490234 0.076389 0.050781
0 0.516233 0.490234 0.077257 0.050781
0 0.514062 0.490234 0.078125 0.050781
0 0.511719 0.490316 0.077865 0.050293
0 0.509375 0.490397 0.077604 0.049805
0 0.507031 0.490479 0.077344 0.049316
0 0.504687 0.490560 0.077083 0.048828
0 0.502344 0.490641 0.076823 0.048340
0 0.500000 0.490723 0.076563 0.047852
0 0.497656 0.490804 0.076302 0.047363
0 0.495312 0.490885 0.076042 0.046875
0 0.492969 0.490967 0.075781 0.046387
0 0.490625 0.491048 0.075521 0.045898
0 0.488281 0.491130 0.075260 0.045410
0 0.485937 0.491211 0.075000 0.044922
0 0.483878 0.491477 0.075142 0.045455
0 0.481818 0.491744 0.075284 0.045987
0 0.479759 0.492010 0.075426 0.046520
0 0.477699 0.492276 0.075568 0.047053
0 0.475639 0.492543 0.075710 0.047585
0 0.473580 0.492809 0.075852 0.048118
0 0.471520 0.493075 0.075994 0.048651
0 0.469460 0.493342 0.076136 0.049183
0 0.467401 0.493608 0.076278 0.049716
0 0.465341 0.493874 0.076420 0.050249
0 0.463281 0.494141 0.076563 0.050781
0 0.460491 0.493583 0.075893 0.050223
0 0.457701 0.493025 0.075223 0.049665
0 0.454911 0.492467 0.074554 0.049107
0 0.452121 0.491908 0.073884 0.048549
0 0.449330 0.491350 0.073214 0.047991
0 0.446540 0.490792 0.072545 0.047433
0 0.443750 0.490234 0.071875 0.046875
0 0.441226 0.490159 0.072837 0.047326
0 0.438702 0.490084 0.073798 0.047776
0 0.436178 0.490009 0.074760 0.048227
0 0.433654 0.489934 0.075721 0.048678
0 0.431130 0.489859 0.076683 0.049129
0 0.428606 0.489784 0.077644 0.049579
0 0.426082 0.489709 0.078606 0.050030
0 0.423558 0.489633 0.079567 0.050481
0 0.421034 0.489558 0.080529 0.050931
0 0.418510 0.489483 0.081490 0.051382
0 0.415986 0.489408 0.082452 0.051833
0 0.413462 0.489333 0.083413 0.052284
0 0.410938 0.489258 0.084375 0.052734
0 0.408053 0.489258 0.084375 0.052734
0 0.405168 0.489258 0.084375 0.052734
0 0.402284 0.489258 0.084375 0.052734
0 0.399399 0.489258 0.084375 0.052734
0 0.396514 0.489258 0.084375 0.052734
0 0.393630 0.489258 0.084375 0.052734
0 0.390745 0.489258 0.084375 0.052734
0 0.387861 0.489258 0.084375 0.052734
0 0.384976 0.489258 0.084375 0.052734
0 0.382091 0.489258 0.084375 0.052734
0 0.379207 0.489258 0.084375 0.052734
0 0.376322 0.489258 0.084375 0.052734
0 0.373437 0.489258 0.084375 0.052734
0 0.369835 0.489204 0.084809 0.052843
0 0.366233 0.489149 0.085243 0.052951
0 0.362630 0.489095 0.085677 0.053060
0 0.359028 0.489041 0.086111 0.053168
0 0.355425 0.488987 0.086545 0.053277
0 0.351823 0.488932 0.086979 0.053385
0 0.348220 0.488878 0.087413 0.053494
0 0.344618 0.488824 0.087847 0.053602
0 0.341016 0.488770 0.088281 0.053711
0 0.337413 0.488715 0.088715 0.053819
0 0.333811 0.488661 0.089149 0.053928
0 0.330208 0.488607 0.089583 0.054036
0 0.326606 0.488553 0.090017 0.054145
0 0.323003 0.488498 0.090451 0.054253
0 0.319401 0.488444 0.090885 0.054362
0 0.315799 0.488390 0.091319 0.054470
0 0.312196 0.488336 0.091753 0.054579
0 0.308594 0.488281 0.092188 0.054688
0 0.304335 0.487312 0.080545 0.058565
