0 0.678906 0.833984 0.060937 0.070312
0 0.677083 0.831055 0.060417 0.070964
0 0.675260 0.828125 0.059896 0.071615
0 0.673438 0.825195 0.059375 0.072266
0 0.668594 0.819629 0.059063 0.071680
0 0.663750 0.814063 0.058750 0.071094
0 0.664450 0.811327 0.057813 0.070312
0 0.657420 0.802148 0.057813 0.068359
0 0.652733 0.801267 0.057813 0.068359
0 0.646093 0.793066 0.056250 0.068359
0 0.634377 0.779495 0.056250 0.066406
0 0.634688 0.780664 0.056875 0.067578
0 0.629844 0.775098 0.056563 0.066992
0 0.625000 0.769531 0.056250 0.066406
0 0.622363 0.765076 0.056445 0.066528
0 0.619727 0.760620 0.056641 0.066650
0 0.617090 0.756165 0.056836 0.066772
0 0.614453 0.751709 0.057031 0.066895
0 0.611816 0.747253 0.057227 0.067017
0 0.609180 0.742798 0.057422 0.067139
0 0.606543 0.738342 0.057617 0.067261
0 0.603906 0.733887 0.057812 0.067383
0 0.601270 0.729431 0.058008 0.067505
0 0.598633 0.724976 0.058203 0.067627
0 0.595996 0.720520 0.058398 0.067749
0 0.593359 0.716064 0.058594 0.067871
0 0.590723 0.711609 0.058789 0.067993
0 0.588086 0.707153 0.058984 0.068115
0 0.585449 0.702698 0.059180 0.068237
0 0.582812 0.698242 0.059375 0.068359
0 0.578447 0.693761 0.059651 0.068359
0 0.574081 0.689281 0.059926 0.068359
0 0.569715 0.684800 0.060202 0.068359
0 0.565349 0.680319 0.060478 0.068359
0 0.560983 0.675839 0.060754 0.068359
0 0.556618 0.671358 0.061029 0.068359
0 0.552252 0.666877 0.061305 0.068359
0 0.547886 0.662397 0.061581 0.068359
0 0.543520 0.657916 0.061857 0.068359
0 0.539154 0.653435 0.062132 0.068359
0 0.534789 0.648955 0.062408 0.068359
0 0.530423 0.644474 0.062684 0.068359
0 0.526057 0.639993 0.062960 0.068359
0 0.521691 0.635512 0.063235 0.068359
0 0.517325 0.631032 0.063511 0.068359
0 0.512960 0.626551 0.063787 0.068359
0 0.508594 0.622070 0.064062 0.068359
0 0.504267 0.616737 0.064062 0.068810
0 0.499940 0.611403 0.064062 0.069261
0 0.495613 0.606070 0.064062 0.069712
0 0.491286 0.600736 0.064062 0.070162
0 0.486959 0.595403 0.064062 0.070613
0 0.482632 0.590069 0.064062 0.071064
0 0.478305 0.584736 0.064062 0.071514
0 0.473978 0.579402 0.064062 0.071965
0 0.469651 0.574069 0.064062 0.072416
0 0.465325 0.568735 0.064062 0.072867
0 0.460998 0.563401 0.064062 0.073317
0 0.456671 0.558068 0.064062 0.073768
0 0.452344 0.552734 0.064062 0.074219
0 0.449002 0.547309 0.064149 0.074436
0 0.445660 0.541884 0.064236 0.074653
0 0.442318 0.536458 0.064323 0.074870
0 0.438976 0.531033 0.064410 0.075087
0 0.435634 0.525608 0.064497 0.075304
0 0.432292 0.520182 0.064583 0.075521
0 0.428950 0.514757 0.064670 0.075738
0 0.425608 0.509332 0.064757 0.075955
0 0.422266 0.503906 0.064844 0.076172
0 0.418924 0.498481 0.064931 0.076389
0 0.415582 0.493056 0.065017 0.076606
0 0.412240 0.487630 0.065104 0.076823
0 0.408898 0.482205 0.065191 0.077040
0 0.405556 0.476780 0.065278 0.077257
0 0.402214 0.471354 0.065365 0.077474
0 0.398872 0.465929 0.065451 0.077691
0 0.395530 0.460503 0.065538 0.077908
0 0.392188 0.455078 0.065625 0.078125
0 0.389193 0.450250 0.065885 0.078016
0 0.386198 0.445421 0.066146 0.077908
0 0.383203 0.440592 0.066406 0.077799
0 0.380208 0.435764 0.066667 0.077691
0 0.377214 0.430935 0.066927 0.077582
0 0.374219 0.426107 0.067188 0.077474
0 0.371224 0.421278 0.067448 0.077365
0 0.368229 0.416450 0.067708 0.077257
0 0.365234 0.411621 0.067969 0.077148
0 0.362240 0.406793 0.068229 0.077040
0 0.359245 0.401964 0.068490 0.076931
0 0.356250 0.397135 0.068750 0.076823
0 0.353255 0.392307 0.069010 0.076714
0 0.350260 0.387478 0.069271 0.076606
0 0.347266 0.382650 0.069531 0.076497
0 0.344271 0.377821 0.069792 0.076389
0 0.341276 0.372993 0.070052 0.076280
0 0.338281 0.368164 0.070312 0.076172
0 0.334654 0.363211 0.070201 0.076590
0 0.331027 0.358259 0.070089 0.077009
0 0.327400 0.353306 0.069978 0.077427
0 0.323772 0.348354 0.069866 0.077846
0 0.320145 0.343401 0.069754 0.078265
0 0.316518 0.338449 0.069643 0.078683
0 0.312891 0.333496 0.069531 0.079102
0 0.309263 0.328544 0.069420 0.079520
0 0.305636 0.323591 0.069308 0.079939
0 0.302009 0.318638 0.069196 0.080357
0 0.298382 0.313686 0.069085 0.080776
0 0.294754 0.308733 0.068973 0.081194
0 0.291127 0.303781 0.068862 0.081613
0 0.287500 0.298828 0.068750 0.082031
0 0.283359 0.293359 0.068281 0.081641
0 0.279219 0.287891 0.067813 0.081250
0 0.275078 0.282422 0.067344 0.080859
0 0.270938 0.276953 0.066875 0.080469
0 0.266797 0.271484 0.066406 0.080078
0 0.262656 0.266016 0.065938 0.079688
0 0.258516 0.260547 0.065469 0.079297
0 0.254375 0.255078 0.065000 0.078906
0 0.250234 0.249609 0.064531 0.078516
0 0.246094 0.244141 0.064062 0.078125
0 0.242285 0.239502 0.065039 0.078125
0 0.238477 0.234863 0.066016 0.078125
0 0.234668 0.230225 0.066992 0.078125
0 0.230859 0.225586 0.067969 0.078125
0 0.227051 0.220947 0.068945 0.078125
0 0.223242 0.216309 0.069922 0.078125
0 0.219434 0.211670 0.070898 0.078125
0 0.215625 0.207031 0.071875 0.078125
0 0.211080 0.202060 0.071307 0.078835
0 0.206534 0.197088 0.070739 0.079545
0 0.201989 0.192116 0.070170 0.080256
0 0.197443 0.187145 0.069602 0.080966
0 0.192898 0.182173 0.069034 0.081676
0 0.188352 0.177202 0.068466 0.082386
0 0.183807 0.172230 0.067898 0.083097
0 0.179261 0.167259 0.067330 0.083807
0 0.174716 0.162287 0.066761 0.084517
0 0.170170 0.157315 0.066193 0.085227
0 0.165625 0.152344 0.065625 0.085938
0 0.364844 0.542969 0.032813 0.031250
0 0.365916 0.542950 0.032813 0.031288
0 0.366988 0.542930 0.032813 0.031327
0 0.368061 0.542911 0.032813 0.031365
0 0.369133 0.542892 0.032813 0.031403
0 0.370205 0.542873 0.032813 0.031441
0 0.371278 0.542854 0.032813 0.031480
0 0.372350 0.542835 0.032813 0.031518
0 0.373422 0.542816 0.032813 0.031556
0 0.374494 0.542796 0.032813 0.031595
0 0.375567 0.542777 0.032813 0.031633
0 0.376639 0.542758 0.032813 0.031671
0 0.377711 0.542739 0.032813 0.031710
0 0.378784 0.542720 0.032813 0.031748
0 0.379856 0.542701 0.032813 0.031786
0 0.380928 0.542682 0.032813 0.031824
0 0.382001 0.542662 0.032813 0.031863
0 0.383073 0.542643 0.032813 0.031901
0 0.384145 0.542624 0.032813 0.031939
0 0.385218 0.542605 0.032813 0.031978
0 0.386290 0.542586 0.032813 0.032016
0 0.387362 0.542567 0.032813 0.032054
0 0.388434 0.542547 0.032813 0.032093
0 0.389507 0.542528 0.032813 0.032131
0 0.390579 0.542509 0.032813 0.032169
0 0.391651 0.542490 0.032813 0.032207
0 0.392724 0.542471 0.032813 0.032246
0 0.393796 0.542452 0.032813 0.032284
0 0.394868 0.542433 0.032813 0.032322
0 0.395941 0.542413 0.032813 0.032361
0 0.397013 0.542394 0.032813 0.032399
0 0.398085 0.542375 0.032813 0.032437
0 0.399157 0.542356 0.032813 0.032475
0 0.400230 0.542337 0.032813 0.032514
0 0.401302 0.542318 0.032813 0.032552
0 0.402374 0.542299 0.032813 0.032590
0 0.403447 0.542279 0.032813 0.032629
0 0.404519 0.542260 0.032813 0.032667
0 0.405591 0.542241 0.032813 0.032705
0 0.406664 0.542222 0.032813 0.032744
0 0.407736 0.542203 0.032813 0.032782
0 0.408808 0.542184 0.032813 0.032820
0 0.409881 0.542165 0.032813 0.032858
0 0.410953 0.542145 0.032813 0.032897
0 0.412025 0.542126 0.032813 0.032935
0 0.413097 0.542107 0.032813 0.032973
0 0.414170 0.542088 0.032813 0.033012
0 0.415242 0.542069 0.032813 0.033050
0 0.416314 0.542050 0.032813 0.033088
0 0.417387 0.542030 0.032813 0.033127
0 0.418459 0.542011 0.032813 0.033165
0 0.419531 0.541992 0.032813 0.033203
0 0.420388 0.541866 0.032813 0.033203
0 0.421245 0.541740 0.032813 0.033203
0 0.422102 0.541614 0.032813 0.033203
0 0.422959 0.541488 0.032813 0.033203
0 0.423816 0.541362 0.032813 0.033203
0 0.424672 0.541236 0.032813 0.033203
0 0.425529 0.541110 0.032813 0.033203
0 0.426386 0.540984 0.032813 0.033203
0 0.427243 0.540858 0.032813 0.033203
0 0.428100 0.540732 0.032813 0.033203
0 0.428957 0.540606 0.032813 0.033203
0 0.429814 0.540480 0.032813 0.033203
0 0.430670 0.540354 0.032813 0.033203
0 0.431527 0.540228 0.032813 0.033203
0 0.432384 0.540102 0.032813 0.033203
0 0.433241 0.539976 0.032813 0.033203
0 0.434098 0.539850 0.032813 0.033203
0 0.434955 0.539724 0.032813 0.033203
0 0.435811 0.539598 0.032813 0.033203
0 0.436668 0.539472 0.032813 0.033203
0 0.437525 0.539346 0.032813 0.033203
0 0.438382 0.539220 0.032813 0.033203
0 0.439239 0.539094 0.032813 0.033203
0 0.440096 0.538968 0.032813 0.033203
0 0.440953 0.538842 0.032813 0.033203
0 0.441809 0.538716 0.032813 0.033203
0 0.442666 0.538590 0.032813 0.033203
0 0.443523 0.538464 0.032813 0.033203
0 0.444380 0.538338 0.032813 0.033203
0 0.445237 0.538212 0.032813 0.033203
0 0.446094 0.538086 0.032813 0.033203
0 0.446839 0.538041 0.032776 0.033112
0 0.447584 0.537995 0.032740 0.033021
0 0.448328 0.537950 0.032703 0.032931
0 0.449073 0.537904 0.032667 0.032840
0 0.449818 0.537859 0.032631 0.032749
0 0.450563 0.537813 0.032594 0.032658
0 0.451308 0.537768 0.032558 0.032567
0 0.452053 0.537723 0.032522 0.032476
0 0.452798 0.537677 0.032485 0.032386
0 0.453543 0.537632 0.032449 0.032295
0 0.454288 0.537586 0.032413 0.032204
0 0.455033 0.537541 0.032376 0.032113
0 0.455778 0.537495 0.032340 0.032022
0 0.456523 0.537450 0.032304 0.031931
0 0.457267 0.537405 0.032267 0.031840
0 0.458012 0.537359 0.032231 0.031750
0 0.458757 0.537314 0.032195 0.031659
0 0.459502 0.537268 0.032158 0.031568
0 0.460247 0.537223 0.032122 0.031477
0 0.460992 0.537178 0.032086 0.031386
0 0.461737 0.537132 0.032049 0.031295
0 0.462482 0.537087 0.032013 0.031205
0 0.463227 0.537041 0.031977 0.031114
0 0.463972 0.536996 0.031940 0.031023
0 0.464717 0.536950 0.031904 0.030932
0 0.465461 0.536905 0.031868 0.030841
0 0.466206 0.536860 0.031831 0.030750
0 0.466951 0.536814 0.031795 0.030660
0 0.467696 0.536769 0.031759 0.030569
0 0.468441 0.536723 0.031722 0.030478
0 0.469186 0.536678 0.031686 0.030387
0 0.469931 0.536632 0.031650 0.030296
0 0.470676 0.536587 0.031613 0.030205
0 0.471421 0.536542 0.031577 0.030114
0 0.472166 0.536496 0.031541 0.030024
0 0.472911 0.536451 0.031504 0.029933
0 0.473656 0.536405 0.031468 0.029842
0 0.474400 0.536360 0.031432 0.029751
0 0.475145 0.536314 0.031395 0.029660
0 0.475890 0.536269 0.031359 0.029569
0 0.476635 0.536224 0.031323 0.029479
0 0.477380 0.536178 0.031286 0.029388
0 0.478125 0.536133 0.031250 0.029297
0 0.478865 0.536107 0.031250 0.029451
0 0.479605 0.536081 0.031250 0.029605
0 0.480345 0.536056 0.031250 0.029759
0 0.481086 0.536030 0.031250 0.029914
0 0.481826 0.536004 0.031250 0.030068
0 0.482566 0.535979 0.031250 0.030222
0 0.483306 0.535953 0.031250 0.030376
0 0.484046 0.535927 0.031250 0.030530
0 0.484786 0.535902 0.031250 0.030685
0 0.485526 0.535876 0.031250 0.030839
0 0.486266 0.535850 0.031250 0.030993
0 0.487007 0.535824 0.031250 0.031147
0 0.487747 0.535799 0.031250 0.031301
0 0.488487 0.535773 0.031250 0.031456
0 0.489227 0.535747 0.031250 0.031610
0 0.489967 0.535722 0.031250 0.031764
0 0.490707 0.535696 0.031250 0.031918
0 0.491447 0.535670 0.031250 0.032072
0 0.492187 0.535645 0.031250 0.032227
0 0.492928 0.535619 0.031250 0.032381
0 0.493668 0.535593 0.031250 0.032535
0 0.494408 0.535567 0.031250 0.032689
0 0.495148 0.535542 0.031250 0.032843
0 0.495888 0.535516 0.031250 0.032998
0 0.496628 0.535490 0.031250 0.033152
0 0.497368 0.535465 0.031250 0.033306
0 0.498109 0.535439 0.031250 0.033460
0 0.498849 0.535413 0.031250 0.033614
0 0.499589 0.535388 0.031250 0.033769
0 0.500329 0.535362 0.031250 0.033923
0 0.501069 0.535336 0.031250 0.034077
0 0.501809 0.535310 0.031250 0.034231
0 0.502549 0.535285 0.031250 0.034385
0 0.503289 0.535259 0.031250 0.034539
0 0.504030 0.535233 0.031250 0.034694
0 0.504770 0.535208 0.031250 0.034848
0 0.505510 0.535182 0.031250 0.035002
0 0.506250 0.535156 0.031250 0.035156
