0 0.517677 0.723584 0.042771 0.045019
0 0.517188 0.720703 0.043750 0.050781
0 0.517188 0.721680 0.043750 0.052734
0 0.517969 0.719727 0.042188 0.056641
0 0.518750 0.721680 0.043750 0.056641
0 0.516406 0.722656 0.048438 0.054688
0 0.513281 0.719727 0.042188 0.048828
0 0.514844 0.720703 0.039062 0.046875
0 0.514844 0.721680 0.039062 0.048828
0 0.513281 0.721680 0.042188 0.048828
0 0.514844 0.722656 0.045312 0.046875
0 0.515625 0.723633 0.040625 0.044922
0 0.517188 0.723633 0.043750 0.044922
0 0.515625 0.723633 0.046875 0.044922
0 0.515625 0.724609 0.046875 0.042969
0 0.514844 0.722656 0.045312 0.039062
0 0.515625 0.720703 0.043750 0.042969
0 0.516406 0.722656 0.045312 0.046875
0 0.516406 0.723633 0.045312 0.044922
0 0.516406 0.723633 0.045312 0.041016
0 0.515625 0.717773 0.046875 0.052734
0 0.517969 0.723633 0.051562 0.064453
0 0.516406 0.725586 0.054688 0.060547
0 0.513281 0.722656 0.048438 0.054688
0 0.514844 0.723633 0.045312 0.052734
0 0.514844 0.724609 0.045312 0.050781
0 0.515625 0.726562 0.043750 0.046875
0 0.514844 0.725586 0.042188 0.044922
0 0.514062 0.721680 0.043750 0.052734
0 0.515625 0.720703 0.046875 0.050781
0 0.516406 0.720703 0.045312 0.050781
0 0.518750 0.723633 0.050000 0.056641
0 0.516406 0.724609 0.054688 0.054688
0 0.514062 0.724609 0.050000 0.054688
0 0.514062 0.725586 0.050000 0.052734
0 0.514062 0.723633 0.050000 0.048828
0 0.513281 0.725586 0.051562 0.044922
0 0.514062 0.723633 0.053125 0.041016
0 0.517188 0.722656 0.046875 0.042969
0 0.515625 0.722656 0.043750 0.042969
0 0.515625 0.721680 0.043750 0.044922
0 0.517969 0.721680 0.048438 0.044922
0 0.517188 0.721680 0.050000 0.044922
0 0.515625 0.724609 0.046875 0.046875
0 0.514062 0.724609 0.050000 0.046875
0 0.514844 0.723633 0.048438 0.044922
0 0.513281 0.721680 0.051562 0.048828
0 0.514062 0.722656 0.050000 0.046875
0 0.517969 0.721680 0.042188 0.048828
0 0.517188 0.719727 0.040625 0.044922
0 0.515625 0.722656 0.043750 0.039062
0 0.520312 0.723633 0.046875 0.041016
0 0.517969 0.724609 0.051562 0.039062
0 0.515625 0.724609 0.046875 0.039062
0 0.514844 0.723633 0.048438 0.041016
0 0.513281 0.722656 0.045312 0.039062
0 0.514062 0.722656 0.043750 0.039062
0 0.516406 0.723633 0.048438 0.041016
0 0.518750 0.724609 0.046875 0.042969
0 0.518750 0.723633 0.046875 0.041016
0 0.519531 0.724609 0.045312 0.039062
0 0.517188 0.725586 0.040625 0.041016
0 0.515625 0.724609 0.043750 0.042969
0 0.514844 0.723633 0.042188 0.041016
0 0.513281 0.719727 0.045312 0.048828
0 0.514062 0.720703 0.046875 0.050781
0 0.517188 0.723633 0.040625 0.044922
0 0.519531 0.724609 0.045312 0.046875
0 0.516406 0.721680 0.051562 0.052734
0 0.516406 0.722656 0.051562 0.054688
0 0.517188 0.724609 0.050000 0.050781
0 0.514062 0.719727 0.050000 0.056641
0 0.516406 0.719727 0.054688 0.056641
0 0.517188 0.719727 0.053125 0.056641
0 0.518750 0.720703 0.056250 0.058594
0 0.518750 0.720703 0.056250 0.058594
0 0.520312 0.722656 0.059375 0.062500
0 0.521875 0.722656 0.056250 0.062500
0 0.522656 0.723633 0.057813 0.064453
0 0.517969 0.723633 0.067187 0.064453
0 0.513281 0.720703 0.057813 0.058594
0 0.516406 0.720703 0.051562 0.058594
0 0.517969 0.721680 0.051562 0.056641
0 0.518750 0.722656 0.050000 0.054688
0 0.515625 0.719727 0.056250 0.060547
0 0.515625 0.714844 0.056250 0.050781
0 0.521875 0.720703 0.053125 0.058594
0 0.521094 0.724609 0.054688 0.050781
0 0.519531 0.723633 0.051562 0.048828
0 0.520312 0.720703 0.050000 0.054688
0 0.521094 0.721680 0.051562 0.056641
0 0.519531 0.721680 0.054688 0.056641
0 0.517188 0.717773 0.062500 0.064453
0 0.519531 0.717773 0.067187 0.064453
0 0.519531 0.717773 0.067187 0.064453
0 0.521875 0.715820 0.071875 0.060547
0 0.526563 0.718750 0.062500 0.054688
0 0.524219 0.719727 0.057813 0.056641
0 0.524219 0.719727 0.057813 0.056641
0 0.521875 0.719727 0.053125 0.056641
0 0.517969 0.719727 0.060937 0.056641
0 0.517969 0.720703 0.060937 0.058594
0 0.516406 0.717773 0.064062 0.064453
0 0.513281 0.714844 0.057813 0.058594
0 0.519531 0.715820 0.060937 0.056641
0 0.521094 0.717773 0.057813 0.052734
0 0.522656 0.719727 0.060937 0.056641
0 0.521094 0.718750 0.064062 0.058594
0 0.517969 0.716797 0.057813 0.054688
0 0.517969 0.720703 0.057813 0.046875
0 0.524219 0.720703 0.048438 0.058594
0 0.521875 0.717773 0.043750 0.052734
0 0.519531 0.719727 0.048438 0.048828
0 0.521875 0.720703 0.053125 0.050781
0 0.520312 0.718750 0.056250 0.054688
0 0.520312 0.718750 0.056250 0.054688
0 0.518750 0.718750 0.059375 0.054688
0 0.516406 0.717773 0.054688 0.052734
0 0.520312 0.717773 0.046875 0.052734
0 0.518750 0.720703 0.043750 0.058594
0 0.520312 0.724609 0.040625 0.050781
0 0.523438 0.723633 0.046875 0.048828
0 0.521875 0.722656 0.050000 0.050781
0 0.520312 0.720703 0.050000 0.050781
0 0.525000 0.726562 0.059375 0.062500
0 0.523438 0.725586 0.062500 0.064453
0 0.517969 0.720703 0.051562 0.054688
0 0.519531 0.722656 0.048438 0.050781
0 0.519531 0.721680 0.042188 0.048828
0 0.519531 0.721680 0.042188 0.048828
0 0.517969 0.721680 0.045312 0.048828
0 0.518750 0.719727 0.046875 0.044922
0 0.518750 0.719727 0.046875 0.044922
0 0.521875 0.720703 0.053125 0.046875
0 0.521094 0.718750 0.054688 0.050781
0 0.521875 0.720703 0.043750 0.046875
0 0.523438 0.720703 0.046875 0.046875
0 0.519531 0.720703 0.054688 0.046875
0 0.520312 0.720703 0.056250 0.046875
0 0.521094 0.718750 0.054688 0.050781
0 0.521875 0.716797 0.053125 0.050781
0 0.521094 0.714844 0.048438 0.046875
0 0.521094 0.716797 0.048438 0.042969
0 0.521094 0.716797 0.048438 0.042969
0 0.521094 0.715820 0.048438 0.044922
0 0.521094 0.717773 0.057813 0.048828
0 0.520312 0.717773 0.056250 0.048828
0 0.521094 0.718750 0.054688 0.046875
0 0.521875 0.719727 0.056250 0.048828
0 0.523438 0.719727 0.053125 0.048828
0 0.523438 0.719727 0.053125 0.048828
0 0.523438 0.719727 0.053125 0.048828
0 0.518750 0.715820 0.043750 0.041016
0 0.520312 0.715820 0.040625 0.041016
0 0.525781 0.719727 0.051562 0.048828
0 0.521094 0.719727 0.060937 0.048828
0 0.517969 0.716797 0.054688 0.042969
0 0.520312 0.718750 0.050000 0.039062
0 0.521094 0.720703 0.051562 0.042969
0 0.519531 0.719727 0.054688 0.044922
0 0.520312 0.720703 0.056250 0.046875
0 0.521875 0.720703 0.053125 0.046875
0 0.521875 0.717773 0.053125 0.041016
0 0.522656 0.717773 0.051562 0.041016
0 0.520312 0.717773 0.046875 0.041016
0 0.521875 0.717773 0.043750 0.041016
0 0.523438 0.716797 0.046875 0.039062
0 0.524219 0.719727 0.045312 0.033203
0 0.519531 0.717773 0.035937 0.029297
0 0.523438 0.719727 0.050000 0.044922
0 0.523438 0.719727 0.050000 0.044922
0 0.521094 0.719727 0.054688 0.044922
0 0.521875 0.718750 0.056250 0.042969
0 0.521094 0.715820 0.057813 0.048828
0 0.520312 0.717773 0.056250 0.052734
0 0.521875 0.718750 0.053125 0.050781
0 0.522656 0.715820 0.054688 0.044922
0 0.522656 0.717773 0.054688 0.041016
0 0.522656 0.718750 0.051562 0.035156
0 0.521875 0.715820 0.053125 0.041016
0 0.522656 0.717773 0.054688 0.044922
0 0.523438 0.718750 0.053125 0.042969
0 0.522656 0.715820 0.051562 0.037109
0 0.522656 0.715820 0.051562 0.037109
0 0.522656 0.715820 0.051562 0.037109
0 0.524219 0.716797 0.048438 0.035156
0 0.523438 0.716797 0.050000 0.039062
0 0.520312 0.718750 0.046875 0.039062
0 0.521875 0.714844 0.046875 0.035156
0 0.525000 0.718750 0.046875 0.031250
0 0.521875 0.717773 0.043750 0.033203
0 0.521875 0.716797 0.050000 0.046875
0 0.524922 0.720397 0.042269 0.042763
0 0.525011 0.720386 0.042161 0.042476
0 0.525096 0.720409 0.044437 0.045150
0 0.525046 0.720552 0.044128 0.044602
0 0.525069 0.720519 0.043968 0.044339
0 0.525157 0.720548 0.045571 0.046271
0 0.525140 0.720546 0.045252 0.045823
0 0.525251 0.720669 0.048921 0.050028
0 0.525226 0.720645 0.047953 0.048897
0 0.525334 0.720714 0.051492 0.052748
0 0.525329 0.720710 0.051330 0.052559
0 0.525323 0.720711 0.051232 0.052418
0 0.525374 0.720716 0.052207 0.053622
0 0.525314 0.720568 0.050289 0.051310
0 0.525290 0.720540 0.049384 0.050277
0 0.525464 0.720695 0.054395 0.056092
0 0.525925 0.720846 0.064643 0.068815
0 0.525993 0.720959 0.067185 0.071588
0 0.525942 0.720912 0.065325 0.069399
0 0.525962 0.720924 0.065917 0.070112
0 0.526309 0.721064 0.073526 0.079362
0 0.526384 0.721224 0.076380 0.082243
0 0.526407 0.721213 0.076942 0.083078
0 0.526737 0.721518 0.086147 0.094263
0 0.526709 0.721495 0.085101 0.093046
0 0.526780 0.721616 0.087414 0.095396
0 0.527122 0.721635 0.093880 0.103693
0 0.527133 0.721635 0.094118 0.104016
0 0.527123 0.721632 0.093867 0.103692
0 0.527128 0.721550 0.091662 0.101419
0 0.527030 0.721411 0.086302 0.094891
0 0.527064 0.721437 0.087465 0.096289
0 0.527043 0.721398 0.086488 0.095249
0 0.527004 0.721393 0.084718 0.092982
0 0.526913 0.721092 0.076333 0.083570
0 0.526902 0.721062 0.075756 0.082998
0 0.526816 0.721212 0.074559 0.080611
0 0.526623 0.721041 0.064816 0.068808
0 0.526575 0.720797 0.060773 0.064709
0 0.526635 0.720650 0.061900 0.066495
0 0.526574 0.720427 0.055505 0.059379
0 0.526537 0.720444 0.053869 0.057131
0 0.526450 0.720306 0.047665 0.049752
0 0.526463 0.720220 0.046124 0.047942
0 0.526458 0.720268 0.046716 0.048372
0 0.526389 0.720561 0.045282 0.045946
0 0.526443 0.720496 0.044041 0.044562
0 0.526442 0.720488 0.043868 0.044368
0 0.526433 0.720428 0.042781 0.043288
0 0.526453 0.720411 0.042620 0.043090
0 0.526511 0.720444 0.044027 0.044632
0 0.526495 0.720415 0.043313 0.043855
0 0.526569 0.720461 0.045736 0.046818
0 0.526552 0.720457 0.045363 0.046268
0 0.526638 0.720433 0.045250 0.046250
0 0.526636 0.720278 0.043942 0.044754
0 0.526596 0.720261 0.042914 0.043472
0 0.526657 0.720310 0.044989 0.045936
0 0.526921 0.720349 0.049218 0.051318
0 0.526941 0.720377 0.049185 0.051280
0 0.526939 0.720357 0.048949 0.051107
0 0.526925 0.720315 0.048229 0.050444
0 0.527245 0.720401 0.054048 0.057636
0 0.527162 0.720399 0.051722 0.054503
0 0.527806 0.721116 0.070187 0.075304
0 0.527793 0.721185 0.069533 0.074692
0 0.527806 0.721197 0.070012 0.075268
0 0.527826 0.721193 0.070534 0.075987
0 0.527884 0.721211 0.072314 0.078271
0 0.527826 0.721159 0.069703 0.075078
0 0.527919 0.721255 0.070949 0.076467
0 0.528188 0.721358 0.074944 0.081159
0 0.528182 0.721365 0.074913 0.081056
0 0.528065 0.721305 0.069206 0.073332
0 0.527946 0.721058 0.062289 0.065552
0 0.527937 0.721078 0.062292 0.065396
0 0.527968 0.721076 0.063081 0.066478
0 0.527959 0.721050 0.062589 0.065982
0 0.527845 0.720886 0.057006 0.059250
0 0.527598 0.720637 0.047477 0.048651
0 0.527571 0.720689 0.048150 0.050061
0 0.527641 0.720716 0.048235 0.049573
0 0.527611 0.720643 0.046509 0.047632
0 0.527443 0.720842 0.049612 0.053494
0 0.527457 0.720853 0.049760 0.053538
0 0.527494 0.720872 0.049899 0.053394
0 0.527516 0.720859 0.049423 0.052652
0 0.527481 0.720890 0.049736 0.053467
0 0.527484 0.720861 0.049706 0.054016
0 0.527554 0.720894 0.049938 0.053729
0 0.527441 0.720886 0.050291 0.055025
0 0.527469 0.720880 0.049659 0.054193
0 0.528064 0.721047 0.050816 0.051952
0 0.528238 0.721062 0.051097 0.051895
0 0.528375 0.720927 0.050168 0.050859
0 0.528371 0.720939 0.050453 0.051243
0 0.528305 0.720938 0.048787 0.049177
0 0.528341 0.720967 0.049617 0.050214
0 0.528637 0.720804 0.052246 0.054053
0 0.528638 0.720804 0.052312 0.054151
0 0.528619 0.720817 0.051487 0.053047
0 0.528915 0.720902 0.057901 0.061160
0 0.528980 0.720960 0.059705 0.063202
0 0.528826 0.720834 0.055379 0.058128
0 0.528826 0.720871 0.055973 0.058794
0 0.529308 0.721172 0.068910 0.074350
0 0.529328 0.721182 0.069517 0.075108
0 0.529295 0.721351 0.069277 0.074437
0 0.529485 0.721334 0.073968 0.080575
0 0.529779 0.721521 0.082477 0.091090
0 0.529896 0.721501 0.084546 0.094133
0 0.529915 0.721514 0.085344 0.095104
0 0.529886 0.721493 0.084266 0.093795
0 0.530310 0.721900 0.094551 0.106093
0 0.530365 0.721899 0.095185 0.106767
0 0.530237 0.721732 0.087551 0.097436
0 0.530132 0.721693 0.083477 0.092043
0 0.530100 0.721675 0.082442 0.090771
0 0.530092 0.721662 0.082102 0.090399
0 0.529836 0.721428 0.070700 0.076639
0 0.529569 0.721083 0.053952 0.056388
0 0.529587 0.721041 0.051584 0.053637
0 0.529529 0.721020 0.049664 0.051202
0 0.529535 0.721006 0.047541 0.048575
0 0.529495 0.720931 0.044256 0.044604
0 0.529499 0.720919 0.044435 0.044867
0 0.529547 0.720934 0.045065 0.045542
0 0.529588 0.720921 0.044430 0.044783
0 0.529691 0.720917 0.045007 0.045793
0 0.529614 0.720841 0.042163 0.042473
0 0.529596 0.720816 0.041654 0.042022
0 0.529684 0.720832 0.042151 0.042591
0 0.529674 0.720840 0.042167 0.042460
