0 0.372656 0.653320 0.129688 0.099609
0 0.373572 0.652773 0.129588 0.099510
0 0.374487 0.652226 0.129488 0.099410
0 0.375403 0.651678 0.129389 0.099311
0 0.376319 0.651131 0.129289 0.099211
0 0.377234 0.650583 0.129190 0.099112
0 0.378150 0.650036 0.129090 0.099012
0 0.379065 0.649489 0.128991 0.098913
0 0.379981 0.648941 0.128891 0.098813
0 0.380897 0.648394 0.128792 0.098714
0 0.381812 0.647847 0.128692 0.098614
0 0.382728 0.647299 0.128593 0.098515
0 0.383644 0.646752 0.128493 0.098415
0 0.384559 0.646204 0.128394 0.098316
0 0.385475 0.645657 0.128294 0.098216
0 0.386390 0.645110 0.128195 0.098117
0 0.387306 0.644562 0.128095 0.098017
0 0.388222 0.644015 0.127996 0.097917
0 0.389137 0.643468 0.127896 0.097818
0 0.390053 0.642920 0.127797 0.097718
0 0.390968 0.642373 0.127697 0.097619
0 0.391884 0.641825 0.127598 0.097519
0 0.392800 0.641278 0.127498 0.097420
0 0.393715 0.640731 0.127398 0.097320
0 0.394631 0.640183 0.127299 0.097221
0 0.395546 0.639636 0.127199 0.097121
0 0.396462 0.639089 0.127100 0.097022
0 0.397378 0.638541 0.127000 0.096922
0 0.398293 0.637994 0.126901 0.096823
0 0.399209 0.637447 0.126801 0.096723
0 0.400124 0.636899 0.126702 0.096624
0 0.401040 0.636352 0.126602 0.096524
0 0.401956 0.635804 0.126503 0.096425
0 0.402871 0.635257 0.126403 0.096325
0 0.403787 0.634710 0.126304 0.096226
0 0.404702 0.634162 0.126204 0.096126
0 0.405618 0.633615 0.126105 0.096027
0 0.406534 0.633068 0.126005 0.095927
0 0.407449 0.632520 0.125906 0.095828
0 0.408365 0.631973 0.125806 0.095728
0 0.409280 0.631425 0.125707 0.095628
0 0.410196 0.630878 0.125607 0.095529
0 0.411112 0.630331 0.125508 0.095429
0 0.412027 0.629783 0.125408 0.095330
0 0.412943 0.629236 0.125309 0.095230
0 0.413858 0.628689 0.125209 0.095131
0 0.414774 0.628141 0.125109 0.095031
0 0.415690 0.627594 0.125010 0.094932
0 0.416605 0.627046 0.124910 0.094832
0 0.417521 0.626499 0.124811 0.094733
0 0.418437 0.625952 0.124711 0.094633
0 0.419352 0.625404 0.124612 0.094534
0 0.420268 0.624857 0.124512 0.094434
0 0.421183 0.624310 0.124413 0.094335
0 0.422099 0.623762 0.124313 0.094235
0 0.423015 0.623215 0.124214 0.094136
0 0.423930 0.622667 0.124114 0.094036
0 0.424846 0.622120 0.124015 0.093937
0 0.425761 0.621573 0.123915 0.093837
0 0.426677 0.621025 0.123816 0.093738
0 0.427593 0.620478 0.123716 0.093638
0 0.428508 0.619931 0.123617 0.093539
0 0.429424 0.619383 0.123517 0.093439
0 0.430339 0.618836 0.123418 0.093339
0 0.431255 0.618288 0.123318 0.093240
0 0.432171 0.617741 0.123219 0.093140
0 0.433086 0.617194 0.123119 0.093041
0 0.434002 0.616646 0.123020 0.092941
0 0.434917 0.616099 0.122920 0.092842
0 0.435833 0.615552 0.122820 0.092742
0 0.436749 0.615004 0.122721 0.092643
0 0.437664 0.614457 0.122621 0.092543
0 0.438580 0.613909 0.122522 0.092444
0 0.439495 0.613362 0.122422 0.092344
0 0.440411 0.612815 0.122323 0.092245
0 0.441327 0.612267 0.122223 0.092145
0 0.442242 0.611720 0.122124 0.092046
0 0.443158 0.611173 0.122024 0.091946
0 0.444073 0.610625 0.121925 0.091847
0 0.444989 0.610078 0.121825 0.091747
0 0.445905 0.609531 0.121726 0.091648
0 0.446820 0.608983 0.121626 0.091548
0 0.447736 0.608436 0.121527 0.091449
0 0.448651 0.607888 0.121427 0.091349
0 0.449567 0.607341 0.121328 0.091250
0 0.450483 0.606794 0.121228 0.091150
0 0.451398 0.606246 0.121129 0.091050
0 0.452314 0.605699 0.121029 0.090951
0 0.453229 0.605152 0.120930 0.090851
0 0.454145 0.604604 0.120830 0.090752
0 0.455061 0.604057 0.120730 0.090652
0 0.455976 0.603509 0.120631 0.090553
0 0.456892 0.602962 0.120531 0.090453
0 0.457808 0.602415 0.120432 0.090354
0 0.458723 0.601867 0.120332 0.090254
0 0.459639 0.601320 0.120233 0.090155
0 0.460554 0.600773 0.120133 0.090055
0 0.461470 0.600225 0.120034 0.089956
0 0.462386 0.599678 0.119934 0.089856
0 0.463301 0.599130 0.119835 0.089757
0 0.464217 0.598583 0.119735 0.089657
0 0.465132 0.598036 0.119636 0.089558
0 0.466048 0.597488 0.119536 0.089458
0 0.466964 0.596941 0.119437 0.089359
0 0.467879 0.596394 0.119337 0.089259
0 0.468795 0.595846 0.119238 0.089160
0 0.469710 0.595299 0.119138 0.089060
0 0.470626 0.594751 0.119039 0.088960
0 0.471542 0.594204 0.118939 0.088861
0 0.472457 0.593657 0.118840 0.088761
0 0.473373 0.593109 0.118740 0.088662
0 0.474288 0.592562 0.118641 0.088562
0 0.475204 0.592015 0.118541 0.088463
0 0.476120 0.591467 0.118441 0.088363
0 0.477035 0.590920 0.118342 0.088264
0 0.477951 0.590372 0.118242 0.088164
0 0.478866 0.589825 0.118143 0.088065
0 0.479782 0.589278 0.118043 0.087965
0 0.480698 0.588730 0.117944 0.087866
0 0.481613 0.588183 0.117844 0.087766
0 0.482529 0.587636 0.117745 0.087667
0 0.483444 0.587088 0.117645 0.087567
0 0.484360 0.586541 0.117546 0.087468
0 0.485276 0.585993 0.117446 0.087368
0 0.486191 0.585446 0.117347 0.087269
0 0.487107 0.584899 0.117247 0.087169
0 0.488022 0.584351 0.117148 0.087070
0 0.488938 0.583804 0.117048 0.086970
0 0.489854 0.583257 0.116949 0.086871
0 0.490769 0.582709 0.116849 0.086771
0 0.491685 0.582162 0.116750 0.086671
0 0.492601 0.581615 0.116650 0.086572
0 0.493516 0.581067 0.116551 0.086472
0 0.494432 0.580520 0.116451 0.086373
0 0.495347 0.579972 0.116352 0.086273
0 0.496263 0.579425 0.116252 0.086174
0 0.497179 0.578878 0.116152 0.086074
0 0.498094 0.578330 0.116053 0.085975
0 0.499010 0.577783 0.115953 0.085875
0 0.499925 0.577236 0.115854 0.085776
0 0.500841 0.576688 0.115754 0.085676
0 0.501757 0.576141 0.115655 0.085577
0 0.502672 0.575593 0.115555 0.085477
0 0.503588 0.575046 0.115456 0.085378
0 0.504503 0.574499 0.115356 0.085278
0 0.505419 0.573951 0.115257 0.085179
0 0.506335 0.573404 0.115157 0.085079
0 0.507250 0.572857 0.115058 0.084980
0 0.508166 0.572309 0.114958 0.084880
0 0.509081 0.571762 0.114859 0.084781
0 0.509997 0.571214 0.114759 0.084681
0 0.510913 0.570667 0.114660 0.084582
0 0.511828 0.570120 0.114560 0.084482
0 0.512744 0.569572 0.114461 0.084382
0 0.513659 0.569025 0.114361 0.084283
0 0.514575 0.568478 0.114262 0.084183
0 0.515491 0.567930 0.114162 0.084084
0 0.516406 0.567383 0.114062 0.083984
0 0.517284 0.566876 0.114159 0.084081
0 0.518162 0.566370 0.114255 0.084177
0 0.519039 0.565864 0.114352 0.084274
0 0.519917 0.565357 0.114448 0.084370
0 0.520795 0.564851 0.114545 0.084467
0 0.521672 0.564345 0.114641 0.084563
0 0.522550 0.563838 0.114738 0.084660
0 0.523428 0.563332 0.114834 0.084756
0 0.524306 0.562826 0.114931 0.084852
0 0.525183 0.562319 0.115027 0.084949
0 0.526061 0.561813 0.115123 0.085045
0 0.526939 0.561306 0.115220 0.085142
0 0.527816 0.560800 0.115316 0.085238
0 0.528694 0.560294 0.115413 0.085335
0 0.529572 0.559787 0.115509 0.085431
0 0.530449 0.559281 0.115606 0.085528
0 0.531327 0.558775 0.115702 0.085624
0 0.532205 0.558268 0.115799 0.085720
0 0.533083 0.557762 0.115895 0.085817
0 0.533960 0.557255 0.115992 0.085913
0 0.534838 0.556749 0.116088 0.086010
0 0.535716 0.556243 0.116184 0.086106
0 0.536593 0.555736 0.116281 0.086203
0 0.537471 0.555230 0.116377 0.086299
0 0.538349 0.554724 0.116474 0.086396
0 0.539226 0.554217 0.116570 0.086492
0 0.540104 0.553711 0.116667 0.086589
0 0.540982 0.553205 0.116763 0.086685
0 0.541860 0.552698 0.116860 0.086781
0 0.542737 0.552192 0.116956 0.086878
0 0.543615 0.551685 0.117052 0.086974
0 0.544493 0.551179 0.117149 0.087071
0 0.545370 0.550673 0.117245 0.087167
0 0.546248 0.550166 0.117342 0.087264
0 0.547126 0.549660 0.117438 0.087360
0 0.548003 0.549154 0.117535 0.087457
0 0.548881 0.548647 0.117631 0.087553
0 0.549759 0.548141 0.117728 0.087649
0 0.550637 0.547635 0.117824 0.087746
0 0.551514 0.547128 0.117921 0.087842
0 0.552392 0.546622 0.118017 0.087939
0 0.553270 0.546115 0.118113 0.088035
0 0.554147 0.545609 0.118210 0.088132
0 0.555025 0.545103 0.118306 0.088228
0 0.555903 0.544596 0.118403 0.088325
0 0.556780 0.544090 0.118499 0.088421
0 0.557658 0.543584 0.118596 0.088518
0 0.558536 0.543077 0.118692 0.088614
0 0.559414 0.542571 0.118789 0.088710
0 0.560291 0.542065 0.118885 0.088807
0 0.561169 0.541558 0.118981 0.088903
0 0.562047 0.541052 0.119078 0.089000
0 0.562924 0.540545 0.119174 0.089096
0 0.563802 0.540039 0.119271 0.089193
0 0.564680 0.539533 0.119367 0.089289
0 0.565557 0.539026 0.119464 0.089386
0 0.566435 0.538520 0.119560 0.089482
0 0.567313 0.538014 0.119657 0.089579
0 0.568191 0.537507 0.119753 0.089675
0 0.569068 0.537001 0.119850 0.089771
0 0.569946 0.536495 0.119946 0.089868
0 0.570824 0.535988 0.120042 0.089964
0 0.571701 0.535482 0.120139 0.090061
0 0.572579 0.534975 0.120235 0.090157
0 0.573457 0.534469 0.120332 0.090254
0 0.574334 0.533963 0.120428 0.090350
0 0.575212 0.533456 0.120525 0.090447
0 0.576090 0.532950 0.120621 0.090543
0 0.576968 0.532444 0.120718 0.090639
0 0.577845 0.531937 0.120814 0.090736
0 0.578723 0.531431 0.120910 0.090832
0 0.579601 0.530924 0.121007 0.090929
0 0.580478 0.530418 0.121103 0.091025
0 0.581356 0.529912 0.121200 0.091122
0 0.582234 0.529405 0.121296 0.091218
0 0.583111 0.528899 0.121393 0.091315
0 0.583989 0.528393 0.121489 0.091411
0 0.584867 0.527886 0.121586 0.091508
0 0.585745 0.527380 0.121682 0.091604
0 0.586622 0.526874 0.121779 0.091700
0 0.587500 0.526367 0.121875 0.091797
0 0.588378 0.525861 0.121971 0.091893
0 0.589255 0.525354 0.122068 0.091990
0 0.590133 0.524848 0.122164 0.092086
0 0.591011 0.524342 0.122261 0.092183
0 0.591889 0.523835 0.122357 0.092279
0 0.592766 0.523329 0.122454 0.092376
0 0.593644 0.522823 0.122550 0.092472
0 0.594522 0.522316 0.122647 0.092568
0 0.595399 0.521810 0.122743 0.092665
0 0.596277 0.521304 0.122840 0.092761
0 0.597155 0.520797 0.122936 0.092858
0 0.598032 0.520291 0.123032 0.092954
0 0.598910 0.519784 0.123129 0.093051
0 0.599788 0.519278 0.123225 0.093147
0 0.600666 0.518772 0.123322 0.093244
0 0.601543 0.518265 0.123418 0.093340
0 0.602421 0.517759 0.123515 0.093437
0 0.603299 0.517253 0.123611 0.093533
0 0.604176 0.516746 0.123708 0.093629
0 0.605054 0.516240 0.123804 0.093726
0 0.605932 0.515734 0.123900 0.093822
0 0.606809 0.515227 0.123997 0.093919
0 0.607687 0.514721 0.124093 0.094015
0 0.608565 0.514214 0.124190 0.094112
0 0.609443 0.513708 0.124286 0.094208
0 0.610320 0.513202 0.124383 0.094305
0 0.611198 0.512695 0.124479 0.094401
0 0.612076 0.512189 0.124576 0.094497
0 0.612953 0.511683 0.124672 0.094594
0 0.613831 0.511176 0.124769 0.094690
0 0.614709 0.510670 0.124865 0.094787
0 0.615586 0.510163 0.124961 0.094883
0 0.616464 0.509657 0.125058 0.094980
0 0.617342 0.509151 0.125154 0.095076
0 0.618220 0.508644 0.125251 0.095173
0 0.619097 0.508138 0.125347 0.095269
0 0.619975 0.507632 0.125444 0.095366
0 0.620853 0.507125 0.125540 0.095462
0 0.621730 0.506619 0.125637 0.095558
0 0.622608 0.506113 0.125733 0.095655
0 0.623486 0.505606 0.125829 0.095751
0 0.624363 0.505100 0.125926 0.095848
0 0.625241 0.504593 0.126022 0.095944
0 0.626119 0.504087 0.126119 0.096041
0 0.626997 0.503581 0.126215 0.096137
0 0.627874 0.503074 0.126312 0.096234
0 0.628752 0.502568 0.126408 0.096330
0 0.629630 0.502062 0.126505 0.096427
0 0.630507 0.501555 0.126601 0.096523
0 0.631385 0.501049 0.126698 0.096619
0 0.632263 0.500543 0.126794 0.096716
0 0.633140 0.500036 0.126890 0.096812
0 0.634018 0.499530 0.126987 0.096909
0 0.634896 0.499023 0.127083 0.097005
0 0.635774 0.498517 0.127180 0.097102
0 0.636651 0.498011 0.127276 0.097198
0 0.637529 0.497504 0.127373 0.097295
0 0.638407 0.496998 0.127469 0.097391
0 0.639284 0.496492 0.127566 0.097487
0 0.640162 0.495985 0.127662 0.097584
0 0.641040 0.495479 0.127758 0.097680
0 0.641917 0.494973 0.127855 0.097777
0 0.642795 0.494466 0.127951 0.097873
0 0.643673 0.493960 0.128048 0.097970
0 0.644551 0.493453 0.128144 0.098066
0 0.645428 0.492947 0.128241 0.098163
0 0.646306 0.492441 0.128337 0.098259
0 0.647184 0.491934 0.128434 0.098356
0 0.648061 0.491428 0.128530 0.098452
0 0.648939 0.490922 0.128627 0.098548
0 0.649817 0.490415 0.128723 0.098645
0 0.650694 0.489909 0.128819 0.098741
0 0.651572 0.489402 0.128916 0.098838
0 0.652450 0.488896 0.129012 0.098934
0 0.653328 0.488390 0.129109 0.099031
0 0.654205 0.487883 0.129205 0.099127
0 0.655083 0.487377 0.129302 0.099224
0 0.655961 0.486871 0.129398 0.099320
0 0.656838 0.486364 0.129495 0.099416
0 0.657716 0.485858 0.129591 0.099513
0 0.658594 0.485352 0.129688 0.099609
