0 0.767969 0.583984 0.051562 0.042969
0 0.764621 0.583426 0.050670 0.042969
0 0.761272 0.582868 0.049777 0.042969
0 0.757924 0.582310 0.048884 0.042969
0 0.754576 0.581752 0.047991 0.042969
0 0.751228 0.581194 0.047098 0.042969
0 0.747879 0.580636 0.046205 0.042969
0 0.744531 0.580078 0.045312 0.042969
0 0.737305 0.579102 0.045312 0.042480
0 0.730078 0.578125 0.045312 0.041992
0 0.722852 0.577148 0.045312 0.041504
0 0.715625 0.576172 0.045312 0.041016
0 0.708398 0.575195 0.045312 0.040527
0 0.701172 0.574219 0.045312 0.040039
0 0.693945 0.573242 0.045312 0.039551
0 0.686719 0.572266 0.045312 0.039062
0 0.674335 0.570104 0.045312 0.039062
0 0.663122 0.570871 0.045312 0.039062
0 0.656595 0.571150 0.045312 0.041016
0 0.648897 0.566060 0.045312 0.041016
0 0.644712 0.568290 0.045312 0.041016
0 0.638185 0.567105 0.045312 0.042969
0 0.638685 0.567872 0.045312 0.042969
0 0.640357 0.568638 0.045312 0.042969
0 0.637343 0.565989 0.045312 0.044922
0 0.641358 0.563827 0.045312 0.044922
0 0.643030 0.567522 0.045312 0.044922
0 0.650558 0.568080 0.045312 0.047433
0 0.647545 0.567732 0.045312 0.048131
0 0.644531 0.567383 0.045312 0.048828
0 0.644531 0.567205 0.045028 0.048118
0 0.644531 0.567028 0.044744 0.047408
0 0.644531 0.566850 0.044460 0.046697
0 0.644531 0.566673 0.044176 0.045987
0 0.652659 0.567782 0.043750 0.044922
0 0.652020 0.564054 0.042188 0.042969
0 0.654505 0.564232 0.042188 0.042969
0 0.651133 0.564409 0.042188 0.042969
0 0.650104 0.563610 0.042188 0.041016
0 0.647903 0.565252 0.042188 0.041016
0 0.644531 0.565430 0.042188 0.041016
0 0.643056 0.564996 0.042014 0.041450
0 0.641580 0.564562 0.041840 0.041884
0 0.640104 0.564128 0.041667 0.042318
0 0.644051 0.559897 0.040625 0.041016
0 0.643833 0.558759 0.040625 0.042969
0 0.641273 0.559572 0.040625 0.042969
0 0.638713 0.558921 0.040625 0.042969
0 0.632726 0.561957 0.040799 0.044488
0 0.631250 0.561523 0.040625 0.044922
0 0.633748 0.561068 0.041463 0.045313
0 0.636245 0.560612 0.042301 0.045703
0 0.638743 0.560156 0.043139 0.046094
0 0.641241 0.559701 0.043977 0.046484
0 0.643739 0.559245 0.044815 0.046875
0 0.646236 0.558789 0.045652 0.047266
0 0.648734 0.558333 0.046490 0.047656
0 0.651232 0.557878 0.047328 0.048047
0 0.653729 0.557422 0.048166 0.048438
0 0.656227 0.556966 0.049004 0.048828
0 0.658725 0.556510 0.049842 0.049219
0 0.661223 0.556055 0.050680 0.049609
0 0.663720 0.555599 0.051518 0.050000
0 0.666218 0.555143 0.052356 0.050391
0 0.668716 0.554688 0.053194 0.050781
0 0.670970 0.554285 0.053465 0.050896
0 0.673223 0.553883 0.053737 0.051011
0 0.675477 0.553481 0.054009 0.051126
0 0.677731 0.553079 0.054280 0.051241
0 0.679985 0.552677 0.054552 0.051356
0 0.682239 0.552275 0.054824 0.051471
0 0.684493 0.551873 0.055096 0.051585
0 0.686747 0.551471 0.055367 0.051700
0 0.689000 0.551068 0.055639 0.051815
0 0.691254 0.550666 0.055911 0.051930
0 0.693508 0.550264 0.056182 0.052045
0 0.695762 0.549862 0.056454 0.052160
0 0.698016 0.549460 0.056726 0.052275
0 0.700270 0.549058 0.056997 0.052390
0 0.702524 0.548656 0.057269 0.052505
0 0.704777 0.548254 0.057541 0.052619
0 0.707031 0.547852 0.057813 0.052734
0 0.709567 0.546631 0.056250 0.050781
0 0.710932 0.546387 0.054688 0.050781
0 0.712297 0.545166 0.053125 0.048828
0 0.712101 0.543458 0.053125 0.048828
0 0.708780 0.541749 0.051562 0.048828
0 0.703118 0.544921 0.050000 0.046875
0 0.691598 0.543213 0.048438 0.046875
0 0.682031 0.542969 0.048438 0.046875
0 0.674214 0.542318 0.046875 0.046875
0 0.656637 0.544595 0.046875 0.046875
0 0.649601 0.542480 0.046875 0.046875
0 0.626167 0.541829 0.046875 0.046875
0 0.602733 0.542642 0.046875 0.046875
0 0.582812 0.540039 0.046875 0.048828
0 0.565848 0.539900 0.047768 0.048549
0 0.548884 0.539760 0.048661 0.048270
0 0.531920 0.539621 0.049554 0.047991
0 0.508876 0.540527 0.050000 0.046875
0 0.497991 0.539342 0.051339 0.047433
0 0.472493 0.539063 0.051562 0.046875
0 0.464062 0.539062 0.053125 0.046875
0 0.450195 0.538940 0.052734 0.046631
0 0.436328 0.538818 0.052344 0.046387
0 0.422461 0.538696 0.051953 0.046143
0 0.408594 0.538574 0.051563 0.045898
0 0.388284 0.538086 0.050000 0.044922
0 0.380859 0.538330 0.050781 0.045410
0 0.366992 0.538208 0.050391 0.045166
0 0.353125 0.538086 0.050000 0.044922
0 0.347545 0.537528 0.049554 0.045480
0 0.327574 0.536412 0.048438 0.044922
0 0.318703 0.535575 0.048438 0.044922
0 0.310222 0.534250 0.046875 0.046875
0 0.307207 0.531949 0.046875 0.046875
0 0.312392 0.535504 0.046875 0.046875
0 0.314063 0.534180 0.046875 0.048828
0 0.316927 0.534397 0.047396 0.047960
0 0.319792 0.534614 0.047917 0.047092
0 0.322656 0.534831 0.048438 0.046224
0 0.325521 0.535048 0.048958 0.045356
0 0.328385 0.535265 0.049479 0.044488
0 0.331250 0.535482 0.050000 0.043620
0 0.334115 0.535699 0.050521 0.042752
0 0.336979 0.535916 0.051042 0.041884
0 0.339844 0.536133 0.051562 0.041016
0 0.341741 0.537249 0.051339 0.041574
0 0.343638 0.538365 0.051116 0.042132
0 0.345536 0.539481 0.050893 0.042690
0 0.347433 0.540597 0.050670 0.043248
0 0.349330 0.541713 0.050446 0.043806
0 0.351228 0.542829 0.050223 0.044364
0 0.353125 0.543945 0.050000 0.044922
0 0.355035 0.544162 0.048958 0.044488
0 0.356944 0.544379 0.047917 0.044054
0 0.358854 0.544596 0.046875 0.043620
0 0.360764 0.544813 0.045833 0.043186
0 0.362674 0.545030 0.044792 0.042752
0 0.364583 0.545247 0.043750 0.042318
0 0.366493 0.545464 0.042708 0.041884
0 0.368403 0.545681 0.041667 0.041450
0 0.370312 0.545898 0.040625 0.041016
0 0.371987 0.554548 0.041741 0.041016
0 0.373661 0.563198 0.042857 0.041016
0 0.375335 0.571847 0.043973 0.041016
0 0.378682 0.593674 0.043750 0.041016
0 0.380579 0.597931 0.045312 0.041016
0 0.380134 0.609509 0.046875 0.041016
0 0.382031 0.606445 0.048438 0.041016
0 0.384542 0.605608 0.048103 0.040458
0 0.387054 0.604771 0.047768 0.039900
0 0.389565 0.603934 0.047433 0.039342
0 0.392076 0.603097 0.047098 0.038783
0 0.398547 0.604630 0.045312 0.037109
0 0.401225 0.602608 0.045312 0.037109
0 0.402733 0.604002 0.045312 0.035156
0 0.404240 0.606372 0.045312 0.035156
0 0.406918 0.602886 0.045312 0.035156
0 0.407645 0.602328 0.043750 0.035156
0 0.411494 0.600793 0.043750 0.033203
0 0.412165 0.596401 0.044420 0.034319
0 0.414676 0.595564 0.044085 0.033761
0 0.417187 0.594727 0.043750 0.033203
0 0.419070 0.594593 0.043537 0.033292
0 0.420952 0.594460 0.043324 0.033381
0 0.422834 0.594327 0.043111 0.033469
0 0.424716 0.594194 0.042898 0.033558
0 0.426598 0.594061 0.042685 0.033647
0 0.428480 0.593928 0.042472 0.033736
0 0.430362 0.593794 0.042259 0.033825
0 0.432244 0.593661 0.042045 0.033913
0 0.434126 0.593528 0.041832 0.034002
0 0.436009 0.593395 0.041619 0.034091
0 0.437891 0.593262 0.041406 0.034180
0 0.439773 0.593129 0.041193 0.034268
0 0.441655 0.592995 0.040980 0.034357
0 0.443537 0.592862 0.040767 0.034446
0 0.445419 0.592729 0.040554 0.034535
0 0.447301 0.592596 0.040341 0.034624
0 0.449183 0.592463 0.040128 0.034712
0 0.451065 0.592330 0.039915 0.034801
0 0.452947 0.592196 0.039702 0.034890
0 0.454830 0.592063 0.039489 0.034979
0 0.456712 0.591930 0.039276 0.035067
0 0.458594 0.591797 0.039062 0.035156
0 0.460547 0.591588 0.039286 0.035435
0 0.462500 0.591378 0.039509 0.035714
0 0.464453 0.591169 0.039732 0.035993
0 0.466406 0.590960 0.039955 0.036272
0 0.468359 0.590751 0.040179 0.036551
0 0.470313 0.590541 0.040402 0.036830
0 0.472266 0.590332 0.040625 0.037109
0 0.474219 0.590123 0.040848 0.037388
0 0.476172 0.589914 0.041071 0.037667
0 0.478125 0.589704 0.041295 0.037946
0 0.480078 0.589495 0.041518 0.038225
0 0.482031 0.589286 0.041741 0.038504
0 0.483984 0.589076 0.041964 0.038783
0 0.485938 0.588867 0.042188 0.039063
0 0.487891 0.588658 0.042411 0.039342
0 0.489844 0.588449 0.042634 0.039621
0 0.491797 0.588239 0.042857 0.039900
0 0.493750 0.588030 0.043080 0.040179
0 0.495703 0.587821 0.043304 0.040458
0 0.497656 0.587612 0.043527 0.040737
0 0.499609 0.587402 0.043750 0.041016
0 0.501563 0.587193 0.043973 0.041295
0 0.503516 0.586984 0.044196 0.041574
0 0.505469 0.586775 0.044420 0.041853
0 0.507422 0.586565 0.044643 0.042132
0 0.509375 0.586356 0.044866 0.042411
0 0.511328 0.586147 0.045089 0.042690
0 0.513281 0.585938 0.045312 0.042969
0 0.515098 0.585620 0.045195 0.042822
0 0.516914 0.585303 0.045078 0.042676
0 0.518730 0.584985 0.044961 0.042529
0 0.520547 0.584668 0.044844 0.042383
0 0.522363 0.584351 0.044727 0.042236
0 0.524180 0.584033 0.044609 0.042090
0 0.525996 0.583716 0.044492 0.041943
0 0.527812 0.583398 0.044375 0.041797
0 0.529629 0.583081 0.044258 0.041650
0 0.531445 0.582764 0.044141 0.041504
0 0.533262 0.582446 0.044023 0.041357
0 0.535078 0.582129 0.043906 0.041211
0 0.536895 0.581812 0.043789 0.041064
0 0.538711 0.581494 0.043672 0.040918
0 0.540527 0.581177 0.043555 0.040771
0 0.542344 0.580859 0.043438 0.040625
0 0.544160 0.580542 0.043320 0.040479
0 0.545977 0.580225 0.043203 0.040332
0 0.547793 0.579907 0.043086 0.040186
0 0.549609 0.579590 0.042969 0.040039
0 0.551426 0.579272 0.042852 0.039893
0 0.553242 0.578955 0.042734 0.039746
0 0.555059 0.578638 0.042617 0.039600
0 0.556875 0.578320 0.042500 0.039453
0 0.558691 0.578003 0.042383 0.039307
0 0.560508 0.577686 0.042266 0.039160
0 0.562324 0.577368 0.042148 0.039014
0 0.564141 0.577051 0.042031 0.038867
0 0.565957 0.576733 0.041914 0.038721
0 0.567773 0.576416 0.041797 0.038574
0 0.569590 0.576099 0.041680 0.038428
0 0.571406 0.575781 0.041563 0.038281
0 0.573223 0.575464 0.041445 0.038135
0 0.575039 0.575146 0.041328 0.037988
0 0.576855 0.574829 0.041211 0.037842
0 0.578672 0.574512 0.041094 0.037695
0 0.580488 0.574194 0.040977 0.037549
0 0.582305 0.573877 0.040859 0.037402
0 0.584121 0.573560 0.040742 0.037256
0 0.585938 0.573242 0.040625 0.037109
0 0.587632 0.572897 0.040553 0.037079
0 0.589327 0.572551 0.040481 0.037049
0 0.591022 0.572206 0.040409 0.037019
0 0.592716 0.571860 0.040337 0.036989
0 0.594411 0.571514 0.040264 0.036959
0 0.596106 0.571169 0.040192 0.036929
0 0.597800 0.570823 0.040120 0.036899
0 0.599495 0.570478 0.040048 0.036869
0 0.601190 0.570132 0.039976 0.036839
0 0.602885 0.569787 0.039904 0.036809
0 0.604579 0.569441 0.039832 0.036779
0 0.606274 0.569096 0.039760 0.036749
0 0.607969 0.568750 0.039687 0.036719
0 0.609663 0.568404 0.039615 0.036689
0 0.611358 0.568059 0.039543 0.036659
0 0.613053 0.567713 0.039471 0.036629
0 0.614748 0.567368 0.039399 0.036599
0 0.616442 0.567022 0.039327 0.036569
0 0.618137 0.566677 0.039255 0.036538
0 0.619832 0.566331 0.039183 0.036508
0 0.621526 0.565986 0.039111 0.036478
0 0.623221 0.565640 0.039038 0.036448
0 0.624916 0.565294 0.038966 0.036418
0 0.626611 0.564949 0.038894 0.036388
0 0.628305 0.564603 0.038822 0.036358
0 0.630000 0.564258 0.038750 0.036328
0 0.631695 0.563912 0.038678 0.036298
0 0.633389 0.563567 0.038606 0.036268
0 0.635084 0.563221 0.038534 0.036238
0 0.636779 0.562876 0.038462 0.036208
0 0.638474 0.562530 0.038389 0.036178
0 0.640168 0.562184 0.038317 0.036148
0 0.641863 0.561839 0.038245 0.036118
0 0.643558 0.561493 0.038173 0.036088
0 0.645252 0.561148 0.038101 0.036058
0 0.646947 0.560802 0.038029 0.036028
0 0.648642 0.560457 0.037957 0.035998
0 0.650337 0.560111 0.037885 0.035968
0 0.652031 0.559766 0.037812 0.035937
0 0.653726 0.559420 0.037740 0.035907
0 0.655421 0.559075 0.037668 0.035877
0 0.657115 0.558729 0.037596 0.035847
0 0.658810 0.558383 0.037524 0.035817
0 0.660505 0.558038 0.037452 0.035787
0 0.662200 0.557692 0.037380 0.035757
0 0.663894 0.557347 0.037308 0.035727
0 0.665589 0.557001 0.037236 0.035697
0 0.667284 0.556656 0.037163 0.035667
0 0.668978 0.556310 0.037091 0.035637
0 0.670673 0.555965 0.037019 0.035607
0 0.672368 0.555619 0.036947 0.035577
0 0.674063 0.555273 0.036875 0.035547
0 0.675757 0.554928 0.036803 0.035517
0 0.677452 0.554582 0.036731 0.035487
0 0.679147 0.554237 0.036659 0.035457
0 0.680841 0.553891 0.036587 0.035427
0 0.682536 0.553546 0.036514 0.035397
0 0.684231 0.553200 0.036442 0.035367
0 0.685925 0.552855 0.036370 0.035337
0 0.687620 0.552509 0.036298 0.035306
0 0.689315 0.552163 0.036226 0.035276
0 0.691010 0.551818 0.036154 0.035246
0 0.692704 0.551472 0.036082 0.035216
0 0.694399 0.551127 0.036010 0.035186
0 0.696094 0.550781 0.035937 0.035156
