0 0.505469 0.332031 0.042188 0.042969
0 0.506116 0.331347 0.042188 0.042994
0 0.506763 0.330663 0.042188 0.043019
0 0.507409 0.329979 0.042188 0.043043
0 0.508056 0.329294 0.042188 0.043068
0 0.508703 0.328610 0.042188 0.043093
0 0.509350 0.327926 0.042188 0.043118
0 0.509997 0.327242 0.042188 0.043143
0 0.510644 0.326558 0.042188 0.043168
0 0.511291 0.325873 0.042188 0.043193
0 0.511938 0.325189 0.042188 0.043218
0 0.512585 0.324505 0.042188 0.043242
0 0.513231 0.323821 0.042188 0.043267
0 0.513878 0.323136 0.042188 0.043292
0 0.514525 0.322452 0.042188 0.043317
0 0.515172 0.321768 0.042188 0.043342
0 0.515819 0.321084 0.042188 0.043367
0 0.516466 0.320400 0.042188 0.043392
0 0.517113 0.319715 0.042188 0.043417
0 0.517760 0.319031 0.042188 0.043441
0 0.518407 0.318347 0.042188 0.043466
0 0.519054 0.317663 0.042188 0.043491
0 0.519700 0.316979 0.042188 0.043516
0 0.520347 0.316294 0.042188 0.043541
0 0.520994 0.315610 0.042188 0.043566
0 0.521641 0.314926 0.042188 0.043591
0 0.522288 0.314242 0.042188 0.043616
0 0.522935 0.313557 0.042188 0.043641
0 0.523582 0.312873 0.042188 0.043665
0 0.524229 0.312189 0.042188 0.043690
0 0.524876 0.311505 0.042188 0.043715
0 0.525522 0.310821 0.042188 0.043740
0 0.526169 0.310136 0.042188 0.043765
0 0.526816 0.309452 0.042188 0.043790
0 0.527463 0.308768 0.042188 0.043815
0 0.528110 0.308084 0.042188 0.043840
0 0.528757 0.307399 0.042188 0.043864
0 0.529404 0.306715 0.042188 0.043889
0 0.530051 0.306031 0.042188 0.043914
0 0.530698 0.305347 0.042188 0.043939
0 0.531345 0.304663 0.042188 0.043964
0 0.531991 0.303978 0.042188 0.043989
0 0.532638 0.303294 0.042188 0.044014
0 0.533285 0.302610 0.042188 0.044039
0 0.533932 0.301926 0.042188 0.044063
0 0.534579 0.301242 0.042188 0.044088
0 0.535226 0.300557 0.042188 0.044113
0 0.535873 0.299873 0.042188 0.044138
0 0.536520 0.299189 0.042188 0.044163
0 0.537167 0.298505 0.042188 0.044188
0 0.537813 0.297820 0.042188 0.044213
0 0.538460 0.297136 0.042188 0.044238
0 0.539107 0.296452 0.042188 0.044263
0 0.539754 0.295768 0.042188 0.044287
0 0.540401 0.295084 0.042188 0.044312
0 0.541048 0.294399 0.042188 0.044337
0 0.541695 0.293715 0.042188 0.044362
0 0.542342 0.293031 0.042188 0.044387
0 0.542989 0.292347 0.042188 0.044412
0 0.543636 0.291663 0.042188 0.044437
0 0.544282 0.290978 0.042188 0.044462
0 0.544929 0.290294 0.042188 0.044486
0 0.545576 0.289610 0.042188 0.044511
0 0.546223 0.288926 0.042188 0.044536
0 0.546870 0.288241 0.042188 0.044561
0 0.547517 0.287557 0.042188 0.044586
0 0.548164 0.286873 0.042188 0.044611
0 0.548811 0.286189 0.042188 0.044636
0 0.549458 0.285505 0.042188 0.044661
0 0.550104 0.284820 0.042188 0.044686
0 0.550751 0.284136 0.042188 0.044710
0 0.551398 0.283452 0.042188 0.044735
0 0.552045 0.282768 0.042188 0.044760
0 0.552692 0.282083 0.042188 0.044785
0 0.553339 0.281399 0.042188 0.044810
0 0.553986 0.280715 0.042188 0.044835
0 0.554633 0.280031 0.042188 0.044860
0 0.555280 0.279347 0.042188 0.044885
0 0.555927 0.278662 0.042188 0.044909
0 0.556573 0.277978 0.042188 0.044934
0 0.557220 0.277294 0.042188 0.044959
0 0.557867 0.276610 0.042188 0.044984
0 0.558514 0.275926 0.042188 0.045009
0 0.559161 0.275241 0.042188 0.045034
0 0.559808 0.274557 0.042188 0.045059
0 0.560455 0.273873 0.042188 0.045084
0 0.561102 0.273189 0.042188 0.045108
0 0.561749 0.272504 0.042188 0.045133
0 0.562396 0.271820 0.042188 0.045158
0 0.563042 0.271136 0.042188 0.045183
0 0.563689 0.270452 0.042188 0.045208
0 0.564336 0.269768 0.042188 0.045233
0 0.564983 0.269083 0.042188 0.045258
0 0.565630 0.268399 0.042188 0.045283
0 0.566277 0.267715 0.042188 0.045308
0 0.566924 0.267031 0.042188 0.045332
0 0.567571 0.266347 0.042188 0.045357
0 0.568218 0.265662 0.042188 0.045382
0 0.568864 0.264978 0.042188 0.045407
0 0.569511 0.264294 0.042188 0.045432
0 0.570158 0.263610 0.042188 0.045457
0 0.570805 0.262925 0.042188 0.045482
0 0.571452 0.262241 0.042188 0.045507
0 0.572099 0.261557 0.042188 0.045531
0 0.572746 0.260873 0.042188 0.045556
0 0.573393 0.260189 0.042188 0.045581
0 0.574040 0.259504 0.042188 0.045606
0 0.574687 0.258820 0.042188 0.045631
0 0.575333 0.258136 0.042188 0.045656
0 0.575980 0.257452 0.042188 0.045681
0 0.576627 0.256768 0.042188 0.045706
0 0.577274 0.256083 0.042188 0.045730
0 0.577921 0.255399 0.042188 0.045755
0 0.578568 0.254715 0.042188 0.045780
0 0.579215 0.254031 0.042188 0.045805
0 0.579862 0.253346 0.042188 0.045830
0 0.580509 0.252662 0.042188 0.045855
0 0.581155 0.251978 0.042188 0.045880
0 0.581802 0.251294 0.042188 0.045905
0 0.582449 0.250610 0.042188 0.045930
0 0.583096 0.249925 0.042188 0.045954
0 0.583743 0.249241 0.042188 0.045979
0 0.584390 0.248557 0.042188 0.046004
0 0.585037 0.247873 0.042188 0.046029
0 0.585684 0.247188 0.042188 0.046054
0 0.586331 0.246504 0.042188 0.046079
0 0.586978 0.245820 0.042188 0.046104
0 0.587624 0.245136 0.042188 0.046129
0 0.588271 0.244452 0.042188 0.046153
0 0.588918 0.243767 0.042188 0.046178
0 0.589565 0.243083 0.042188 0.046203
0 0.590212 0.242399 0.042188 0.046228
0 0.590859 0.241715 0.042188 0.046253
0 0.591506 0.241031 0.042188 0.046278
0 0.592153 0.240346 0.042188 0.046303
0 0.592800 0.239662 0.042188 0.046328
0 0.593446 0.238978 0.042188 0.046353
0 0.594093 0.238294 0.042188 0.046377
0 0.594740 0.237609 0.042188 0.046402
0 0.595387 0.236925 0.042188 0.046427
0 0.596034 0.236241 0.042188 0.046452
0 0.596681 0.235557 0.042188 0.046477
0 0.597328 0.234873 0.042188 0.046502
0 0.597975 0.234188 0.042188 0.046527
0 0.598622 0.233504 0.042188 0.046552
0 0.599269 0.232820 0.042188 0.046576
0 0.599915 0.232136 0.042188 0.046601
0 0.600562 0.231452 0.042188 0.046626
0 0.601209 0.230767 0.042188 0.046651
0 0.601856 0.230083 0.042188 0.046676
0 0.602503 0.229399 0.042188 0.046701
0 0.603150 0.228715 0.042188 0.046726
0 0.603797 0.228030 0.042188 0.046751
0 0.604444 0.227346 0.042188 0.046775
0 0.605091 0.226662 0.042188 0.046800
0 0.605737 0.225978 0.042188 0.046825
0 0.606384 0.225294 0.042188 0.046850
0 0.607031 0.224609 0.042188 0.046875
0 0.607687 0.223877 0.042104 0.046666
0 0.608343 0.223145 0.042020 0.046456
0 0.608998 0.222412 0.041936 0.046247
0 0.609654 0.221680 0.041853 0.046038
0 0.610310 0.220947 0.041769 0.045829
0 0.610965 0.220215 0.041685 0.045619
0 0.611621 0.219482 0.041602 0.045410
0 0.612277 0.218750 0.041518 0.045201
0 0.612932 0.218018 0.041434 0.044992
0 0.613588 0.217285 0.041350 0.044782
0 0.614244 0.216553 0.041267 0.044573
0 0.614900 0.215820 0.041183 0.044364
0 0.615555 0.215088 0.041099 0.044155
0 0.616211 0.214355 0.041016 0.043945
0 0.616867 0.213623 0.040932 0.043736
0 0.617522 0.212891 0.040848 0.043527
0 0.618178 0.212158 0.040765 0.043318
0 0.618834 0.211426 0.040681 0.043108
0 0.619489 0.210693 0.040597 0.042899
0 0.620145 0.209961 0.040513 0.042690
0 0.620801 0.209229 0.040430 0.042480
0 0.621456 0.208496 0.040346 0.042271
0 0.622112 0.207764 0.040262 0.042062
0 0.622768 0.207031 0.040179 0.041853
0 0.623424 0.206299 0.040095 0.041643
0 0.624079 0.205566 0.040011 0.041434
0 0.624735 0.204834 0.039927 0.041225
0 0.625391 0.204102 0.039844 0.041016
0 0.626046 0.203369 0.039760 0.040806
0 0.626702 0.202637 0.039676 0.040597
0 0.627358 0.201904 0.039593 0.040388
0 0.628013 0.201172 0.039509 0.040179
0 0.628669 0.200439 0.039425 0.039969
0 0.629325 0.199707 0.039342 0.039760
0 0.629980 0.198975 0.039258 0.039551
0 0.630636 0.198242 0.039174 0.039342
0 0.631292 0.197510 0.039090 0.039132
0 0.631948 0.196777 0.039007 0.038923
0 0.632603 0.196045 0.038923 0.038714
0 0.633259 0.195312 0.038839 0.038504
0 0.633915 0.194580 0.038756 0.038295
0 0.634570 0.193848 0.038672 0.038086
0 0.635226 0.193115 0.038588 0.037877
0 0.635882 0.192383 0.038504 0.037667
0 0.636537 0.191650 0.038421 0.037458
0 0.637193 0.190918 0.038337 0.037249
0 0.637849 0.190186 0.038253 0.037040
0 0.638504 0.189453 0.038170 0.036830
0 0.639160 0.188721 0.038086 0.036621
0 0.639816 0.187988 0.038002 0.036412
0 0.640472 0.187256 0.037919 0.036203
0 0.641127 0.186523 0.037835 0.035993
0 0.641783 0.185791 0.037751 0.035784
0 0.642439 0.185059 0.037667 0.035575
0 0.643094 0.184326 0.037584 0.035366
0 0.643750 0.183594 0.037500 0.035156
0 0.644518 0.182836 0.037581 0.035257
0 0.645286 0.182078 0.037662 0.035358
0 0.646053 0.181321 0.037742 0.035459
0 0.646821 0.180563 0.037823 0.035560
0 0.647589 0.179805 0.037904 0.035661
0 0.648357 0.179048 0.037985 0.035762
0 0.649124 0.178290 0.038066 0.035863
0 0.649892 0.177532 0.038147 0.035964
0 0.650660 0.176775 0.038227 0.036065
0 0.651428 0.176017 0.038308 0.036166
0 0.652196 0.175259 0.038389 0.036268
0 0.652963 0.174502 0.038470 0.036369
0 0.653731 0.173744 0.038551 0.036470
0 0.654499 0.172986 0.038631 0.036571
0 0.655267 0.172229 0.038712 0.036672
0 0.656034 0.171471 0.038793 0.036773
0 0.656802 0.170713 0.038874 0.036874
0 0.657570 0.169956 0.038955 0.036975
0 0.658338 0.169198 0.039036 0.037076
0 0.659106 0.168440 0.039116 0.037177
0 0.659873 0.167683 0.039197 0.037278
0 0.660641 0.166925 0.039278 0.037379
0 0.661409 0.166167 0.039359 0.037480
0 0.662177 0.165409 0.039440 0.037581
0 0.662945 0.164652 0.039520 0.037682
0 0.663712 0.163894 0.039601 0.037783
0 0.664480 0.163136 0.039682 0.037884
0 0.665248 0.162379 0.039763 0.037985
0 0.666016 0.161621 0.039844 0.038086
0 0.666783 0.160863 0.039925 0.038187
0 0.667551 0.160106 0.040005 0.038288
0 0.668319 0.159348 0.040086 0.038389
0 0.669087 0.158590 0.040167 0.038490
0 0.669855 0.157833 0.040248 0.038591
0 0.670622 0.157075 0.040329 0.038692
0 0.671390 0.156317 0.040409 0.038793
0 0.672158 0.155560 0.040490 0.038894
0 0.672926 0.154802 0.040571 0.038995
0 0.673693 0.154044 0.040652 0.039096
0 0.674461 0.153287 0.040733 0.039197
0 0.675229 0.152529 0.040814 0.039298
0 0.675997 0.151771 0.040894 0.039399
0 0.676765 0.151014 0.040975 0.039500
0 0.677532 0.150256 0.041056 0.039601
0 0.678300 0.149498 0.041137 0.039702
0 0.679068 0.148741 0.041218 0.039803
0 0.679836 0.147983 0.041298 0.039904
0 0.680603 0.147225 0.041379 0.040005
0 0.681371 0.146468 0.041460 0.040106
0 0.682139 0.145710 0.041541 0.040207
0 0.682907 0.144952 0.041622 0.040308
0 0.683675 0.144195 0.041703 0.040409
0 0.684442 0.143437 0.041783 0.040511
0 0.685210 0.142679 0.041864 0.040612
0 0.685978 0.141921 0.041945 0.040713
0 0.686746 0.141164 0.042026 0.040814
0 0.687513 0.140406 0.042107 0.040915
0 0.688281 0.139648 0.042188 0.041016
0 0.689187 0.138761 0.042294 0.041104
0 0.690092 0.137873 0.042401 0.041193
0 0.690998 0.136985 0.042507 0.041282
0 0.691903 0.136097 0.042614 0.041371
0 0.692809 0.135210 0.042720 0.041460
0 0.693714 0.134322 0.042827 0.041548
0 0.694620 0.133434 0.042933 0.041637
0 0.695526 0.132546 0.043040 0.041726
0 0.696431 0.131658 0.043146 0.041815
0 0.697337 0.130771 0.043253 0.041903
0 0.698242 0.129883 0.043359 0.041992
0 0.699148 0.128995 0.043466 0.042081
0 0.700053 0.128107 0.043572 0.042170
0 0.700959 0.127219 0.043679 0.042259
0 0.701864 0.126332 0.043786 0.042347
0 0.702770 0.125444 0.043892 0.042436
0 0.703675 0.124556 0.043999 0.042525
0 0.704581 0.123668 0.044105 0.042614
0 0.705487 0.122781 0.044212 0.042702
0 0.706392 0.121893 0.044318 0.042791
0 0.707298 0.121005 0.044425 0.042880
0 0.708203 0.120117 0.044531 0.042969
0 0.709109 0.119229 0.044638 0.043058
0 0.710014 0.118342 0.044744 0.043146
0 0.710920 0.117454 0.044851 0.043235
0 0.711825 0.116566 0.044957 0.043324
0 0.712731 0.115678 0.045064 0.043413
0 0.713636 0.114790 0.045170 0.043501
0 0.714542 0.113903 0.045277 0.043590
0 0.715447 0.113015 0.045384 0.043679
0 0.716353 0.112127 0.045490 0.043768
0 0.717259 0.111239 0.045597 0.043857
0 0.718164 0.110352 0.045703 0.043945
0 0.719070 0.109464 0.045810 0.044034
0 0.719975 0.108576 0.045916 0.044123
0 0.720881 0.107688 0.046023 0.044212
0 0.721786 0.106800 0.046129 0.044300
0 0.722692 0.105913 0.046236 0.044389
0 0.723597 0.105025 0.046342 0.044478
0 0.724503 0.104137 0.046449 0.044567
0 0.725408 0.103249 0.046555 0.044656
0 0.726314 0.102362 0.046662 0.044744
0 0.727219 0.101474 0.046768 0.044833
0 0.728125 0.100586 0.046875 0.044922
