0 0.499219 0.412109 0.048438 0.050781
0 0.497526 0.416829 0.048177 0.050456
0 0.495833 0.421549 0.047917 0.050130
0 0.494141 0.426270 0.047656 0.049805
0 0.492448 0.430990 0.047396 0.049479
0 0.490755 0.435710 0.047135 0.049154
0 0.489063 0.440430 0.046875 0.048828
0 0.488184 0.441040 0.047461 0.049561
0 0.487305 0.441650 0.048047 0.050293
0 0.486426 0.442261 0.048633 0.051025
0 0.485547 0.442871 0.049219 0.051758
0 0.484668 0.443481 0.049805 0.052490
0 0.483789 0.444092 0.050391 0.053223
0 0.482910 0.444702 0.050977 0.053955
0 0.482031 0.445312 0.051562 0.054688
0 0.481702 0.446135 0.051727 0.054893
0 0.481373 0.446957 0.051891 0.055099
0 0.481044 0.447780 0.052056 0.055304
0 0.480715 0.448602 0.052220 0.055510
0 0.480387 0.449424 0.052385 0.055715
0 0.480058 0.450247 0.052549 0.055921
0 0.479729 0.451069 0.052714 0.056127
0 0.479400 0.451891 0.052878 0.056332
0 0.479071 0.452714 0.053043 0.056538
0 0.478742 0.453536 0.053207 0.056743
0 0.478413 0.454359 0.053372 0.056949
0 0.478084 0.455181 0.053536 0.057155
0 0.477755 0.456003 0.053701 0.057360
0 0.477426 0.456826 0.053865 0.057566
0 0.477097 0.457648 0.054030 0.057771
0 0.476768 0.458470 0.054194 0.057977
0 0.476439 0.459293 0.054359 0.058183
0 0.476110 0.460115 0.054523 0.058388
0 0.475781 0.460938 0.054688 0.058594
0 0.475595 0.462333 0.054315 0.058222
0 0.475409 0.463728 0.053943 0.057850
0 0.475223 0.465123 0.053571 0.057478
0 0.475037 0.466518 0.053199 0.057106
0 0.474851 0.467913 0.052827 0.056734
0 0.474665 0.469308 0.052455 0.056362
0 0.474479 0.470703 0.052083 0.055990
0 0.474293 0.472098 0.051711 0.055618
0 0.474107 0.473493 0.051339 0.055246
0 0.473921 0.474888 0.050967 0.054874
0 0.473735 0.476283 0.050595 0.054501
0 0.473549 0.477679 0.050223 0.054129
0 0.473363 0.479074 0.049851 0.053757
0 0.473177 0.480469 0.049479 0.053385
0 0.472991 0.481864 0.049107 0.053013
0 0.472805 0.483259 0.048735 0.052641
0 0.472619 0.484654 0.048363 0.052269
0 0.472433 0.486049 0.047991 0.051897
0 0.472247 0.487444 0.047619 0.051525
0 0.472061 0.488839 0.047247 0.051153
0 0.471875 0.490234 0.046875 0.050781
0 0.471540 0.491397 0.047098 0.051060
0 0.471205 0.492560 0.047321 0.051339
0 0.470871 0.493722 0.047545 0.051618
0 0.470536 0.494885 0.047768 0.051897
0 0.470201 0.496047 0.047991 0.052176
0 0.469866 0.497210 0.048214 0.052455
0 0.469531 0.498372 0.048437 0.052734
0 0.469196 0.499535 0.048661 0.053013
0 0.468862 0.500698 0.048884 0.053292
0 0.468527 0.501860 0.049107 0.053571
0 0.468192 0.503023 0.049330 0.053850
0 0.467857 0.504185 0.049554 0.054129
0 0.467522 0.505348 0.049777 0.054408
0 0.467187 0.506510 0.050000 0.054688
0 0.466853 0.507673 0.050223 0.054967
0 0.466518 0.508836 0.050446 0.055246
0 0.466183 0.509998 0.050670 0.055525
0 0.465848 0.511161 0.050893 0.055804
0 0.465513 0.512323 0.051116 0.056083
0 0.465179 0.513486 0.051339 0.056362
0 0.464844 0.514648 0.051562 0.056641
0 0.464805 0.516016 0.051484 0.056836
0 0.464766 0.517383 0.051406 0.057031
0 0.464727 0.518750 0.051328 0.057227
0 0.464688 0.520117 0.051250 0.057422
0 0.464648 0.521484 0.051172 0.057617
0 0.464609 0.522852 0.051094 0.057812
0 0.464570 0.524219 0.051016 0.058008
0 0.464531 0.525586 0.050938 0.058203
0 0.464492 0.526953 0.050859 0.058398
0 0.464453 0.528320 0.050781 0.058594
0 0.464414 0.529687 0.050703 0.058789
0 0.464375 0.531055 0.050625 0.058984
0 0.464336 0.532422 0.050547 0.059180
0 0.464297 0.533789 0.050469 0.059375
0 0.464258 0.535156 0.050391 0.059570
0 0.464219 0.536523 0.050313 0.059766
0 0.464180 0.537891 0.050234 0.059961
0 0.464141 0.539258 0.050156 0.060156
0 0.464102 0.540625 0.050078 0.060352
0 0.464063 0.541992 0.050000 0.060547
0 0.463707 0.543590 0.049574 0.059837
0 0.463352 0.545188 0.049148 0.059126
0 0.462997 0.546786 0.048722 0.058416
0 0.462642 0.548384 0.048295 0.057706
0 0.462287 0.549982 0.047869 0.056996
0 0.461932 0.551580 0.047443 0.056286
0 0.461577 0.553178 0.047017 0.055575
0 0.461222 0.554776 0.046591 0.054865
0 0.460866 0.556374 0.046165 0.054155
0 0.460511 0.557972 0.045739 0.053445
0 0.460156 0.559570 0.045312 0.052734
0 0.459948 0.560872 0.045521 0.052995
0 0.459740 0.562174 0.045729 0.053255
0 0.459531 0.563477 0.045938 0.053516
0 0.459323 0.564779 0.046146 0.053776
0 0.459115 0.566081 0.046354 0.054036
0 0.458906 0.567383 0.046563 0.054297
0 0.458698 0.568685 0.046771 0.054557
0 0.458490 0.569987 0.046979 0.054818
0 0.458281 0.571289 0.047188 0.055078
0 0.458073 0.572591 0.047396 0.055339
0 0.457865 0.573893 0.047604 0.055599
0 0.457656 0.575195 0.047813 0.055859
0 0.457448 0.576497 0.048021 0.056120
0 0.457240 0.577799 0.048229 0.056380
0 0.457031 0.579102 0.048438 0.056641
0 0.456597 0.580132 0.048264 0.056098
0 0.456163 0.581163 0.048090 0.055556
0 0.455729 0.582194 0.047917 0.055013
0 0.455295 0.583225 0.047743 0.054470
0 0.454861 0.584256 0.047569 0.053928
0 0.454427 0.585286 0.047396 0.053385
0 0.453993 0.586317 0.047222 0.052843
0 0.453559 0.587348 0.047049 0.052300
0 0.453125 0.588379 0.046875 0.051758
0 0.452691 0.589410 0.046701 0.051215
0 0.452257 0.590441 0.046528 0.050673
0 0.451823 0.591471 0.046354 0.050130
0 0.451389 0.592502 0.046181 0.049588
0 0.450955 0.593533 0.046007 0.049045
0 0.450521 0.594564 0.045833 0.048503
0 0.450087 0.595595 0.045660 0.047960
0 0.449653 0.596625 0.045486 0.047418
0 0.449219 0.597656 0.045312 0.046875
0 0.449132 0.598777 0.045602 0.047092
0 0.449045 0.599899 0.045891 0.047309
0 0.448958 0.601020 0.046181 0.047526
0 0.448872 0.602141 0.046470 0.047743
0 0.448785 0.603262 0.046759 0.047960
0 0.448698 0.604384 0.047049 0.048177
0 0.448611 0.605505 0.047338 0.048394
0 0.448524 0.606626 0.047627 0.048611
0 0.448438 0.607747 0.047917 0.048828
0 0.448351 0.608869 0.048206 0.049045
0 0.448264 0.609990 0.048495 0.049262
0 0.448177 0.611111 0.048785 0.049479
0 0.448090 0.612232 0.049074 0.049696
0 0.448003 0.613354 0.049363 0.049913
0 0.447917 0.614475 0.049653 0.050130
0 0.447830 0.615596 0.049942 0.050347
0 0.447743 0.616717 0.050231 0.050564
0 0.447656 0.617839 0.050521 0.050781
0 0.447569 0.618960 0.050810 0.050998
0 0.447483 0.620081 0.051100 0.051215
0 0.447396 0.621202 0.051389 0.051432
0 0.447309 0.622323 0.051678 0.051649
0 0.447222 0.623445 0.051968 0.051866
0 0.447135 0.624566 0.052257 0.052083
0 0.447049 0.625687 0.052546 0.052300
0 0.446962 0.626808 0.052836 0.052517
0 0.446875 0.627930 0.053125 0.052734
0 0.446625 0.629141 0.053000 0.052656
0 0.446375 0.630352 0.052875 0.052578
0 0.446125 0.631562 0.052750 0.052500
0 0.445875 0.632773 0.052625 0.052422
0 0.445625 0.633984 0.052500 0.052344
0 0.445375 0.635195 0.052375 0.052266
0 0.445125 0.636406 0.052250 0.052188
0 0.444875 0.637617 0.052125 0.052109
0 0.444625 0.638828 0.052000 0.052031
0 0.444375 0.640039 0.051875 0.051953
0 0.444125 0.641250 0.051750 0.051875
0 0.443875 0.642461 0.051625 0.051797
0 0.443625 0.643672 0.051500 0.051719
0 0.443375 0.644883 0.051375 0.051641
0 0.443125 0.646094 0.051250 0.051563
0 0.442875 0.647305 0.051125 0.051484
0 0.442625 0.648516 0.051000 0.051406
0 0.442375 0.649727 0.050875 0.051328
0 0.442125 0.650937 0.050750 0.051250
0 0.441875 0.652148 0.050625 0.051172
0 0.441625 0.653359 0.050500 0.051094
0 0.441375 0.654570 0.050375 0.051016
0 0.441125 0.655781 0.050250 0.050938
0 0.440875 0.656992 0.050125 0.050859
0 0.440625 0.658203 0.050000 0.050781
0 0.440469 0.659180 0.050063 0.050547
0 0.440312 0.660156 0.050125 0.050312
0 0.440156 0.661133 0.050188 0.050078
0 0.440000 0.662109 0.050250 0.049844
0 0.439844 0.663086 0.050313 0.049609
0 0.439687 0.664063 0.050375 0.049375
0 0.439531 0.665039 0.050438 0.049141
0 0.439375 0.666016 0.050500 0.048906
0 0.439219 0.666992 0.050563 0.048672
0 0.439062 0.667969 0.050625 0.048437
0 0.438906 0.668945 0.050688 0.048203
0 0.438750 0.669922 0.050750 0.047969
0 0.438594 0.670898 0.050813 0.047734
0 0.438437 0.671875 0.050875 0.047500
0 0.438281 0.672852 0.050938 0.047266
0 0.438125 0.673828 0.051000 0.047031
0 0.437969 0.674805 0.051063 0.046797
0 0.437812 0.675781 0.051125 0.046562
0 0.437656 0.676758 0.051188 0.046328
0 0.437500 0.677734 0.051250 0.046094
0 0.437344 0.678711 0.051313 0.045859
0 0.437187 0.679688 0.051375 0.045625
0 0.437031 0.680664 0.051438 0.045391
0 0.436875 0.681641 0.051500 0.045156
0 0.436719 0.682617 0.051562 0.044922
0 0.436406 0.683633 0.051063 0.045078
0 0.436094 0.684648 0.050563 0.045234
0 0.435781 0.685664 0.050063 0.045391
0 0.435469 0.686680 0.049563 0.045547
0 0.435156 0.687695 0.049063 0.045703
0 0.434844 0.688711 0.048563 0.045859
0 0.434531 0.689727 0.048063 0.046016
0 0.434219 0.690742 0.047563 0.046172
0 0.433906 0.691758 0.047063 0.046328
0 0.433594 0.692773 0.046563 0.046484
0 0.433281 0.693789 0.046063 0.046641
0 0.432969 0.694805 0.045563 0.046797
0 0.432656 0.695820 0.045063 0.046953
0 0.432344 0.696836 0.044563 0.047109
0 0.432031 0.697852 0.044063 0.047266
0 0.431719 0.698867 0.043563 0.047422
0 0.431406 0.699883 0.043063 0.047578
0 0.431094 0.700898 0.042563 0.047734
0 0.430781 0.701914 0.042063 0.047891
0 0.430469 0.702930 0.041563 0.048047
0 0.430156 0.703945 0.041063 0.048203
0 0.429844 0.704961 0.040563 0.048359
0 0.429531 0.705977 0.040063 0.048516
0 0.429219 0.706992 0.039563 0.048672
0 0.428906 0.708008 0.039062 0.048828
0 0.428594 0.709033 0.039062 0.048340
0 0.428281 0.710059 0.039062 0.047852
0 0.427969 0.711084 0.039062 0.047363
0 0.427656 0.712109 0.039062 0.046875
0 0.427344 0.713135 0.039062 0.046387
0 0.427031 0.714160 0.039062 0.045898
0 0.426719 0.715186 0.039062 0.045410
0 0.426406 0.716211 0.039062 0.044922
0 0.426094 0.717236 0.039062 0.044434
0 0.425781 0.718262 0.039062 0.043945
0 0.425469 0.719287 0.039062 0.043457
0 0.425156 0.720313 0.039062 0.042969
0 0.424844 0.721338 0.039062 0.042480
0 0.424531 0.722363 0.039062 0.041992
0 0.424219 0.723389 0.039062 0.041504
0 0.423906 0.724414 0.039062 0.041016
0 0.423594 0.725439 0.039062 0.040527
0 0.423281 0.726465 0.039062 0.040039
0 0.422969 0.727490 0.039062 0.039551
0 0.422656 0.728516 0.039062 0.039062
0 0.422414 0.729469 0.039100 0.039202
0 0.422173 0.730422 0.039137 0.039342
0 0.421931 0.731376 0.039174 0.039481
0 0.421689 0.732329 0.039211 0.039621
0 0.421447 0.733282 0.039249 0.039760
0 0.421205 0.734235 0.039286 0.039900
0 0.420964 0.735189 0.039323 0.040039
0 0.420722 0.736142 0.039360 0.040179
0 0.420480 0.737095 0.039397 0.040318
0 0.420238 0.738049 0.039435 0.040458
0 0.419996 0.739002 0.039472 0.040597
0 0.419754 0.739955 0.039509 0.040737
0 0.419513 0.740909 0.039546 0.040876
0 0.419271 0.741862 0.039583 0.041016
0 0.419029 0.742815 0.039621 0.041155
0 0.418787 0.743769 0.039658 0.041295
0 0.418545 0.744722 0.039695 0.041434
0 0.418304 0.745675 0.039732 0.041574
0 0.418062 0.746629 0.039769 0.041713
0 0.417820 0.747582 0.039807 0.041853
0 0.417578 0.748535 0.039844 0.041992
0 0.417336 0.749488 0.039881 0.042132
0 0.417094 0.750442 0.039918 0.042271
0 0.416853 0.751395 0.039955 0.042411
0 0.416611 0.752348 0.039993 0.042550
0 0.416369 0.753302 0.040030 0.042690
0 0.416127 0.754255 0.040067 0.042829
0 0.415885 0.755208 0.040104 0.042969
0 0.415644 0.756162 0.040141 0.043108
0 0.415402 0.757115 0.040179 0.043248
0 0.415160 0.758068 0.040216 0.043387
0 0.414918 0.759022 0.040253 0.043527
0 0.414676 0.759975 0.040290 0.043666
0 0.414435 0.760928 0.040327 0.043806
0 0.414193 0.761882 0.040365 0.043945
0 0.413951 0.762835 0.040402 0.044085
0 0.413709 0.763788 0.040439 0.044224
0 0.413467 0.764741 0.040476 0.044364
0 0.413225 0.765695 0.040513 0.044503
0 0.412984 0.766648 0.040551 0.044643
0 0.412742 0.767601 0.040588 0.044782
0 0.412500 0.768555 0.040625 0.044922
