0 0.572656 0.331055 0.076563 0.072266
0 0.574223 0.329843 0.077646 0.073667
0 0.571257 0.333223 0.077122 0.073034
0 0.570082 0.333034 0.076669 0.072780
0 0.570527 0.333670 0.077797 0.073937
0 0.568548 0.331265 0.077032 0.073040
0 0.565684 0.333522 0.077591 0.073718
0 0.567739 0.331147 0.076817 0.072525
0 0.576035 0.326265 0.076926 0.072613
0 0.578480 0.331592 0.077595 0.073374
0 0.578414 0.328211 0.077180 0.072912
0 0.582908 0.334105 0.077147 0.072926
0 0.586757 0.330118 0.077509 0.073301
0 0.583688 0.331869 0.077464 0.073152
0 0.582117 0.335377 0.077547 0.073312
0 0.579050 0.332993 0.077113 0.073077
0 0.580919 0.334505 0.076600 0.072437
0 0.577349 0.332099 0.077396 0.073209
0 0.580114 0.334072 0.077265 0.072997
0 0.588384 0.329360 0.077343 0.073160
0 0.587947 0.330680 0.077564 0.073679
0 0.587509 0.334107 0.077087 0.072849
0 0.587542 0.332671 0.076782 0.072641
0 0.588433 0.332597 0.077740 0.073944
0 0.586352 0.331197 0.077444 0.073273
0 0.586094 0.333690 0.077556 0.073278
0 0.589757 0.331755 0.078264 0.074199
0 0.586378 0.331105 0.077691 0.073695
0 0.588193 0.331303 0.078542 0.074731
0 0.586203 0.332768 0.077961 0.074244
0 0.589381 0.333341 0.078253 0.074236
0 0.588569 0.335230 0.078594 0.074806
0 0.590837 0.337425 0.078398 0.074440
0 0.592435 0.338144 0.078569 0.074826
0 0.592531 0.337251 0.078576 0.074697
0 0.590293 0.338778 0.078290 0.074694
0 0.591839 0.340739 0.078461 0.074931
0 0.596139 0.341579 0.079124 0.075328
0 0.594239 0.342936 0.079019 0.075387
0 0.592841 0.343488 0.079383 0.075770
0 0.593718 0.342947 0.078248 0.074384
0 0.588472 0.343879 0.079414 0.076009
0 0.587367 0.343474 0.078625 0.074704
0 0.591267 0.343920 0.079336 0.075785
0 0.596445 0.347053 0.080115 0.076876
0 0.596989 0.348406 0.079299 0.075919
0 0.596878 0.348416 0.079404 0.076135
0 0.601988 0.346531 0.079542 0.076348
0 0.604741 0.347698 0.079084 0.075482
0 0.601494 0.348196 0.079022 0.075702
0 0.600737 0.348274 0.079929 0.076992
0 0.597580 0.349726 0.080445 0.077390
0 0.599563 0.349276 0.079938 0.076518
0 0.592812 0.349614 0.080200 0.076965
0 0.591354 0.349063 0.080266 0.076999
0 0.588228 0.349939 0.080408 0.077427
0 0.583582 0.350017 0.080778 0.078006
0 0.580573 0.349980 0.080525 0.077689
0 0.581991 0.349642 0.080667 0.077691
0 0.577741 0.350156 0.080568 0.077890
0 0.574208 0.350165 0.080709 0.078069
0 0.570267 0.347627 0.079874 0.076482
0 0.566932 0.348643 0.080379 0.077446
0 0.564489 0.350834 0.080489 0.077396
0 0.565712 0.350070 0.080011 0.076938
0 0.562593 0.350090 0.079996 0.076922
0 0.570406 0.351515 0.080195 0.076828
0 0.573928 0.353356 0.080660 0.077417
0 0.575567 0.352487 0.080902 0.078178
0 0.577978 0.352519 0.080504 0.077691
0 0.577191 0.352269 0.081058 0.078472
0 0.574703 0.351086 0.080825 0.077785
0 0.572994 0.348789 0.081086 0.078390
0 0.570200 0.349645 0.080565 0.077499
0 0.566480 0.347885 0.081510 0.078943
0 0.562890 0.344410 0.080442 0.077711
0 0.564441 0.345864 0.080521 0.077516
0 0.560519 0.345387 0.081289 0.078419
0 0.557799 0.347039 0.080491 0.077348
0 0.553813 0.345770 0.081363 0.078581
0 0.550704 0.347087 0.081285 0.078393
0 0.548586 0.347021 0.080756 0.077658
0 0.549570 0.348045 0.081465 0.079006
0 0.557399 0.339730 0.081518 0.078735
0 0.567831 0.341569 0.081311 0.078436
0 0.572933 0.341544 0.081731 0.078954
0 0.572104 0.338660 0.080630 0.077969
0 0.568650 0.340266 0.080451 0.077673
0 0.569796 0.339012 0.081556 0.078989
0 0.566626 0.341442 0.081674 0.078859
0 0.562602 0.339235 0.080596 0.077505
0 0.560749 0.340877 0.080661 0.077826
0 0.557662 0.342265 0.080531 0.077736
0 0.552968 0.338577 0.080564 0.077874
0 0.555491 0.339926 0.081677 0.078979
0 0.550653 0.339370 0.081530 0.078629
0 0.546992 0.340092 0.080529 0.077613
0 0.542187 0.338946 0.080686 0.077836
0 0.539132 0.339430 0.080792 0.077586
0 0.534957 0.340810 0.081366 0.078799
0 0.537057 0.340339 0.081402 0.078934
0 0.531501 0.339535 0.080856 0.077721
0 0.529765 0.338821 0.080719 0.077965
0 0.527613 0.340347 0.081597 0.079249
0 0.541732 0.333715 0.081831 0.079007
0 0.549900 0.332426 0.080828 0.078019
0 0.546807 0.333469 0.080852 0.077733
0 0.551107 0.334388 0.081552 0.079123
0 0.549739 0.333222 0.081315 0.078539
0 0.544887 0.332661 0.081721 0.079500
0 0.543472 0.333154 0.081344 0.078732
0 0.540205 0.332087 0.081872 0.079283
0 0.542206 0.333087 0.081044 0.078339
0 0.536298 0.331092 0.081269 0.078680
0 0.533185 0.332569 0.081113 0.078572
0 0.530056 0.332103 0.081280 0.078492
0 0.525780 0.332095 0.082029 0.079529
0 0.521317 0.334191 0.082060 0.079798
0 0.523347 0.333099 0.081399 0.078784
0 0.517854 0.334540 0.081925 0.079680
0 0.514377 0.331291 0.081450 0.078689
0 0.510121 0.332044 0.082095 0.079601
0 0.506852 0.334715 0.081811 0.079627
0 0.503397 0.332728 0.081276 0.078836
0 0.505170 0.333938 0.081667 0.078973
0 0.499745 0.331974 0.081425 0.078701
0 0.495494 0.335264 0.081251 0.078506
0 0.491498 0.333788 0.082201 0.079698
0 0.488175 0.332077 0.081834 0.079383
0 0.484114 0.334519 0.081084 0.078686
0 0.486277 0.333058 0.081197 0.078638
0 0.480063 0.334624 0.081120 0.078694
0 0.476365 0.330613 0.081107 0.078661
0 0.472430 0.332052 0.081762 0.079224
0 0.468245 0.335187 0.082273 0.080002
0 0.465341 0.332877 0.081471 0.079240
0 0.466759 0.334636 0.081830 0.079688
0 0.462493 0.331739 0.081218 0.078265
0 0.459745 0.335651 0.081526 0.078691
0 0.475344 0.328854 0.081199 0.078769
0 0.491412 0.327963 0.082131 0.079641
0 0.491406 0.684570 0.142187 0.091797
0 0.495295 0.684991 0.142507 0.092163
0 0.498109 0.684838 0.142638 0.092122
0 0.502285 0.684601 0.143269 0.092963
0 0.506580 0.685003 0.143379 0.092972
0 0.509119 0.684562 0.143660 0.093189
0 0.512982 0.684849 0.143869 0.093200
0 0.517528 0.684409 0.144181 0.093528
0 0.519681 0.684855 0.144228 0.093586
0 0.524129 0.684347 0.144794 0.093971
0 0.528791 0.684338 0.144971 0.094045
0 0.530852 0.684281 0.145107 0.094093
0 0.535316 0.684212 0.145695 0.094476
0 0.537443 0.683971 0.146042 0.094856
0 0.541760 0.683932 0.146246 0.094954
0 0.544042 0.683831 0.146461 0.095142
0 0.548297 0.683841 0.146611 0.095157
0 0.550648 0.683570 0.146764 0.094962
0 0.554895 0.683598 0.147176 0.095348
0 0.557389 0.683287 0.147627 0.095687
0 0.561452 0.683313 0.148272 0.096212
0 0.565530 0.683341 0.148363 0.096083
0 0.567809 0.683293 0.148279 0.095816
0 0.571912 0.683163 0.149055 0.096253
0 0.574093 0.682968 0.149149 0.096360
0 0.578321 0.682871 0.149462 0.096632
0 0.581781 0.682383 0.149809 0.096994
0 0.585392 0.682500 0.150395 0.097813
0 0.586793 0.682280 0.150828 0.098166
0 0.589573 0.682383 0.151041 0.098029
0 0.590829 0.682183 0.151765 0.099072
0 0.592660 0.682207 0.152189 0.099302
0 0.594911 0.682390 0.152717 0.099588
0 0.595678 0.682706 0.153186 0.100137
0 0.598247 0.682303 0.153615 0.100501
0 0.600345 0.682253 0.154361 0.100973
0 0.602971 0.682168 0.155283 0.102141
0 0.604148 0.682629 0.155567 0.102518
0 0.606842 0.682669 0.155924 0.102643
0 0.608050 0.682699 0.156129 0.102804
0 0.611099 0.682621 0.156617 0.103291
0 0.612108 0.682560 0.157109 0.103683
0 0.615156 0.682415 0.157513 0.104306
0 0.617928 0.682940 0.158357 0.104774
0 0.619378 0.682964 0.158557 0.104945
0 0.622309 0.682946 0.159300 0.105357
0 0.625229 0.682984 0.159961 0.105765
0 0.626651 0.683552 0.159699 0.105571
0 0.629771 0.683874 0.160074 0.106017
0 0.631090 0.683714 0.160449 0.105975
0 0.634260 0.683602 0.161054 0.106862
0 0.635870 0.683504 0.161419 0.107026
0 0.638996 0.683038 0.162473 0.107759
0 0.640564 0.683041 0.162554 0.107768
0 0.643901 0.683609 0.163188 0.108472
0 0.645376 0.683612 0.164093 0.108950
0 0.649039 0.683374 0.164860 0.109455
0 0.652343 0.682862 0.165875 0.110105
0 0.654114 0.683086 0.166518 0.110893
0 0.657380 0.682944 0.167584 0.111897
0 0.659020 0.682560 0.167525 0.111664
0 0.664332 0.683382 0.168355 0.112063
0 0.665886 0.683447 0.169163 0.112241
0 0.669463 0.683412 0.169227 0.112273
0 0.671030 0.683378 0.169041 0.112197
0 0.674897 0.683352 0.169821 0.112370
0 0.678550 0.683300 0.170100 0.112653
0 0.682373 0.682755 0.170575 0.112737
0 0.683991 0.682835 0.170467 0.112558
0 0.687538 0.682336 0.170949 0.112379
0 0.689526 0.682235 0.170804 0.112512
0 0.693147 0.682118 0.172349 0.113556
0 0.695118 0.681684 0.173061 0.114040
0 0.698927 0.681675 0.174071 0.114783
0 0.700655 0.681638 0.174394 0.114971
0 0.704656 0.681072 0.174433 0.114709
0 0.708652 0.680910 0.175923 0.115709
0 0.710558 0.680530 0.176363 0.116196
0 0.712607 0.680507 0.176392 0.115879
0 0.716562 0.680101 0.178287 0.117766
0 0.718797 0.679975 0.178749 0.118107
0 0.722882 0.679092 0.178901 0.117933
0 0.727051 0.678457 0.179995 0.118933
0 0.729266 0.678449 0.179653 0.118353
0 0.733439 0.678050 0.180711 0.119043
0 0.737514 0.677771 0.181585 0.119781
0 0.739474 0.677762 0.181665 0.119789
0 0.743946 0.677239 0.183037 0.120645
0 0.746124 0.677220 0.182731 0.120178
0 0.750657 0.677068 0.184425 0.121533
0 0.752982 0.676551 0.184904 0.121773
0 0.757484 0.676545 0.185588 0.122153
0 0.759841 0.676057 0.186684 0.122863
0 0.764708 0.675998 0.186822 0.123109
0 0.766761 0.676022 0.187453 0.123415
0 0.771646 0.675510 0.188116 0.123666
0 0.774158 0.675458 0.188680 0.123856
0 0.779436 0.674625 0.189628 0.124408
0 0.781958 0.674057 0.190369 0.125046
0 0.787180 0.673916 0.191377 0.125760
0 0.789889 0.673569 0.191770 0.125717
0 0.795591 0.673037 0.193059 0.126730
0 0.801343 0.672608 0.194885 0.127913
0 0.807057 0.672014 0.195554 0.128228
0 0.809976 0.671998 0.196419 0.128793
0 0.815359 0.671289 0.197908 0.130017
0 0.818356 0.670953 0.198310 0.130022
0 0.824192 0.670606 0.199436 0.130616
0 0.827274 0.670240 0.199647 0.130961
0 0.833307 0.669827 0.201569 0.132295
0 0.836596 0.669603 0.202825 0.132968
0 0.842853 0.669153 0.203718 0.133433
0 0.117969 0.623047 0.195312 0.179688
0 0.095313 0.618164 0.153125 0.158203
0 0.092969 0.619141 0.151562 0.132812
0 0.103125 0.647461 0.162500 0.142578
0 0.108594 0.648438 0.157812 0.148438
0 0.120313 0.650391 0.162500 0.148438
0 0.121094 0.640625 0.170313 0.167969
0 0.124219 0.635742 0.201563 0.189453
0 0.122656 0.630859 0.207813 0.179688
0 0.140625 0.628906 0.250000 0.191406
0 0.160816 0.632772 0.252454 0.193608
0 0.166530 0.631514 0.254804 0.195733
0 0.182179 0.633350 0.258021 0.198453
0 0.189644 0.633499 0.259802 0.199815
0 0.203554 0.634047 0.263323 0.202924
0 0.219650 0.634125 0.266554 0.205580
0 0.227011 0.634673 0.267946 0.206753
0 0.242320 0.634714 0.271209 0.209539
0 0.258857 0.634734 0.274253 0.211940
0 0.266368 0.635057 0.276016 0.213610
0 0.282952 0.634976 0.279001 0.215985
0 0.290777 0.635144 0.280826 0.217506
0 0.307712 0.635391 0.284134 0.220231
0 0.324897 0.635536 0.287405 0.222996
0 0.333412 0.635765 0.289241 0.224373
0 0.350904 0.635757 0.292577 0.227189
0 0.359713 0.635949 0.294432 0.228647
0 0.377946 0.636065 0.297792 0.231402
0 0.396198 0.636249 0.301333 0.234305
0 0.405502 0.636535 0.303423 0.236008
0 0.424542 0.636416 0.307153 0.239045
0 0.443749 0.637018 0.310778 0.241964
0 0.453513 0.637012 0.312598 0.243484
0 0.493149 0.637689 0.321003 0.250480
0 0.513838 0.637883 0.325062 0.253835
0 0.524426 0.638209 0.327455 0.255866
0 0.545344 0.638230 0.331603 0.259147
0 0.556233 0.638576 0.334057 0.261105
0 0.578226 0.638930 0.338433 0.264554
0 0.589168 0.638910 0.340717 0.266394
0 0.611550 0.639533 0.345360 0.270237
0 0.623120 0.639665 0.347859 0.272267
0 0.646216 0.639873 0.352779 0.276371
0 0.657887 0.640274 0.355195 0.278346
0 0.681907 0.640469 0.360175 0.282452
0 0.693921 0.640828 0.362423 0.284332
0 0.718335 0.641229 0.367437 0.288631
0 0.743404 0.641779 0.372669 0.292991
