0 0.690625 0.490234 0.037500 0.050781
0 0.691162 0.490646 0.037481 0.050664
0 0.691698 0.491058 0.037462 0.050546
0 0.692235 0.491470 0.037444 0.050428
0 0.692771 0.491882 0.037425 0.050311
0 0.693308 0.492293 0.037406 0.050193
0 0.693844 0.492705 0.037387 0.050075
0 0.694381 0.493117 0.037368 0.049958
0 0.694917 0.493529 0.037349 0.049840
0 0.695454 0.493941 0.037331 0.049722
0 0.695990 0.494352 0.037312 0.049605
0 0.696527 0.494764 0.037293 0.049487
0 0.697063 0.495176 0.037274 0.049369
0 0.697600 0.495588 0.037255 0.049252
0 0.698136 0.496000 0.037236 0.049134
0 0.698673 0.496411 0.037218 0.049016
0 0.699209 0.496823 0.037199 0.048899
0 0.699746 0.497235 0.037180 0.048781
0 0.700282 0.497647 0.037161 0.048663
0 0.700819 0.498059 0.037142 0.048546
0 0.701355 0.498470 0.037123 0.048428
0 0.701892 0.498882 0.037105 0.048310
0 0.702428 0.499294 0.037086 0.048193
0 0.702965 0.499706 0.037067 0.048075
0 0.703502 0.500118 0.037048 0.047957
0 0.704038 0.500529 0.037029 0.047840
0 0.704575 0.500941 0.037011 0.047722
0 0.705111 0.501353 0.036992 0.047604
0 0.705648 0.501765 0.036973 0.047487
0 0.706184 0.502177 0.036954 0.047369
0 0.706721 0.502588 0.036935 0.047252
0 0.707257 0.503000 0.036916 0.047134
0 0.707794 0.503412 0.036898 0.047016
0 0.708330 0.503824 0.036879 0.046899
0 0.708867 0.504236 0.036860 0.046781
0 0.709403 0.504647 0.036841 0.046663
0 0.709940 0.505059 0.036822 0.046546
0 0.710476 0.505471 0.036803 0.046428
0 0.711013 0.505883 0.036785 0.046310
0 0.711549 0.506295 0.036766 0.046193
0 0.712086 0.506707 0.036747 0.046075
0 0.712622 0.507118 0.036728 0.045957
0 0.713159 0.507530 0.036709 0.045840
0 0.713695 0.507942 0.036691 0.045722
0 0.714232 0.508354 0.036672 0.045604
0 0.714768 0.508766 0.036653 0.045487
0 0.715305 0.509177 0.036634 0.045369
0 0.715841 0.509589 0.036615 0.045251
0 0.716378 0.510001 0.036596 0.045134
0 0.716915 0.510413 0.036578 0.045016
0 0.717451 0.510825 0.036559 0.044898
0 0.717988 0.511236 0.036540 0.044781
0 0.718524 0.511648 0.036521 0.044663
0 0.719061 0.512060 0.036502 0.044545
0 0.719597 0.512472 0.036483 0.044428
0 0.720134 0.512884 0.036465 0.044310
0 0.720670 0.513295 0.036446 0.044192
0 0.721207 0.513707 0.036427 0.044075
0 0.721743 0.514119 0.036408 0.043957
0 0.722280 0.514531 0.036389 0.043839
0 0.722816 0.514943 0.036370 0.043722
0 0.723353 0.515354 0.036352 0.043604
0 0.723889 0.515766 0.036333 0.043486
0 0.724426 0.516178 0.036314 0.043369
0 0.724962 0.516590 0.036295 0.043251
0 0.725499 0.517002 0.036276 0.043133
0 0.726035 0.517413 0.036258 0.043016
0 0.726572 0.517825 0.036239 0.042898
0 0.727108 0.518237 0.036220 0.042780
0 0.727645 0.518649 0.036201 0.042663
0 0.728181 0.519061 0.036182 0.042545
0 0.728718 0.519472 0.036163 0.042428
0 0.729255 0.519884 0.036145 0.042310
0 0.729791 0.520296 0.036126 0.042192
0 0.730328 0.520708 0.036107 0.042075
0 0.730864 0.521120 0.036088 0.041957
0 0.731401 0.521531 0.036069 0.041839
0 0.731937 0.521943 0.036050 0.041722
0 0.732474 0.522355 0.036032 0.041604
0 0.733010 0.522767 0.036013 0.041486
0 0.733547 0.523179 0.035994 0.041369
0 0.734083 0.523590 0.035975 0.041251
0 0.734620 0.524002 0.035956 0.041133
0 0.735156 0.524414 0.035937 0.041016
0 0.735713 0.524817 0.035879 0.041040
0 0.736270 0.525220 0.035820 0.041064
0 0.736826 0.525623 0.035762 0.041089
0 0.737383 0.526025 0.035703 0.041113
0 0.737939 0.526428 0.035645 0.041138
0 0.738496 0.526831 0.035586 0.041162
0 0.739053 0.527234 0.035527 0.041187
0 0.739609 0.527637 0.035469 0.041211
0 0.740166 0.528040 0.035410 0.041235
0 0.740723 0.528442 0.035352 0.041260
0 0.741279 0.528845 0.035293 0.041284
0 0.741836 0.529248 0.035234 0.041309
0 0.742393 0.529651 0.035176 0.041333
0 0.742949 0.530054 0.035117 0.041357
0 0.743506 0.530457 0.035059 0.041382
0 0.744063 0.530859 0.035000 0.041406
0 0.744619 0.531262 0.034941 0.041431
0 0.745176 0.531665 0.034883 0.041455
0 0.745732 0.532068 0.034824 0.041479
0 0.746289 0.532471 0.034766 0.041504
0 0.746846 0.532874 0.034707 0.041528
0 0.747402 0.533276 0.034648 0.041553
0 0.747959 0.533679 0.034590 0.041577
0 0.748516 0.534082 0.034531 0.041602
0 0.749072 0.534485 0.034473 0.041626
0 0.749629 0.534888 0.034414 0.041650
0 0.750186 0.535291 0.034355 0.041675
0 0.750742 0.535693 0.034297 0.041699
0 0.751299 0.536096 0.034238 0.041724
0 0.751855 0.536499 0.034180 0.041748
0 0.752412 0.536902 0.034121 0.041772
0 0.752969 0.537305 0.034062 0.041797
0 0.753525 0.537708 0.034004 0.041821
0 0.754082 0.538110 0.033945 0.041846
0 0.754639 0.538513 0.033887 0.041870
0 0.755195 0.538916 0.033828 0.041895
0 0.755752 0.539319 0.033770 0.041919
0 0.756309 0.539722 0.033711 0.041943
0 0.756865 0.540125 0.033652 0.041968
0 0.757422 0.540527 0.033594 0.041992
0 0.757979 0.540930 0.033535 0.042017
0 0.758535 0.541333 0.033477 0.042041
0 0.759092 0.541736 0.033418 0.042065
0 0.759648 0.542139 0.033359 0.042090
0 0.760205 0.542542 0.033301 0.042114
0 0.760762 0.542944 0.033242 0.042139
0 0.761318 0.543347 0.033184 0.042163
0 0.761875 0.543750 0.033125 0.042188
0 0.762432 0.544153 0.033066 0.042212
0 0.762988 0.544556 0.033008 0.042236
0 0.763545 0.544958 0.032949 0.042261
0 0.764102 0.545361 0.032891 0.042285
0 0.764658 0.545764 0.032832 0.042310
0 0.765215 0.546167 0.032773 0.042334
0 0.765771 0.546570 0.032715 0.042358
0 0.766328 0.546973 0.032656 0.042383
0 0.766885 0.547375 0.032598 0.042407
0 0.767441 0.547778 0.032539 0.042432
0 0.767998 0.548181 0.032480 0.042456
0 0.768555 0.548584 0.032422 0.042480
0 0.769111 0.548987 0.032363 0.042505
0 0.769668 0.549390 0.032305 0.042529
0 0.770225 0.549792 0.032246 0.042554
0 0.770781 0.550195 0.032187 0.042578
0 0.771338 0.550598 0.032129 0.042603
0 0.771895 0.551001 0.032070 0.042627
0 0.772451 0.551404 0.032012 0.042651
0 0.773008 0.551807 0.031953 0.042676
0 0.773564 0.552209 0.031895 0.042700
0 0.774121 0.552612 0.031836 0.042725
0 0.774678 0.553015 0.031777 0.042749
0 0.775234 0.553418 0.031719 0.042773
0 0.775791 0.553821 0.031660 0.042798
0 0.776348 0.554224 0.031602 0.042822
0 0.776904 0.554626 0.031543 0.042847
0 0.777461 0.555029 0.031484 0.042871
0 0.778018 0.555432 0.031426 0.042896
0 0.778574 0.555835 0.031367 0.042920
0 0.779131 0.556238 0.031309 0.042944
0 0.779687 0.556641 0.031250 0.042969
0 0.780208 0.556966 0.031370 0.043069
0 0.780729 0.557292 0.031490 0.043169
0 0.781250 0.557617 0.031611 0.043269
0 0.781771 0.557943 0.031731 0.043369
0 0.782292 0.558268 0.031851 0.043470
0 0.782813 0.558594 0.031971 0.043570
0 0.783333 0.558919 0.032091 0.043670
0 0.783854 0.559245 0.032212 0.043770
0 0.784375 0.559570 0.032332 0.043870
0 0.784896 0.559896 0.032452 0.043970
0 0.785417 0.560221 0.032572 0.044071
0 0.785938 0.560547 0.032692 0.044171
0 0.786458 0.560872 0.032813 0.044271
0 0.786979 0.561198 0.032933 0.044371
0 0.787500 0.561523 0.033053 0.044471
0 0.788021 0.561849 0.033173 0.044571
0 0.788542 0.562174 0.033293 0.044671
0 0.789063 0.562500 0.033413 0.044772
0 0.789583 0.562826 0.033534 0.044872
0 0.790104 0.563151 0.033654 0.044972
0 0.790625 0.563477 0.033774 0.045072
0 0.791146 0.563802 0.033894 0.045172
0 0.791667 0.564128 0.034014 0.045272
0 0.792188 0.564453 0.034135 0.045373
0 0.792708 0.564779 0.034255 0.045473
0 0.793229 0.565104 0.034375 0.045573
0 0.793750 0.565430 0.034495 0.045673
0 0.794271 0.565755 0.034615 0.045773
0 0.794792 0.566081 0.034736 0.045873
0 0.795313 0.566406 0.034856 0.045974
0 0.795833 0.566732 0.034976 0.046074
0 0.796354 0.567057 0.035096 0.046174
0 0.796875 0.567383 0.035216 0.046274
0 0.797396 0.567708 0.035337 0.046374
0 0.797917 0.568034 0.035457 0.046474
0 0.798438 0.568359 0.035577 0.046575
0 0.798958 0.568685 0.035697 0.046675
0 0.799479 0.569010 0.035817 0.046775
0 0.800000 0.569336 0.035938 0.046875
0 0.800521 0.569661 0.036058 0.046975
0 0.801042 0.569987 0.036178 0.047075
0 0.801563 0.570313 0.036298 0.047175
0 0.802083 0.570638 0.036418 0.047276
0 0.802604 0.570964 0.036538 0.047376
0 0.803125 0.571289 0.036659 0.047476
0 0.803646 0.571615 0.036779 0.047576
0 0.804167 0.571940 0.036899 0.047676
0 0.804688 0.572266 0.037019 0.047776
0 0.805208 0.572591 0.037139 0.047877
0 0.805729 0.572917 0.037260 0.047977
0 0.806250 0.573242 0.037380 0.048077
0 0.806771 0.573568 0.037500 0.048177
0 0.807292 0.573893 0.037620 0.048277
0 0.807813 0.574219 0.037740 0.048377
0 0.808333 0.574544 0.037861 0.048478
0 0.808854 0.574870 0.037981 0.048578
0 0.809375 0.575195 0.038101 0.048678
0 0.809896 0.575521 0.038221 0.048778
0 0.810417 0.575846 0.038341 0.048878
0 0.810938 0.576172 0.038462 0.048978
0 0.811458 0.576497 0.038582 0.049079
0 0.811979 0.576823 0.038702 0.049179
0 0.812500 0.577148 0.038822 0.049279
0 0.813021 0.577474 0.038942 0.049379
0 0.813542 0.577799 0.039063 0.049479
0 0.814063 0.578125 0.039183 0.049579
0 0.814583 0.578451 0.039303 0.049679
0 0.815104 0.578776 0.039423 0.049780
0 0.815625 0.579102 0.039543 0.049880
0 0.816146 0.579427 0.039663 0.049980
0 0.816667 0.579753 0.039784 0.050080
0 0.817188 0.580078 0.039904 0.050180
0 0.817708 0.580404 0.040024 0.050280
0 0.818229 0.580729 0.040144 0.050381
0 0.818750 0.581055 0.040264 0.050481
0 0.819271 0.581380 0.040385 0.050581
0 0.819792 0.581706 0.040505 0.050681
0 0.820312 0.582031 0.040625 0.050781
0 0.820763 0.582318 0.040607 0.050758
0 0.821213 0.582606 0.040588 0.050735
0 0.821664 0.582893 0.040570 0.050712
0 0.822114 0.583180 0.040551 0.050689
0 0.822564 0.583467 0.040533 0.050666
0 0.823015 0.583755 0.040515 0.050643
0 0.823465 0.584042 0.040496 0.050620
0 0.823915 0.584329 0.040478 0.050597
0 0.824366 0.584616 0.040460 0.050574
0 0.824816 0.584903 0.040441 0.050551
0 0.825267 0.585191 0.040423 0.050528
0 0.825717 0.585478 0.040404 0.050506
0 0.826167 0.585765 0.040386 0.050483
0 0.826618 0.586052 0.040368 0.050460
0 0.827068 0.586340 0.040349 0.050437
0 0.827518 0.586627 0.040331 0.050414
0 0.827969 0.586914 0.040313 0.050391
0 0.828419 0.587201 0.040294 0.050368
0 0.828869 0.587489 0.040276 0.050345
0 0.829320 0.587776 0.040257 0.050322
0 0.829770 0.588063 0.040239 0.050299
0 0.830221 0.588350 0.040221 0.050276
0 0.830671 0.588637 0.040202 0.050253
0 0.831121 0.588925 0.040184 0.050230
0 0.831572 0.589212 0.040165 0.050207
0 0.832022 0.589499 0.040147 0.050184
0 0.832472 0.589786 0.040129 0.050161
0 0.832923 0.590074 0.040110 0.050138
0 0.833373 0.590361 0.040092 0.050115
0 0.833824 0.590648 0.040074 0.050092
0 0.834274 0.590935 0.040055 0.050069
0 0.834724 0.591222 0.040037 0.050046
0 0.835175 0.591510 0.040018 0.050023
0 0.835625 0.591797 0.040000 0.050000
0 0.836075 0.592084 0.039982 0.049977
0 0.836526 0.592371 0.039963 0.049954
0 0.836976 0.592659 0.039945 0.049931
0 0.837426 0.592946 0.039926 0.049908
0 0.837877 0.593233 0.039908 0.049885
0 0.838327 0.593520 0.039890 0.049862
0 0.838778 0.593807 0.039871 0.049839
0 0.839228 0.594095 0.039853 0.049816
0 0.839678 0.594382 0.039835 0.049793
0 0.840129 0.594669 0.039816 0.049770
0 0.840579 0.594956 0.039798 0.049747
0 0.841029 0.595244 0.039779 0.049724
0 0.841480 0.595531 0.039761 0.049701
0 0.841930 0.595818 0.039743 0.049678
0 0.842381 0.596105 0.039724 0.049655
0 0.842831 0.596392 0.039706 0.049632
0 0.843281 0.596680 0.039688 0.049609
0 0.843732 0.596967 0.039669 0.049586
0 0.844182 0.597254 0.039651 0.049563
0 0.844632 0.597541 0.039632 0.049540
0 0.845083 0.597829 0.039614 0.049517
0 0.845533 0.598116 0.039596 0.049494
0 0.845983 0.598403 0.039577 0.049472
0 0.846434 0.598690 0.039559 0.049449
0 0.846884 0.598977 0.039540 0.049426
0 0.847335 0.599265 0.039522 0.049403
0 0.847785 0.599552 0.039504 0.049380
0 0.848235 0.599839 0.039485 0.049357
0 0.848686 0.600126 0.039467 0.049334
0 0.849136 0.600414 0.039449 0.049311
0 0.849586 0.600701 0.039430 0.049288
0 0.850037 0.600988 0.039412 0.049265
0 0.850487 0.601275 0.039393 0.049242
0 0.850937 0.601562 0.039375 0.049219
0 0.851388 0.601850 0.039357 0.049196
0 0.851838 0.602137 0.039338 0.049173
0 0.852289 0.602424 0.039320 0.049150
0 0.852739 0.602711 0.039301 0.049127
0 0.853189 0.602999 0.039283 0.049104
0 0.853640 0.603286 0.039265 0.049081
0 0.854090 0.603573 0.039246 0.049058
0 0.854540 0.603860 0.039228 0.049035
0 0.854991 0.604148 0.039210 0.049012
0 0.855441 0.604435 0.039191 0.048989
0 0.855892 0.604722 0.039173 0.048966
0 0.856342 0.605009 0.039154 0.048943
0 0.856792 0.605296 0.039136 0.048920
0 0.857243 0.605584 0.039118 0.048897
0 0.857693 0.605871 0.039099 0.048874
0 0.858143 0.606158 0.039081 0.048851
0 0.858594 0.606445 0.039062 0.048828
