0 0.649219 0.444336 0.054688 0.041016
0 0.648349 0.444594 0.054540 0.041016
0 0.647479 0.444852 0.054393 0.041016
0 0.646610 0.445110 0.054245 0.041016
0 0.645740 0.445368 0.054098 0.041016
0 0.644870 0.445626 0.053950 0.041016
0 0.644001 0.445884 0.053803 0.041016
0 0.643131 0.446142 0.053656 0.041016
0 0.642261 0.446400 0.053508 0.041016
0 0.641392 0.446658 0.053361 0.041016
0 0.640522 0.446916 0.053213 0.041016
0 0.639652 0.447173 0.053066 0.041016
0 0.638782 0.447431 0.052919 0.041016
0 0.637913 0.447689 0.052771 0.041016
0 0.637043 0.447947 0.052624 0.041016
0 0.636173 0.448205 0.052476 0.041016
0 0.635304 0.448463 0.052329 0.041016
0 0.634434 0.448721 0.052182 0.041016
0 0.633564 0.448979 0.052034 0.041016
0 0.632695 0.449237 0.051887 0.041016
0 0.631825 0.449495 0.051739 0.041016
0 0.630955 0.449753 0.051592 0.041016
0 0.630085 0.450011 0.051445 0.041016
0 0.629216 0.450269 0.051297 0.041016
0 0.628346 0.450527 0.051150 0.041016
0 0.627476 0.450785 0.051002 0.041016
0 0.626607 0.451043 0.050855 0.041016
0 0.625737 0.451301 0.050708 0.041016
0 0.624867 0.451559 0.050560 0.041016
0 0.623998 0.451817 0.050413 0.041016
0 0.623128 0.452075 0.050265 0.041016
0 0.622258 0.452333 0.050118 0.041016
0 0.621389 0.452591 0.049971 0.041016
0 0.620519 0.452849 0.049823 0.041016
0 0.619649 0.453107 0.049676 0.041016
0 0.618779 0.453365 0.049528 0.041016
0 0.617910 0.453622 0.049381 0.041016
0 0.617040 0.453880 0.049233 0.041016
0 0.616170 0.454138 0.049086 0.041016
0 0.615301 0.454396 0.048939 0.041016
0 0.614431 0.454654 0.048791 0.041016
0 0.613561 0.454912 0.048644 0.041016
0 0.612692 0.455170 0.048496 0.041016
0 0.611822 0.455428 0.048349 0.041016
0 0.610952 0.455686 0.048202 0.041016
0 0.610083 0.455944 0.048054 0.041016
0 0.609213 0.456202 0.047907 0.041016
0 0.608343 0.456460 0.047759 0.041016
0 0.607473 0.456718 0.047612 0.041016
0 0.606604 0.456976 0.047465 0.041016
0 0.605734 0.457234 0.047317 0.041016
0 0.604864 0.457492 0.047170 0.041016
0 0.603995 0.457750 0.047022 0.041016
0 0.603125 0.458008 0.046875 0.041016
0 0.602152 0.458111 0.047122 0.041153
0 0.601179 0.458213 0.047368 0.041290
0 0.600206 0.458316 0.047615 0.041427
0 0.599232 0.458419 0.047862 0.041564
0 0.598259 0.458522 0.048109 0.041701
0 0.597286 0.458625 0.048355 0.041838
0 0.596313 0.458727 0.048602 0.041975
0 0.595340 0.458830 0.048849 0.042112
0 0.594367 0.458933 0.049095 0.042249
0 0.593394 0.459036 0.049342 0.042386
0 0.592421 0.459139 0.049589 0.042523
0 0.591447 0.459241 0.049836 0.042660
0 0.590474 0.459344 0.050082 0.042797
0 0.589501 0.459447 0.050329 0.042934
0 0.588528 0.459550 0.050576 0.043072
0 0.587555 0.459653 0.050822 0.043209
0 0.586582 0.459755 0.051069 0.043346
0 0.585609 0.459858 0.051316 0.043483
0 0.584635 0.459961 0.051562 0.043620
0 0.583662 0.460064 0.051809 0.043757
0 0.582689 0.460167 0.052056 0.043894
0 0.581716 0.460269 0.052303 0.044031
0 0.580743 0.460372 0.052549 0.044168
0 0.579770 0.460475 0.052796 0.044305
0 0.578797 0.460578 0.053043 0.044442
0 0.577823 0.460681 0.053289 0.044579
0 0.576850 0.460783 0.053536 0.044716
0 0.575877 0.460886 0.053783 0.044853
0 0.574904 0.460989 0.054030 0.044990
0 0.573931 0.461092 0.054276 0.045127
0 0.572958 0.461194 0.054523 0.045265
0 0.571985 0.461297 0.054770 0.045402
0 0.571012 0.461400 0.055016 0.045539
0 0.570038 0.461503 0.055263 0.045676
0 0.569065 0.461606 0.055510 0.045813
0 0.568092 0.461708 0.055757 0.045950
0 0.567119 0.461811 0.056003 0.046087
0 0.566146 0.461914 0.056250 0.046224
0 0.565173 0.462017 0.056497 0.046361
0 0.564200 0.462120 0.056743 0.046498
0 0.563226 0.462222 0.056990 0.046635
0 0.562253 0.462325 0.057237 0.046772
0 0.561280 0.462428 0.057484 0.046909
0 0.560307 0.462531 0.057730 0.047046
0 0.559334 0.462634 0.057977 0.047183
0 0.558361 0.462736 0.058224 0.047320
0 0.557388 0.462839 0.058470 0.047458
0 0.556414 0.462942 0.058717 0.047595
0 0.555441 0.463045 0.058964 0.047732
0 0.554468 0.463148 0.059211 0.047869
0 0.553495 0.463250 0.059457 0.048006
0 0.552522 0.463353 0.059704 0.048143
0 0.551549 0.463456 0.059951 0.048280
0 0.550576 0.463559 0.060197 0.048417
0 0.549603 0.463662 0.060444 0.048554
0 0.548629 0.463764 0.060691 0.048691
0 0.547656 0.463867 0.060937 0.048828
0 0.546632 0.463997 0.061111 0.049089
0 0.545608 0.464128 0.061285 0.049349
0 0.544583 0.464258 0.061458 0.049609
0 0.543559 0.464388 0.061632 0.049870
0 0.542535 0.464518 0.061806 0.050130
0 0.541510 0.464648 0.061979 0.050391
0 0.540486 0.464779 0.062153 0.050651
0 0.539462 0.464909 0.062326 0.050911
0 0.538438 0.465039 0.062500 0.051172
0 0.537413 0.465169 0.062674 0.051432
0 0.536389 0.465299 0.062847 0.051693
0 0.535365 0.465430 0.063021 0.051953
0 0.534340 0.465560 0.063194 0.052214
0 0.533316 0.465690 0.063368 0.052474
0 0.532292 0.465820 0.063542 0.052734
0 0.531267 0.465951 0.063715 0.052995
0 0.530243 0.466081 0.063889 0.053255
0 0.529219 0.466211 0.064063 0.053516
0 0.528194 0.466341 0.064236 0.053776
0 0.527170 0.466471 0.064410 0.054036
0 0.526146 0.466602 0.064583 0.054297
0 0.525122 0.466732 0.064757 0.054557
0 0.524097 0.466862 0.064931 0.054818
0 0.523073 0.466992 0.065104 0.055078
0 0.522049 0.467122 0.065278 0.055339
0 0.521024 0.467253 0.065451 0.055599
0 0.520000 0.467383 0.065625 0.055859
0 0.518976 0.467513 0.065799 0.056120
0 0.517951 0.467643 0.065972 0.056380
0 0.516927 0.467773 0.066146 0.056641
0 0.515903 0.467904 0.066319 0.056901
0 0.514878 0.468034 0.066493 0.057161
0 0.513854 0.468164 0.066667 0.057422
0 0.512830 0.468294 0.066840 0.057682
0 0.511806 0.468424 0.067014 0.057943
0 0.510781 0.468555 0.067188 0.058203
0 0.509757 0.468685 0.067361 0.058464
0 0.508733 0.468815 0.067535 0.058724
0 0.507708 0.468945 0.067708 0.058984
0 0.506684 0.469076 0.067882 0.059245
0 0.505660 0.469206 0.068056 0.059505
0 0.504635 0.469336 0.068229 0.059766
0 0.503611 0.469466 0.068403 0.060026
0 0.502587 0.469596 0.068576 0.060286
0 0.501563 0.469727 0.068750 0.060547
0 0.500296 0.469845 0.068774 0.060429
0 0.499029 0.469963 0.068797 0.060310
0 0.497763 0.470082 0.068821 0.060192
0 0.496496 0.470200 0.068845 0.060073
0 0.495230 0.470318 0.068868 0.059955
0 0.493963 0.470437 0.068892 0.059837
0 0.492696 0.470555 0.068916 0.059718
0 0.491430 0.470674 0.068939 0.059600
0 0.490163 0.470792 0.068963 0.059482
0 0.488897 0.470910 0.068987 0.059363
0 0.487630 0.471029 0.069010 0.059245
0 0.486364 0.471147 0.069034 0.059126
0 0.485097 0.471265 0.069058 0.059008
0 0.483830 0.471384 0.069081 0.058890
0 0.482564 0.471502 0.069105 0.058771
0 0.481297 0.471621 0.069129 0.058653
0 0.480031 0.471739 0.069152 0.058535
0 0.478764 0.471857 0.069176 0.058416
0 0.477498 0.471976 0.069200 0.058298
0 0.476231 0.472094 0.069223 0.058179
0 0.474964 0.472212 0.069247 0.058061
0 0.473698 0.472331 0.069271 0.057943
0 0.472431 0.472449 0.069295 0.057824
0 0.471165 0.472567 0.069318 0.057706
0 0.469898 0.472686 0.069342 0.057588
0 0.468632 0.472804 0.069366 0.057469
0 0.467365 0.472923 0.069389 0.057351
0 0.466098 0.473041 0.069413 0.057232
0 0.464832 0.473159 0.069437 0.057114
0 0.463565 0.473278 0.069460 0.056996
0 0.462299 0.473396 0.069484 0.056877
0 0.461032 0.473514 0.069508 0.056759
0 0.459766 0.473633 0.069531 0.056641
0 0.458499 0.473751 0.069555 0.056522
0 0.457232 0.473870 0.069579 0.056404
0 0.455966 0.473988 0.069602 0.056286
0 0.454699 0.474106 0.069626 0.056167
0 0.453433 0.474225 0.069650 0.056049
0 0.452166 0.474343 0.069673 0.055930
0 0.450900 0.474461 0.069697 0.055812
0 0.449633 0.474580 0.069721 0.055694
0 0.448366 0.474698 0.069744 0.055575
0 0.447100 0.474817 0.069768 0.055457
0 0.445833 0.474935 0.069792 0.055339
0 0.444567 0.475053 0.069815 0.055220
0 0.443300 0.475172 0.069839 0.055102
0 0.442034 0.475290 0.069863 0.054983
0 0.440767 0.475408 0.069886 0.054865
0 0.439500 0.475527 0.069910 0.054747
0 0.438234 0.475645 0.069934 0.054628
0 0.436967 0.475763 0.069957 0.054510
0 0.435701 0.475882 0.069981 0.054392
0 0.434434 0.476000 0.070005 0.054273
0 0.433168 0.476119 0.070028 0.054155
0 0.431901 0.476237 0.070052 0.054036
0 0.430634 0.476355 0.070076 0.053918
0 0.429368 0.476474 0.070099 0.053800
0 0.428101 0.476592 0.070123 0.053681
0 0.426835 0.476710 0.070147 0.053563
0 0.425568 0.476829 0.070170 0.053445
0 0.424302 0.476947 0.070194 0.053326
0 0.423035 0.477066 0.070218 0.053208
0 0.421768 0.477184 0.070241 0.053089
0 0.420502 0.477302 0.070265 0.052971
0 0.419235 0.477421 0.070289 0.052853
0 0.417969 0.477539 0.070312 0.052734
0 0.416162 0.477702 0.070540 0.052816
0 0.414355 0.477865 0.070768 0.052897
0 0.412549 0.478027 0.070996 0.052979
0 0.410742 0.478190 0.071224 0.053060
0 0.408936 0.478353 0.071452 0.053141
0 0.407129 0.478516 0.071680 0.053223
0 0.405322 0.478678 0.071908 0.053304
0 0.403516 0.478841 0.072135 0.053385
0 0.401709 0.479004 0.072363 0.053467
0 0.399902 0.479167 0.072591 0.053548
0 0.398096 0.479329 0.072819 0.053630
0 0.396289 0.479492 0.073047 0.053711
0 0.394482 0.479655 0.073275 0.053792
0 0.392676 0.479818 0.073503 0.053874
0 0.390869 0.479980 0.073730 0.053955
0 0.389063 0.480143 0.073958 0.054036
0 0.387256 0.480306 0.074186 0.054118
0 0.385449 0.480469 0.074414 0.054199
0 0.383643 0.480632 0.074642 0.054281
0 0.381836 0.480794 0.074870 0.054362
0 0.380029 0.480957 0.075098 0.054443
0 0.378223 0.481120 0.075326 0.054525
0 0.376416 0.481283 0.075553 0.054606
0 0.374609 0.481445 0.075781 0.054688
0 0.372803 0.481608 0.076009 0.054769
0 0.370996 0.481771 0.076237 0.054850
0 0.369189 0.481934 0.076465 0.054932
0 0.367383 0.482096 0.076693 0.055013
0 0.365576 0.482259 0.076921 0.055094
0 0.363770 0.482422 0.077148 0.055176
0 0.361963 0.482585 0.077376 0.055257
0 0.360156 0.482747 0.077604 0.055339
0 0.358350 0.482910 0.077832 0.055420
0 0.356543 0.483073 0.078060 0.055501
0 0.354736 0.483236 0.078288 0.055583
0 0.352930 0.483398 0.078516 0.055664
0 0.351123 0.483561 0.078743 0.055745
0 0.349316 0.483724 0.078971 0.055827
0 0.347510 0.483887 0.079199 0.055908
0 0.345703 0.484049 0.079427 0.055990
0 0.343896 0.484212 0.079655 0.056071
0 0.342090 0.484375 0.079883 0.056152
0 0.340283 0.484538 0.080111 0.056234
0 0.338477 0.484701 0.080339 0.056315
0 0.336670 0.484863 0.080566 0.056396
0 0.334863 0.485026 0.080794 0.056478
0 0.333057 0.485189 0.081022 0.056559
0 0.331250 0.485352 0.081250 0.056641
0 0.328852 0.485329 0.081323 0.056777
0 0.326453 0.485306 0.081395 0.056913
0 0.324055 0.485283 0.081468 0.057049
0 0.321657 0.485261 0.081541 0.057186
0 0.319259 0.485238 0.081613 0.057322
0 0.316860 0.485215 0.081686 0.057458
0 0.314462 0.485193 0.081759 0.057594
0 0.312064 0.485170 0.081831 0.057731
0 0.309666 0.485147 0.081904 0.057867
0 0.307267 0.485124 0.081977 0.058003
0 0.304869 0.485102 0.082049 0.058140
0 0.302471 0.485079 0.082122 0.058276
0 0.300073 0.485056 0.082195 0.058412
0 0.297674 0.485034 0.082267 0.058548
0 0.295276 0.485011 0.082340 0.058685
0 0.292878 0.484988 0.082413 0.058821
0 0.290480 0.484965 0.082485 0.058957
0 0.288081 0.484943 0.082558 0.059093
0 0.285683 0.484920 0.082631 0.059230
0 0.283285 0.484897 0.082703 0.059366
0 0.280887 0.484875 0.082776 0.059502
0 0.278488 0.484852 0.082849 0.059638
0 0.276090 0.484829 0.082922 0.059775
0 0.273692 0.484807 0.082994 0.059911
0 0.271294 0.484784 0.083067 0.060047
0 0.268895 0.484761 0.083140 0.060184
0 0.266497 0.484738 0.083212 0.060320
0 0.264099 0.484716 0.083285 0.060456
0 0.261701 0.484693 0.083358 0.060592
0 0.259302 0.484670 0.083430 0.060729
0 0.256904 0.484648 0.083503 0.060865
0 0.254506 0.484625 0.083576 0.061001
0 0.252108 0.484602 0.083648 0.061137
0 0.249709 0.484579 0.083721 0.061274
0 0.247311 0.484557 0.083794 0.061410
0 0.244913 0.484534 0.083866 0.061546
0 0.242515 0.484511 0.083939 0.061682
0 0.240116 0.484489 0.084012 0.061819
0 0.237718 0.484466 0.084084 0.061955
0 0.235320 0.484443 0.084157 0.062091
0 0.232922 0.484420 0.084230 0.062227
0 0.230523 0.484398 0.084302 0.062364
0 0.228125 0.484375 0.084375 0.062500
