0 0.493130 0.591593 0.065020 0.060660
0 0.493315 0.591613 0.065348 0.060955
0 0.493392 0.591682 0.065418 0.060959
0 0.493586 0.591689 0.065980 0.061472
0 0.493890 0.591733 0.066086 0.061574
0 0.494208 0.591661 0.065654 0.061201
0 0.494448 0.591381 0.065111 0.060702
0 0.494559 0.591364 0.064974 0.060586
0 0.494970 0.591435 0.065552 0.061076
0 0.495179 0.591342 0.066114 0.061617
0 0.495286 0.591381 0.066155 0.061623
0 0.495575 0.591264 0.065825 0.061334
0 0.495791 0.591253 0.065408 0.060968
0 0.496196 0.591219 0.064871 0.060518
0 0.496557 0.591218 0.065886 0.061440
0 0.496558 0.591275 0.065681 0.061176
0 0.496978 0.591119 0.066245 0.061731
0 0.497022 0.591180 0.066155 0.061644
0 0.497483 0.590749 0.065253 0.060854
0 0.497622 0.590706 0.064951 0.060564
0 0.498051 0.590833 0.065420 0.060977
0 0.498150 0.590767 0.065537 0.061040
0 0.498532 0.590777 0.066157 0.061634
0 0.498632 0.590750 0.065987 0.061464
0 0.499119 0.590863 0.064824 0.060402
0 0.499451 0.590950 0.064760 0.060331
0 0.499745 0.590868 0.065446 0.060964
0 0.499844 0.590826 0.065775 0.061276
0 0.500214 0.590839 0.065831 0.061319
0 0.500552 0.590750 0.065029 0.060600
0 0.500882 0.590739 0.064551 0.060159
0 0.501223 0.590719 0.065181 0.060725
0 0.501478 0.590755 0.065763 0.061266
0 0.502010 0.590730 0.065134 0.060696
0 0.502178 0.590708 0.064776 0.060421
0 0.502591 0.590679 0.064622 0.060277
0 0.502798 0.590630 0.065244 0.060851
0 0.503337 0.590686 0.065834 0.061421
0 0.503813 0.590626 0.064688 0.060354
0 0.504042 0.590570 0.064533 0.060211
0 0.504399 0.590662 0.065269 0.060877
0 0.504627 0.590759 0.065766 0.061356
0 0.505298 0.590762 0.064723 0.060387
0 0.505449 0.590774 0.064548 0.060226
0 0.505778 0.590759 0.064720 0.060371
0 0.506230 0.590737 0.065808 0.061386
0 0.506553 0.590632 0.065439 0.061029
0 0.507053 0.590647 0.064444 0.060114
0 0.507550 0.590578 0.065136 0.060723
0 0.507764 0.590557 0.065727 0.061265
0 0.508546 0.590466 0.064433 0.060064
0 0.508826 0.590523 0.064406 0.060040
0 0.509139 0.590561 0.065216 0.060756
0 0.509876 0.590655 0.064897 0.060480
0 0.510175 0.590466 0.064353 0.059965
0 0.510719 0.590454 0.065252 0.060778
0 0.511218 0.590449 0.065418 0.060928
0 0.511686 0.590390 0.064393 0.059991
0 0.512237 0.590340 0.065214 0.060755
0 0.512461 0.590358 0.065810 0.061303
0 0.513308 0.590318 0.064296 0.059891
0 0.513385 0.590261 0.064230 0.059831
0 0.514030 0.590291 0.065705 0.061199
0 0.514844 0.590233 0.064299 0.059903
0 0.514968 0.590255 0.064244 0.059849
0 0.515691 0.590164 0.065676 0.061172
0 0.516308 0.589955 0.064427 0.060008
0 0.516902 0.589906 0.065058 0.060628
0 0.517316 0.589927 0.065620 0.061137
0 0.518163 0.589998 0.064276 0.059873
0 0.518799 0.590043 0.065775 0.061262
0 0.519642 0.590002 0.064291 0.059891
0 0.520309 0.589968 0.065793 0.061292
0 0.520629 0.589934 0.065283 0.060813
0 0.521362 0.589878 0.064305 0.059898
0 0.522170 0.589871 0.065363 0.060901
0 0.522602 0.590000 0.064323 0.059922
0 0.523244 0.589976 0.065418 0.060992
0 0.524179 0.589983 0.064285 0.059905
0 0.524403 0.589878 0.064166 0.059794
0 0.525137 0.589852 0.065491 0.061036
0 0.526144 0.589888 0.064433 0.060044
0 0.526889 0.589851 0.065098 0.060667
0 0.527372 0.589887 0.064120 0.059731
0 0.528194 0.589911 0.065489 0.061020
0 0.529068 0.589884 0.064017 0.059637
0 0.529850 0.589843 0.065426 0.060968
0 0.530399 0.589689 0.064311 0.059945
0 0.531149 0.589667 0.065388 0.060973
0 0.531944 0.589699 0.064344 0.059988
0 0.532639 0.589651 0.065323 0.060939
0 0.533030 0.589651 0.065480 0.061068
0 0.534127 0.589597 0.065128 0.060753
0 0.535041 0.589596 0.064465 0.060093
0 0.535527 0.589522 0.064592 0.060225
0 0.536454 0.589477 0.064822 0.060425
0 0.537312 0.589245 0.065366 0.060929
0 0.537894 0.589334 0.065147 0.060722
0 0.538865 0.589264 0.065394 0.060978
0 0.539867 0.588744 0.064329 0.059920
0 0.540609 0.588726 0.065685 0.061184
0 0.541422 0.588757 0.064347 0.059932
0 0.542342 0.588646 0.065717 0.061217
0 0.543041 0.588482 0.064390 0.060006
0 0.543790 0.588456 0.065798 0.061351
0 0.544348 0.588328 0.064726 0.060317
0 0.545440 0.588260 0.065821 0.061373
0 0.546600 0.588115 0.065260 0.060872
0 0.547006 0.588054 0.065755 0.061310
0 0.548158 0.587952 0.065151 0.060749
0 0.548714 0.587771 0.065443 0.061003
0 0.549651 0.587659 0.064847 0.060453
0 0.550357 0.587691 0.065275 0.060856
0 0.551440 0.587661 0.065665 0.061252
0 0.552068 0.587385 0.064891 0.060464
0 0.553088 0.587377 0.065706 0.061226
0 0.553775 0.587467 0.064624 0.060218
0 0.554895 0.587461 0.065628 0.061162
0 0.556009 0.587346 0.065310 0.060864
0 0.556521 0.586951 0.065522 0.061067
0 0.557708 0.587009 0.065671 0.061188
0 0.558501 0.586970 0.064665 0.060295
0 0.559560 0.586913 0.065596 0.061137
0 0.560255 0.586881 0.064531 0.060205
0 0.561298 0.586853 0.065294 0.060889
0 0.561982 0.586782 0.064671 0.060338
0 0.563145 0.586702 0.064714 0.060377
0 0.563655 0.586708 0.064803 0.060446
0 0.564971 0.586649 0.064428 0.060118
0 0.565631 0.586630 0.065646 0.061199
0 0.566826 0.586596 0.064811 0.060436
0 0.567468 0.586590 0.065387 0.060963
0 0.568667 0.586693 0.065626 0.061198
0 0.569538 0.586528 0.064487 0.060139
0 0.570729 0.586535 0.065137 0.060720
0 0.571319 0.586493 0.064443 0.060097
0 0.572644 0.586511 0.064430 0.060090
0 0.573929 0.586507 0.064819 0.060436
0 0.574670 0.586456 0.064803 0.060396
0 0.576108 0.586441 0.064450 0.060086
0 0.576555 0.586502 0.065546 0.061092
0 0.578007 0.586447 0.065431 0.060998
0 0.579217 0.586471 0.064584 0.060228
0 0.579987 0.586367 0.065288 0.060855
0 0.581414 0.586361 0.065448 0.061002
0 0.582028 0.586336 0.064371 0.060024
0 0.583545 0.586340 0.064441 0.060085
0 0.584139 0.586331 0.065072 0.060638
0 0.585591 0.586387 0.064871 0.060495
0 0.587057 0.586401 0.064642 0.060304
0 0.587615 0.586467 0.065633 0.061207
0 0.589072 0.586446 0.065646 0.061225
0 0.589714 0.586349 0.064683 0.060374
0 0.591272 0.586380 0.064694 0.060384
0 0.591912 0.586427 0.065168 0.060816
0 0.593384 0.586430 0.064930 0.060593
0 0.594133 0.586486 0.065282 0.060944
0 0.595337 0.586566 0.065851 0.061520
0 0.596927 0.586626 0.065875 0.061552
0 0.597772 0.586825 0.064692 0.060495
0 0.599341 0.586846 0.064683 0.060484
0 0.599817 0.586855 0.065689 0.061406
0 0.601345 0.586870 0.065572 0.061285
0 0.602939 0.587000 0.065573 0.061292
0 0.604562 0.587080 0.065683 0.061374
0 0.606151 0.587254 0.065700 0.061350
0 0.606957 0.587333 0.064720 0.060439
0 0.608499 0.587387 0.064745 0.060463
0 0.609231 0.587400 0.065636 0.061278
0 0.610774 0.587382 0.065608 0.061249
0 0.611629 0.587454 0.064776 0.060479
0 0.613137 0.587513 0.064810 0.060511
0 0.613976 0.587612 0.065629 0.061243
0 0.615609 0.587681 0.065673 0.061270
0 0.616474 0.587687 0.064628 0.060322
0 0.618051 0.587762 0.064579 0.060267
0 0.619664 0.587810 0.064573 0.060255
0 0.620321 0.587805 0.065693 0.061271
0 0.621905 0.587824 0.065694 0.061280
0 0.622879 0.587897 0.064579 0.060255
0 0.624570 0.587868 0.064763 0.060412
0 0.627305 0.587937 0.064590 0.060248
0 0.627984 0.587952 0.065401 0.060993
0 0.629586 0.587960 0.065418 0.060995
0 0.630656 0.588131 0.064570 0.060239
0 0.632220 0.588030 0.064609 0.060276
0 0.633274 0.588061 0.065050 0.060662
0 0.634865 0.588057 0.064968 0.060592
0 0.635645 0.588020 0.065030 0.060626
0 0.637451 0.588009 0.065577 0.061141
0 0.638425 0.587984 0.064553 0.060199
0 0.640275 0.587967 0.064952 0.060552
0 0.641157 0.587989 0.064903 0.060510
0 0.642845 0.587976 0.064658 0.060284
0 0.643818 0.587922 0.065561 0.061106
0 0.645669 0.587848 0.065213 0.060796
0 0.646408 0.587819 0.064691 0.060323
0 0.648342 0.587755 0.065473 0.061054
0 0.649300 0.587740 0.064525 0.060189
0 0.651082 0.587648 0.064708 0.060362
0 0.652149 0.587645 0.064807 0.060448
0 0.654048 0.587499 0.064584 0.060246
0 0.654886 0.587492 0.065508 0.061112
0 0.656955 0.587402 0.064779 0.060466
0 0.657787 0.587431 0.065656 0.061274
0 0.659797 0.587351 0.065230 0.060886
0 0.660815 0.587204 0.065634 0.061300
0 0.662706 0.587111 0.065699 0.061368
0 0.664420 0.586640 0.065483 0.061165
0 0.665577 0.586685 0.065783 0.061460
0 0.667585 0.586618 0.065419 0.061106
0 0.668423 0.586516 0.065232 0.060891
0 0.670604 0.586382 0.065505 0.061125
0 0.671422 0.586318 0.064902 0.060554
0 0.673614 0.586256 0.065579 0.061174
0 0.674586 0.586190 0.064922 0.060557
0 0.676539 0.585935 0.065580 0.061161
0 0.677665 0.585941 0.064839 0.060457
0 0.679668 0.585665 0.065577 0.061146
0 0.681706 0.585605 0.065030 0.060633
0 0.682805 0.585567 0.065614 0.061194
0 0.684863 0.585282 0.065144 0.060794
0 0.686859 0.585150 0.064705 0.060376
0 0.688125 0.584959 0.064893 0.060583
0 0.690068 0.584794 0.064759 0.060457
0 0.692408 0.584628 0.065488 0.061131
0 0.693279 0.584313 0.064745 0.060361
0 0.696501 0.583953 0.064839 0.060426
0 0.697927 0.584039 0.064535 0.060129
0 0.700023 0.583920 0.065347 0.060910
0 0.701388 0.583907 0.065065 0.060637
0 0.703376 0.583826 0.065152 0.060716
0 0.704808 0.583767 0.065371 0.060954
0 0.705878 0.583601 0.064813 0.060432
0 0.708152 0.583655 0.065148 0.060743
0 0.709206 0.583561 0.065139 0.060731
0 0.711568 0.583435 0.064593 0.060216
0 0.713685 0.583341 0.064758 0.060378
0 0.716116 0.583318 0.064854 0.060492
0 0.717166 0.583252 0.065373 0.061005
0 0.719757 0.583101 0.064446 0.060120
0 0.720776 0.583032 0.064824 0.060484
0 0.723236 0.583090 0.065019 0.060672
0 0.725651 0.583070 0.064531 0.060199
0 0.726777 0.583062 0.065216 0.060859
0 0.729338 0.582893 0.064671 0.060327
0 0.730548 0.582953 0.064349 0.060023
0 0.732867 0.582945 0.065238 0.060880
0 0.734346 0.582899 0.065182 0.060823
0 0.736711 0.582893 0.064344 0.060017
0 0.739394 0.582849 0.064944 0.060583
0 0.740476 0.582793 0.064947 0.060583
0 0.743244 0.582877 0.064331 0.059988
0 0.744350 0.582792 0.064451 0.060091
0 0.746992 0.582881 0.065193 0.060816
0 0.748134 0.582750 0.064717 0.060332
0 0.750904 0.582821 0.064296 0.059928
0 0.752079 0.582876 0.064598 0.060222
0 0.754855 0.582889 0.065087 0.060694
0 0.755958 0.582806 0.064684 0.060295
0 0.758792 0.582974 0.064307 0.059947
0 0.760046 0.582861 0.064387 0.060020
0 0.762769 0.582943 0.065131 0.060741
0 0.765536 0.582873 0.065199 0.060800
0 0.766983 0.582853 0.064976 0.060573
0 0.769746 0.582833 0.064386 0.060011
0 0.771243 0.582807 0.064355 0.059977
0 0.773928 0.582807 0.064699 0.060301
0 0.776549 0.582644 0.065058 0.060608
0 0.778118 0.582620 0.065002 0.060541
0 0.780831 0.582544 0.064525 0.060108
0 0.782393 0.582416 0.064441 0.060047
0 0.785175 0.582512 0.064265 0.059889
0 0.788166 0.582339 0.064345 0.059957
0 0.789413 0.582277 0.064820 0.060394
0 0.792533 0.582241 0.064838 0.060420
0 0.793772 0.582252 0.065032 0.060595
0 0.796864 0.582272 0.064995 0.060566
0 0.799667 0.582096 0.064584 0.060192
0 0.802768 0.582163 0.064485 0.060076
0 0.804185 0.582049 0.064330 0.059942
0 0.807249 0.582032 0.064253 0.059878
0 0.810432 0.582014 0.064289 0.059918
0 0.811902 0.581963 0.064245 0.059871
0 0.813090 0.581937 0.064402 0.060027
0 0.816393 0.581981 0.064297 0.059929
0 0.819552 0.581874 0.064280 0.059911
0 0.821056 0.581974 0.064322 0.059948
0 0.825745 0.581932 0.064312 0.059938
0 0.827175 0.582006 0.064412 0.060027
0 0.830436 0.581757 0.064326 0.059935
0 0.831845 0.581757 0.064407 0.060022
0 0.835306 0.581807 0.064299 0.059913
0 0.836683 0.581741 0.064330 0.059949
0 0.840018 0.581901 0.064342 0.059950
0 0.843259 0.581560 0.064397 0.060000
0 0.844935 0.581620 0.064573 0.060165
0 0.848287 0.581635 0.064891 0.060449
0 0.849985 0.581611 0.065146 0.060676
0 0.853175 0.581529 0.065154 0.060689
0 0.854848 0.581555 0.065123 0.060656
0 0.858300 0.581477 0.064720 0.060291
0 0.861526 0.581423 0.064449 0.060046
0 0.863319 0.581320 0.064330 0.059918
0 0.866599 0.581232 0.064386 0.059971
0 0.868445 0.581152 0.064628 0.060212
0 0.871793 0.581129 0.065123 0.060658
0 0.873745 0.581055 0.065010 0.060547
