0 0.296094 0.619141 0.117188 0.074219
0 0.296966 0.618716 0.117106 0.074181
0 0.297839 0.618291 0.117025 0.074143
0 0.298711 0.617866 0.116944 0.074105
0 0.299584 0.617441 0.116863 0.074067
0 0.300457 0.617016 0.116782 0.074029
0 0.301329 0.616591 0.116700 0.073990
0 0.302202 0.616167 0.116619 0.073952
0 0.303074 0.615742 0.116538 0.073914
0 0.303947 0.615317 0.116457 0.073876
0 0.304819 0.614892 0.116376 0.073838
0 0.305692 0.614467 0.116295 0.073800
0 0.306565 0.614042 0.116213 0.073762
0 0.307437 0.613617 0.116132 0.073724
0 0.308310 0.613192 0.116051 0.073686
0 0.309182 0.612768 0.115970 0.073648
0 0.310055 0.612343 0.115889 0.073610
0 0.310927 0.611918 0.115808 0.073572
0 0.311800 0.611493 0.115726 0.073534
0 0.312672 0.611068 0.115645 0.073496
0 0.313545 0.610643 0.115564 0.073458
0 0.314418 0.610218 0.115483 0.073420
0 0.315290 0.609794 0.115402 0.073382
0 0.316163 0.609369 0.115321 0.073344
0 0.317035 0.608944 0.115239 0.073306
0 0.317908 0.608519 0.115158 0.073268
0 0.318780 0.608094 0.115077 0.073230
0 0.319653 0.607669 0.114996 0.073191
0 0.320526 0.607244 0.114915 0.073153
0 0.321398 0.606819 0.114834 0.073115
0 0.322271 0.606395 0.114752 0.073077
0 0.323143 0.605970 0.114671 0.073039
0 0.324016 0.605545 0.114590 0.073001
0 0.324888 0.605120 0.114509 0.072963
0 0.325761 0.604695 0.114428 0.072925
0 0.326634 0.604270 0.114347 0.072887
0 0.327506 0.603845 0.114265 0.072849
0 0.328379 0.603421 0.114184 0.072811
0 0.329251 0.602996 0.114103 0.072773
0 0.330124 0.602571 0.114022 0.072735
0 0.330996 0.602146 0.113941 0.072697
0 0.331869 0.601721 0.113860 0.072659
0 0.332741 0.601296 0.113778 0.072621
0 0.333614 0.600871 0.113697 0.072583
0 0.334487 0.600446 0.113616 0.072545
0 0.335359 0.600022 0.113535 0.072507
0 0.336232 0.599597 0.113454 0.072469
0 0.337104 0.599172 0.113373 0.072430
0 0.337977 0.598747 0.113291 0.072392
0 0.338849 0.598322 0.113210 0.072354
0 0.339722 0.597897 0.113129 0.072316
0 0.340595 0.597472 0.113048 0.072278
0 0.341467 0.597047 0.112967 0.072240
0 0.342340 0.596623 0.112886 0.072202
0 0.343212 0.596198 0.112804 0.072164
0 0.344085 0.595773 0.112723 0.072126
0 0.344957 0.595348 0.112642 0.072088
0 0.345830 0.594923 0.112561 0.072050
0 0.346703 0.594498 0.112480 0.072012
0 0.347575 0.594073 0.112399 0.071974
0 0.348448 0.593649 0.112317 0.071936
0 0.349320 0.593224 0.112236 0.071898
0 0.350193 0.592799 0.112155 0.071860
0 0.351065 0.592374 0.112074 0.071822
0 0.351938 0.591949 0.111993 0.071784
0 0.352810 0.591524 0.111912 0.071746
0 0.353683 0.591099 0.111830 0.071708
0 0.354556 0.590674 0.111749 0.071670
0 0.355428 0.590250 0.111668 0.071631
0 0.356301 0.589825 0.111587 0.071593
0 0.357173 0.589400 0.111506 0.071555
0 0.358046 0.588975 0.111425 0.071517
0 0.358918 0.588550 0.111343 0.071479
0 0.359791 0.588125 0.111262 0.071441
0 0.360664 0.587700 0.111181 0.071403
0 0.361536 0.587276 0.111100 0.071365
0 0.362409 0.586851 0.111019 0.071327
0 0.363281 0.586426 0.110938 0.071289
0 0.364154 0.586001 0.110856 0.071251
0 0.365026 0.585576 0.110775 0.071213
0 0.365899 0.585151 0.110694 0.071175
0 0.366772 0.584726 0.110613 0.071137
0 0.367644 0.584301 0.110532 0.071099
0 0.368517 0.583877 0.110450 0.071061
0 0.369389 0.583452 0.110369 0.071023
0 0.370262 0.583027 0.110288 0.070985
0 0.371134 0.582602 0.110207 0.070947
0 0.372007 0.582177 0.110126 0.070909
0 0.372879 0.581752 0.110045 0.070871
0 0.373752 0.581327 0.109963 0.070832
0 0.374625 0.580902 0.109882 0.070794
0 0.375497 0.580478 0.109801 0.070756
0 0.376370 0.580053 0.109720 0.070718
0 0.377242 0.579628 0.109639 0.070680
0 0.378115 0.579203 0.109558 0.070642
0 0.378987 0.578778 0.109476 0.070604
0 0.379860 0.578353 0.109395 0.070566
0 0.380733 0.577928 0.109314 0.070528
0 0.381605 0.577504 0.109233 0.070490
0 0.382478 0.577079 0.109152 0.070452
0 0.383350 0.576654 0.109071 0.070414
0 0.384223 0.576229 0.108989 0.070376
0 0.385095 0.575804 0.108908 0.070338
0 0.385968 0.575379 0.108827 0.070300
0 0.386841 0.574954 0.108746 0.070262
0 0.387713 0.574529 0.108665 0.070224
0 0.388586 0.574105 0.108584 0.070186
0 0.389458 0.573680 0.108502 0.070148
0 0.390331 0.573255 0.108421 0.070110
0 0.391203 0.572830 0.108340 0.070072
0 0.392076 0.572405 0.108259 0.070033
0 0.392948 0.571980 0.108178 0.069995
0 0.393821 0.571555 0.108097 0.069957
0 0.394694 0.571131 0.108015 0.069919
0 0.395566 0.570706 0.107934 0.069881
0 0.396439 0.570281 0.107853 0.069843
0 0.397311 0.569856 0.107772 0.069805
0 0.398184 0.569431 0.107691 0.069767
0 0.399056 0.569006 0.107610 0.069729
0 0.399929 0.568581 0.107528 0.069691
0 0.400802 0.568156 0.107447 0.069653
0 0.401674 0.567732 0.107366 0.069615
0 0.402547 0.567307 0.107285 0.069577
0 0.403419 0.566882 0.107204 0.069539
0 0.404292 0.566457 0.107123 0.069501
0 0.405164 0.566032 0.107041 0.069463
0 0.406037 0.565607 0.106960 0.069425
0 0.406909 0.565182 0.106879 0.069387
0 0.407782 0.564758 0.106798 0.069349
0 0.408655 0.564333 0.106717 0.069311
0 0.409527 0.563908 0.106636 0.069273
0 0.410400 0.563483 0.106554 0.069234
0 0.411272 0.563058 0.106473 0.069196
0 0.412145 0.562633 0.106392 0.069158
0 0.413017 0.562208 0.106311 0.069120
0 0.413890 0.561783 0.106230 0.069082
0 0.414763 0.561359 0.106149 0.069044
0 0.415635 0.560934 0.106067 0.069006
0 0.416508 0.560509 0.105986 0.068968
0 0.417380 0.560084 0.105905 0.068930
0 0.418253 0.559659 0.105824 0.068892
0 0.419125 0.559234 0.105743 0.068854
0 0.419998 0.558809 0.105662 0.068816
0 0.420871 0.558384 0.105580 0.068778
0 0.421743 0.557960 0.105499 0.068740
0 0.422616 0.557535 0.105418 0.068702
0 0.423488 0.557110 0.105337 0.068664
0 0.424361 0.556685 0.105256 0.068626
0 0.425233 0.556260 0.105175 0.068588
0 0.426106 0.555835 0.105093 0.068550
0 0.426978 0.555410 0.105012 0.068512
0 0.427851 0.554986 0.104931 0.068474
0 0.428724 0.554561 0.104850 0.068435
0 0.429596 0.554136 0.104769 0.068397
0 0.430469 0.553711 0.104688 0.068359
0 0.431290 0.553284 0.104786 0.068446
0 0.432110 0.552858 0.104885 0.068532
0 0.432931 0.552432 0.104984 0.068619
0 0.433752 0.552005 0.105083 0.068705
0 0.434573 0.551579 0.105182 0.068792
0 0.435394 0.551152 0.105281 0.068879
0 0.436214 0.550726 0.105380 0.068965
0 0.437035 0.550299 0.105479 0.069052
0 0.437856 0.549873 0.105578 0.069138
0 0.438677 0.549446 0.105676 0.069225
0 0.439498 0.549020 0.105775 0.069311
0 0.440318 0.548593 0.105874 0.069398
0 0.441139 0.548167 0.105973 0.069484
0 0.441960 0.547740 0.106072 0.069571
0 0.442781 0.547314 0.106171 0.069657
0 0.443602 0.546887 0.106270 0.069744
0 0.444422 0.546461 0.106369 0.069830
0 0.445243 0.546034 0.106468 0.069917
0 0.446064 0.545608 0.106566 0.070003
0 0.446885 0.545181 0.106665 0.070090
0 0.447706 0.544755 0.106764 0.070177
0 0.448527 0.544329 0.106863 0.070263
0 0.449347 0.543902 0.106962 0.070350
0 0.450168 0.543476 0.107061 0.070436
0 0.450989 0.543049 0.107160 0.070523
0 0.451810 0.542623 0.107259 0.070609
0 0.452631 0.542196 0.107358 0.070696
0 0.453451 0.541770 0.107456 0.070782
0 0.454272 0.541343 0.107555 0.070869
0 0.455093 0.540917 0.107654 0.070955
0 0.455914 0.540490 0.107753 0.071042
0 0.456735 0.540064 0.107852 0.071128
0 0.457555 0.539637 0.107951 0.071215
0 0.458376 0.539211 0.108050 0.071301
0 0.459197 0.538784 0.108149 0.071388
0 0.460018 0.538358 0.108248 0.071474
0 0.460839 0.537931 0.108347 0.071561
0 0.461659 0.537505 0.108445 0.071648
0 0.462480 0.537078 0.108544 0.071734
0 0.463301 0.536652 0.108643 0.071821
0 0.464122 0.536226 0.108742 0.071907
0 0.464943 0.535799 0.108841 0.071994
0 0.465763 0.535373 0.108940 0.072080
0 0.466584 0.534946 0.109039 0.072167
0 0.467405 0.534520 0.109138 0.072253
0 0.468226 0.534093 0.109237 0.072340
0 0.469047 0.533667 0.109335 0.072426
0 0.469867 0.533240 0.109434 0.072513
0 0.470688 0.532814 0.109533 0.072599
0 0.471509 0.532387 0.109632 0.072686
0 0.472330 0.531961 0.109731 0.072772
0 0.473151 0.531534 0.109830 0.072859
0 0.473972 0.531108 0.109929 0.072946
0 0.474792 0.530681 0.110028 0.073032
0 0.475613 0.530255 0.110127 0.073119
0 0.476434 0.529828 0.110225 0.073205
0 0.477255 0.529402 0.110324 0.073292
0 0.478076 0.528975 0.110423 0.073378
0 0.478896 0.528549 0.110522 0.073465
0 0.479717 0.528123 0.110621 0.073551
0 0.480538 0.527696 0.110720 0.073638
0 0.481359 0.527270 0.110819 0.073724
0 0.482180 0.526843 0.110918 0.073811
0 0.483000 0.526417 0.111017 0.073897
0 0.483821 0.525990 0.111116 0.073984
0 0.484642 0.525564 0.111214 0.074070
0 0.485463 0.525137 0.111313 0.074157
0 0.486284 0.524711 0.111412 0.074243
0 0.487104 0.524284 0.111511 0.074330
0 0.487925 0.523858 0.111610 0.074417
0 0.488746 0.523431 0.111709 0.074503
0 0.489567 0.523005 0.111808 0.074590
0 0.490388 0.522578 0.111907 0.074676
0 0.491208 0.522152 0.112006 0.074763
0 0.492029 0.521725 0.112104 0.074849
0 0.492850 0.521299 0.112203 0.074936
0 0.493671 0.520872 0.112302 0.075022
0 0.494492 0.520446 0.112401 0.075109
0 0.495313 0.520020 0.112500 0.075195
0 0.496133 0.519593 0.112599 0.075282
0 0.496954 0.519167 0.112698 0.075368
0 0.497775 0.518740 0.112797 0.075455
0 0.498596 0.518314 0.112896 0.075541
0 0.499417 0.517887 0.112994 0.075628
0 0.500237 0.517461 0.113093 0.075714
0 0.501058 0.517034 0.113192 0.075801
0 0.501879 0.516608 0.113291 0.075888
0 0.502700 0.516181 0.113390 0.075974
0 0.503521 0.515755 0.113489 0.076061
0 0.504341 0.515328 0.113588 0.076147
0 0.505162 0.514902 0.113687 0.076234
0 0.505983 0.514475 0.113786 0.076320
0 0.506804 0.514049 0.113884 0.076407
0 0.507625 0.513622 0.113983 0.076493
0 0.508445 0.513196 0.114082 0.076580
0 0.509266 0.512769 0.114181 0.076666
0 0.510087 0.512343 0.114280 0.076753
0 0.510908 0.511917 0.114379 0.076839
0 0.511729 0.511490 0.114478 0.076926
0 0.512549 0.511064 0.114577 0.077012
0 0.513370 0.510637 0.114676 0.077099
0 0.514191 0.510211 0.114775 0.077186
0 0.515012 0.509784 0.114873 0.077272
0 0.515833 0.509358 0.114972 0.077359
0 0.516653 0.508931 0.115071 0.077445
0 0.517474 0.508505 0.115170 0.077532
0 0.518295 0.508078 0.115269 0.077618
0 0.519116 0.507652 0.115368 0.077705
0 0.519937 0.507225 0.115467 0.077791
0 0.520758 0.506799 0.115566 0.077878
0 0.521578 0.506372 0.115665 0.077964
0 0.522399 0.505946 0.115763 0.078051
0 0.523220 0.505519 0.115862 0.078137
0 0.524041 0.505093 0.115961 0.078224
0 0.524862 0.504666 0.116060 0.078310
0 0.525682 0.504240 0.116159 0.078397
0 0.526503 0.503814 0.116258 0.078483
0 0.527324 0.503387 0.116357 0.078570
0 0.528145 0.502961 0.116456 0.078657
0 0.528966 0.502534 0.116555 0.078743
0 0.529786 0.502108 0.116653 0.078830
0 0.530607 0.501681 0.116752 0.078916
0 0.531428 0.501255 0.116851 0.079003
0 0.532249 0.500828 0.116950 0.079089
0 0.533070 0.500402 0.117049 0.079176
0 0.533890 0.499975 0.117148 0.079262
0 0.534711 0.499549 0.117247 0.079349
0 0.535532 0.499122 0.117346 0.079435
0 0.536353 0.498696 0.117445 0.079522
0 0.537174 0.498269 0.117544 0.079608
0 0.537994 0.497843 0.117642 0.079695
0 0.538815 0.497416 0.117741 0.079781
0 0.539636 0.496990 0.117840 0.079868
0 0.540457 0.496563 0.117939 0.079955
0 0.541278 0.496137 0.118038 0.080041
0 0.542098 0.495711 0.118137 0.080128
0 0.542919 0.495284 0.118236 0.080214
0 0.543740 0.494858 0.118335 0.080301
0 0.544561 0.494431 0.118434 0.080387
0 0.545382 0.494005 0.118532 0.080474
0 0.546203 0.493578 0.118631 0.080560
0 0.547023 0.493152 0.118730 0.080647
0 0.547844 0.492725 0.118829 0.080733
0 0.548665 0.492299 0.118928 0.080820
0 0.549486 0.491872 0.119027 0.080906
0 0.550307 0.491446 0.119126 0.080993
0 0.551127 0.491019 0.119225 0.081079
0 0.551948 0.490593 0.119324 0.081166
0 0.552769 0.490166 0.119422 0.081252
0 0.553590 0.489740 0.119521 0.081339
0 0.554411 0.489313 0.119620 0.081426
0 0.555231 0.488887 0.119719 0.081512
0 0.556052 0.488460 0.119818 0.081599
0 0.556873 0.488034 0.119917 0.081685
0 0.557694 0.487608 0.120016 0.081772
0 0.558515 0.487181 0.120115 0.081858
0 0.559335 0.486755 0.120214 0.081945
0 0.560156 0.486328 0.120313 0.082031
