0 0.573438 0.504883 0.246875 0.154297
0 0.574062 0.505664 0.250625 0.156641
0 0.574687 0.506445 0.254375 0.158984
0 0.575312 0.507227 0.258125 0.161328
0 0.575937 0.508008 0.261875 0.163672
0 0.576562 0.508789 0.265625 0.166016
0 0.576797 0.509375 0.267969 0.167578
0 0.577031 0.509961 0.270313 0.169141
0 0.577266 0.510547 0.272656 0.170703
0 0.577500 0.511133 0.275000 0.172266
0 0.577734 0.511719 0.277344 0.173828
0 0.577969 0.512305 0.279688 0.175391
0 0.578203 0.512891 0.282031 0.176953
0 0.578438 0.513477 0.284375 0.178516
0 0.578672 0.514063 0.286719 0.180078
0 0.578906 0.514648 0.289062 0.181641
0 0.578212 0.514540 0.293576 0.182726
0 0.577517 0.514431 0.298090 0.183811
0 0.576823 0.514323 0.302604 0.184896
0 0.576128 0.514214 0.307118 0.185981
0 0.575434 0.514106 0.311632 0.187066
0 0.574740 0.513997 0.316146 0.188151
0 0.574045 0.513889 0.320660 0.189236
0 0.573351 0.513780 0.325174 0.190321
0 0.572656 0.513672 0.329688 0.191406
0 0.572812 0.516016 0.330312 0.193750
0 0.572969 0.518359 0.330937 0.196094
0 0.573125 0.520703 0.331562 0.198437
0 0.573281 0.523047 0.332187 0.200781
0 0.573437 0.525391 0.332812 0.203125
0 0.573594 0.527734 0.333437 0.205469
0 0.573750 0.530078 0.334062 0.207812
0 0.573906 0.532422 0.334687 0.210156
0 0.574062 0.534766 0.335312 0.212500
0 0.574219 0.537109 0.335938 0.214844
0 0.574386 0.540039 0.339397 0.217076
0 0.574554 0.542969 0.342857 0.219308
0 0.574721 0.545898 0.346317 0.221540
0 0.574888 0.548828 0.349777 0.223772
0 0.575056 0.551758 0.353237 0.226004
0 0.575223 0.554688 0.356696 0.228237
0 0.575391 0.557617 0.360156 0.230469
0 0.575558 0.560547 0.363616 0.232701
0 0.575725 0.563477 0.367076 0.234933
0 0.575893 0.566406 0.370536 0.237165
0 0.576060 0.569336 0.373996 0.239397
0 0.576228 0.572266 0.377455 0.241629
0 0.576395 0.575195 0.380915 0.243862
0 0.576563 0.578125 0.384375 0.246094
0 0.576823 0.581055 0.389410 0.245443
0 0.577083 0.583984 0.394444 0.244792
0 0.577344 0.586914 0.399479 0.244141
0 0.577604 0.589844 0.404514 0.243490
0 0.577865 0.592773 0.409549 0.242839
0 0.578125 0.595703 0.414583 0.242187
0 0.578385 0.598633 0.419618 0.241536
0 0.578646 0.601563 0.424653 0.240885
0 0.578906 0.604492 0.429688 0.240234
0 0.578693 0.606978 0.434375 0.244496
0 0.578480 0.609464 0.439062 0.248757
0 0.578267 0.611950 0.443750 0.253018
0 0.578054 0.614435 0.448437 0.257280
0 0.577841 0.616921 0.453125 0.261541
0 0.577628 0.619407 0.457812 0.265803
0 0.577415 0.621893 0.462500 0.270064
0 0.577202 0.624379 0.467187 0.274325
0 0.576989 0.626864 0.471875 0.278587
0 0.576776 0.629350 0.476562 0.282848
0 0.576562 0.631836 0.481250 0.287109
0 0.578385 0.634332 0.485938 0.290799
0 0.580208 0.636827 0.490625 0.294488
0 0.582031 0.639323 0.495313 0.298177
0 0.583854 0.641819 0.500000 0.301866
0 0.585677 0.644314 0.504688 0.305556
0 0.587500 0.646810 0.509375 0.309245
0 0.589323 0.649306 0.514063 0.312934
0 0.591146 0.651801 0.518750 0.316623
0 0.592969 0.654297 0.523438 0.320312
0 0.594271 0.653863 0.530556 0.325087
0 0.595573 0.653429 0.537674 0.329861
0 0.596875 0.652995 0.544792 0.334635
0 0.598177 0.652561 0.551910 0.339410
0 0.599479 0.652127 0.559028 0.344184
0 0.600781 0.651693 0.566146 0.348958
0 0.602083 0.651259 0.573264 0.353733
0 0.603385 0.650825 0.580382 0.358507
0 0.604688 0.650391 0.587500 0.363281
0 0.464062 0.416992 0.115625 0.083984
0 0.465625 0.419596 0.117188 0.085286
0 0.467188 0.422201 0.118750 0.086589
0 0.468750 0.424805 0.120313 0.087891
0 0.470312 0.427409 0.121875 0.089193
0 0.471875 0.430013 0.123438 0.090495
0 0.473438 0.432617 0.125000 0.091797
0 0.472991 0.434570 0.123661 0.090681
0 0.472545 0.436523 0.122321 0.089565
0 0.472098 0.438477 0.120982 0.088449
0 0.471652 0.440430 0.119643 0.087333
0 0.471205 0.442383 0.118304 0.086217
0 0.470759 0.444336 0.116964 0.085100
0 0.470312 0.446289 0.115625 0.083984
0 0.470089 0.448103 0.116518 0.083705
0 0.469866 0.449916 0.117411 0.083426
0 0.469643 0.451730 0.118304 0.083147
0 0.469420 0.453544 0.119196 0.082868
0 0.469196 0.455357 0.120089 0.082589
0 0.468973 0.457171 0.120982 0.082310
0 0.468750 0.458984 0.121875 0.082031
0 0.469618 0.461263 0.122569 0.081814
0 0.470486 0.463542 0.123264 0.081597
0 0.471354 0.465820 0.123958 0.081380
0 0.472222 0.468099 0.124653 0.081163
0 0.473090 0.470378 0.125347 0.080946
0 0.473958 0.472656 0.126042 0.080729
0 0.474826 0.474935 0.126736 0.080512
0 0.475694 0.477214 0.127431 0.080295
0 0.476562 0.479492 0.128125 0.080078
0 0.476953 0.479785 0.128281 0.079492
0 0.477344 0.480078 0.128438 0.078906
0 0.477734 0.480371 0.128594 0.078320
0 0.478125 0.480664 0.128750 0.077734
0 0.478516 0.480957 0.128906 0.077148
0 0.478906 0.481250 0.129063 0.076562
0 0.479297 0.481543 0.129219 0.075977
0 0.479688 0.481836 0.129375 0.075391
0 0.480078 0.482129 0.129531 0.074805
0 0.480469 0.482422 0.129688 0.074219
0 0.481042 0.482422 0.130833 0.075521
0 0.481615 0.482422 0.131979 0.076823
0 0.482187 0.482422 0.133125 0.078125
0 0.482760 0.482422 0.134271 0.079427
0 0.483333 0.482422 0.135417 0.080729
0 0.483906 0.482422 0.136562 0.082031
0 0.484479 0.482422 0.137708 0.083333
0 0.485052 0.482422 0.138854 0.084635
0 0.485625 0.482422 0.140000 0.085938
0 0.486198 0.482422 0.141146 0.087240
0 0.486771 0.482422 0.142292 0.088542
0 0.487344 0.482422 0.143437 0.089844
0 0.487917 0.482422 0.144583 0.091146
0 0.488490 0.482422 0.145729 0.092448
0 0.489063 0.482422 0.146875 0.093750
0 0.489844 0.483093 0.148633 0.093872
0 0.490625 0.483765 0.150391 0.093994
0 0.491406 0.484436 0.152148 0.094116
0 0.492187 0.485107 0.153906 0.094238
0 0.492969 0.485779 0.155664 0.094360
0 0.493750 0.486450 0.157422 0.094482
0 0.494531 0.487122 0.159180 0.094604
0 0.495312 0.487793 0.160937 0.094727
0 0.496094 0.488464 0.162695 0.094849
0 0.496875 0.489136 0.164453 0.094971
0 0.497656 0.489807 0.166211 0.095093
0 0.498437 0.490479 0.167969 0.095215
0 0.499219 0.491150 0.169727 0.095337
0 0.500000 0.491821 0.171484 0.095459
0 0.500781 0.492493 0.173242 0.095581
0 0.501563 0.493164 0.175000 0.095703
0 0.501700 0.491958 0.175643 0.096507
0 0.501838 0.490751 0.176287 0.097312
0 0.501976 0.489545 0.176930 0.098116
0 0.502114 0.488339 0.177574 0.098920
0 0.502252 0.487132 0.178217 0.099724
0 0.502390 0.485926 0.178860 0.100528
0 0.502528 0.484720 0.179504 0.101333
0 0.502665 0.483513 0.180147 0.102137
0 0.502803 0.482307 0.180790 0.102941
0 0.502941 0.481101 0.181434 0.103745
0 0.503079 0.479894 0.182077 0.104550
0 0.503217 0.478688 0.182721 0.105354
0 0.503355 0.477482 0.183364 0.106158
0 0.503493 0.476275 0.184007 0.106962
0 0.503631 0.475069 0.184651 0.107767
0 0.503768 0.473863 0.185294 0.108571
0 0.503906 0.472656 0.185938 0.109375
0 0.543750 0.555664 0.290625 0.177734
0 0.547188 0.552930 0.290625 0.177734
0 0.550625 0.550195 0.290625 0.177734
0 0.554063 0.547461 0.290625 0.177734
0 0.557500 0.544727 0.290625 0.177734
0 0.560938 0.541992 0.290625 0.177734
0 0.561049 0.541295 0.289955 0.176339
0 0.561161 0.540597 0.289286 0.174944
0 0.561272 0.539900 0.288616 0.173549
0 0.561384 0.539202 0.287946 0.172154
0 0.561496 0.538504 0.287277 0.170759
0 0.561607 0.537807 0.286607 0.169364
0 0.561719 0.537109 0.285938 0.167969
0 0.558247 0.534397 0.287674 0.169922
0 0.554774 0.531684 0.289410 0.171875
0 0.551302 0.528971 0.291146 0.173828
0 0.547830 0.526259 0.292882 0.175781
0 0.544358 0.523546 0.294618 0.177734
0 0.540885 0.520833 0.296354 0.179688
0 0.537413 0.518121 0.298090 0.181641
0 0.533941 0.515408 0.299826 0.183594
0 0.530469 0.512695 0.301563 0.185547
0 0.531534 0.513050 0.301420 0.185547
0 0.532599 0.513406 0.301278 0.185547
0 0.533665 0.513761 0.301136 0.185547
0 0.534730 0.514116 0.300994 0.185547
0 0.535795 0.514471 0.300852 0.185547
0 0.536861 0.514826 0.300710 0.185547
0 0.537926 0.515181 0.300568 0.185547
0 0.538991 0.515536 0.300426 0.185547
0 0.540057 0.515891 0.300284 0.185547
0 0.541122 0.516246 0.300142 0.185547
0 0.542188 0.516602 0.300000 0.185547
0 0.540538 0.517144 0.301910 0.186198
0 0.538889 0.517687 0.303819 0.186849
0 0.537240 0.518229 0.305729 0.187500
0 0.535590 0.518772 0.307639 0.188151
0 0.533941 0.519314 0.309549 0.188802
0 0.532292 0.519857 0.311458 0.189453
0 0.530642 0.520399 0.313368 0.190104
0 0.528993 0.520942 0.315278 0.190755
0 0.527344 0.521484 0.317188 0.191406
0 0.528385 0.522027 0.319271 0.190321
0 0.529427 0.522569 0.321354 0.189236
0 0.530469 0.523112 0.323438 0.188151
0 0.531510 0.523655 0.325521 0.187066
0 0.532552 0.524197 0.327604 0.185981
0 0.533594 0.524740 0.329688 0.184896
0 0.534635 0.525282 0.331771 0.183811
0 0.535677 0.525825 0.333854 0.182726
0 0.536719 0.526367 0.335938 0.181641
0 0.534635 0.527507 0.330729 0.183919
0 0.532552 0.528646 0.325521 0.186198
0 0.530469 0.529785 0.320312 0.188477
0 0.528385 0.530924 0.315104 0.190755
0 0.526302 0.532064 0.309896 0.193034
0 0.524219 0.533203 0.304688 0.195312
0 0.522852 0.534302 0.309766 0.196045
0 0.521484 0.535400 0.314844 0.196777
0 0.520117 0.536499 0.319922 0.197510
0 0.518750 0.537598 0.325000 0.198242
0 0.517383 0.538696 0.330078 0.198975
0 0.516016 0.539795 0.335156 0.199707
0 0.514648 0.540894 0.340234 0.200439
0 0.513281 0.541992 0.345313 0.201172
0 0.512266 0.543164 0.343906 0.199609
0 0.511250 0.544336 0.342500 0.198047
0 0.510234 0.545508 0.341094 0.196484
0 0.509219 0.546680 0.339687 0.194922
0 0.508203 0.547852 0.338281 0.193359
0 0.507187 0.549023 0.336875 0.191797
0 0.506172 0.550195 0.335469 0.190234
0 0.505156 0.551367 0.334062 0.188672
0 0.504141 0.552539 0.332656 0.187109
0 0.503125 0.553711 0.331250 0.185547
0 0.503571 0.553641 0.331473 0.186523
0 0.504018 0.553571 0.331696 0.187500
0 0.504464 0.553502 0.331920 0.188477
0 0.504911 0.553432 0.332143 0.189453
0 0.505357 0.553362 0.332366 0.190430
0 0.505804 0.553292 0.332589 0.191406
0 0.506250 0.553223 0.332812 0.192383
0 0.506696 0.553153 0.333036 0.193359
0 0.507143 0.553083 0.333259 0.194336
0 0.507589 0.553013 0.333482 0.195312
0 0.508036 0.552944 0.333705 0.196289
0 0.508482 0.552874 0.333929 0.197266
0 0.508929 0.552804 0.334152 0.198242
0 0.509375 0.552734 0.334375 0.199219
0 0.458594 0.426758 0.079687 0.072266
0 0.459943 0.425870 0.079545 0.072621
0 0.461293 0.424982 0.079403 0.072976
0 0.462642 0.424094 0.079261 0.073331
0 0.463991 0.423207 0.079119 0.073686
0 0.465341 0.422319 0.078977 0.074041
0 0.466690 0.421431 0.078835 0.074396
0 0.468040 0.420543 0.078693 0.074751
0 0.469389 0.419656 0.078551 0.075107
0 0.470739 0.418768 0.078409 0.075462
0 0.472088 0.417880 0.078267 0.075817
0 0.473438 0.416992 0.078125 0.076172
0 0.474297 0.417578 0.078594 0.076563
0 0.475156 0.418164 0.079063 0.076953
0 0.476016 0.418750 0.079531 0.077344
0 0.476875 0.419336 0.080000 0.077734
0 0.477734 0.419922 0.080469 0.078125
0 0.478594 0.420508 0.080938 0.078516
0 0.479453 0.421094 0.081406 0.078906
0 0.480313 0.421680 0.081875 0.079297
0 0.481172 0.422266 0.082344 0.079688
0 0.482031 0.422852 0.082812 0.080078
0 0.483168 0.423295 0.082528 0.079545
0 0.484304 0.423739 0.082244 0.079013
0 0.485440 0.424183 0.081960 0.078480
0 0.486577 0.424627 0.081676 0.077947
0 0.487713 0.425071 0.081392 0.077415
0 0.488849 0.425515 0.081108 0.076882
0 0.489986 0.425959 0.080824 0.076349
0 0.491122 0.426403 0.080540 0.075817
0 0.492259 0.426847 0.080256 0.075284
0 0.493395 0.427290 0.079972 0.074751
0 0.494531 0.427734 0.079687 0.074219
0 0.495938 0.427930 0.079062 0.075000
0 0.497344 0.428125 0.078437 0.075781
0 0.498750 0.428320 0.077812 0.076563
0 0.500156 0.428516 0.077187 0.077344
0 0.501563 0.428711 0.076562 0.078125
0 0.502969 0.428906 0.075937 0.078906
0 0.504375 0.429102 0.075312 0.079688
0 0.505781 0.429297 0.074687 0.080469
0 0.507188 0.429492 0.074062 0.081250
0 0.508594 0.429688 0.073438 0.082031
0 0.508160 0.432183 0.073264 0.080512
0 0.507726 0.434679 0.073090 0.078993
0 0.507292 0.437174 0.072917 0.077474
0 0.506858 0.439670 0.072743 0.075955
0 0.506424 0.442166 0.072569 0.074436
0 0.505990 0.444661 0.072396 0.072917
0 0.505556 0.447157 0.072222 0.071398
0 0.505122 0.449653 0.072049 0.069878
0 0.504687 0.452148 0.071875 0.068359
0 0.503841 0.453613 0.072266 0.068359
0 0.502995 0.455078 0.072656 0.068359
0 0.502148 0.456543 0.073047 0.068359
0 0.501302 0.458008 0.073438 0.068359
0 0.500456 0.459473 0.073828 0.068359
0 0.499609 0.460938 0.074219 0.068359
0 0.498763 0.462402 0.074609 0.068359
0 0.497917 0.463867 0.075000 0.068359
0 0.497070 0.465332 0.075391 0.068359
0 0.496224 0.466797 0.075781 0.068359
0 0.495378 0.468262 0.076172 0.068359
0 0.494531 0.469727 0.076563 0.068359
