0 0.485156 0.345703 0.035937 0.046875
0 0.485882 0.346105 0.035919 0.046898
0 0.486608 0.346507 0.035901 0.046921
0 0.487335 0.346909 0.035882 0.046944
0 0.488061 0.347312 0.035864 0.046967
0 0.488787 0.347714 0.035846 0.046990
0 0.489513 0.348116 0.035827 0.047013
0 0.490239 0.348518 0.035809 0.047036
0 0.490965 0.348920 0.035790 0.047059
0 0.491691 0.349322 0.035772 0.047082
0 0.492417 0.349724 0.035754 0.047105
0 0.493143 0.350126 0.035735 0.047128
0 0.493869 0.350528 0.035717 0.047151
0 0.494596 0.350931 0.035699 0.047174
0 0.495322 0.351333 0.035680 0.047197
0 0.496048 0.351735 0.035662 0.047220
0 0.496774 0.352137 0.035643 0.047243
0 0.497500 0.352539 0.035625 0.047266
0 0.498226 0.352941 0.035607 0.047289
0 0.498952 0.353343 0.035588 0.047312
0 0.499678 0.353745 0.035570 0.047335
0 0.500404 0.354148 0.035551 0.047358
0 0.501131 0.354550 0.035533 0.047381
0 0.501857 0.354952 0.035515 0.047403
0 0.502583 0.355354 0.035496 0.047426
0 0.503309 0.355756 0.035478 0.047449
0 0.504035 0.356158 0.035460 0.047472
0 0.504761 0.356560 0.035441 0.047495
0 0.505487 0.356962 0.035423 0.047518
0 0.506213 0.357364 0.035404 0.047541
0 0.506939 0.357767 0.035386 0.047564
0 0.507665 0.358169 0.035368 0.047587
0 0.508392 0.358571 0.035349 0.047610
0 0.509118 0.358973 0.035331 0.047633
0 0.509844 0.359375 0.035313 0.047656
0 0.510570 0.359777 0.035294 0.047679
0 0.511296 0.360179 0.035276 0.047702
0 0.512022 0.360581 0.035257 0.047725
0 0.512748 0.360983 0.035239 0.047748
0 0.513474 0.361386 0.035221 0.047771
0 0.514200 0.361788 0.035202 0.047794
0 0.514926 0.362190 0.035184 0.047817
0 0.515653 0.362592 0.035165 0.047840
0 0.516379 0.362994 0.035147 0.047863
0 0.517105 0.363396 0.035129 0.047886
0 0.517831 0.363798 0.035110 0.047909
0 0.518557 0.364200 0.035092 0.047932
0 0.519283 0.364602 0.035074 0.047955
0 0.520009 0.365005 0.035055 0.047978
0 0.520735 0.365407 0.035037 0.048001
0 0.521461 0.365809 0.035018 0.048024
0 0.522187 0.366211 0.035000 0.048047
0 0.522914 0.366613 0.034982 0.048070
0 0.523640 0.367015 0.034963 0.048093
0 0.524366 0.367417 0.034945 0.048116
0 0.525092 0.367819 0.034926 0.048139
0 0.525818 0.368222 0.034908 0.048162
0 0.526544 0.368624 0.034890 0.048185
0 0.527270 0.369026 0.034871 0.048208
0 0.527996 0.369428 0.034853 0.048231
0 0.528722 0.369830 0.034835 0.048254
0 0.529449 0.370232 0.034816 0.048277
0 0.530175 0.370634 0.034798 0.048300
0 0.530901 0.371036 0.034779 0.048323
0 0.531627 0.371438 0.034761 0.048346
0 0.532353 0.371841 0.034743 0.048369
0 0.533079 0.372243 0.034724 0.048392
0 0.533805 0.372645 0.034706 0.048415
0 0.534531 0.373047 0.034688 0.048437
0 0.535257 0.373449 0.034669 0.048460
0 0.535983 0.373851 0.034651 0.048483
0 0.536710 0.374253 0.034632 0.048506
0 0.537436 0.374655 0.034614 0.048529
0 0.538162 0.375057 0.034596 0.048552
0 0.538888 0.375460 0.034577 0.048575
0 0.539614 0.375862 0.034559 0.048598
0 0.540340 0.376264 0.034540 0.048621
0 0.541066 0.376666 0.034522 0.048644
0 0.541792 0.377068 0.034504 0.048667
0 0.542518 0.377470 0.034485 0.048690
0 0.543244 0.377872 0.034467 0.048713
0 0.543971 0.378274 0.034449 0.048736
0 0.544697 0.378676 0.034430 0.048759
0 0.545423 0.379079 0.034412 0.048782
0 0.546149 0.379481 0.034393 0.048805
0 0.546875 0.379883 0.034375 0.048828
0 0.547533 0.380397 0.034375 0.048777
0 0.548191 0.380911 0.034375 0.048725
0 0.548849 0.381425 0.034375 0.048674
0 0.549507 0.381939 0.034375 0.048623
0 0.550164 0.382453 0.034375 0.048571
0 0.550822 0.382967 0.034375 0.048520
0 0.551480 0.383481 0.034375 0.048468
0 0.552138 0.383995 0.034375 0.048417
0 0.552796 0.384509 0.034375 0.048366
0 0.553454 0.385023 0.034375 0.048314
0 0.554112 0.385537 0.034375 0.048263
0 0.554770 0.386051 0.034375 0.048211
0 0.555428 0.386565 0.034375 0.048160
0 0.556086 0.387079 0.034375 0.048109
0 0.556743 0.387593 0.034375 0.048057
0 0.557401 0.388106 0.034375 0.048006
0 0.558059 0.388620 0.034375 0.047954
0 0.558717 0.389134 0.034375 0.047903
0 0.559375 0.389648 0.034375 0.047852
0 0.560033 0.390162 0.034375 0.047800
0 0.560691 0.390676 0.034375 0.047749
0 0.561349 0.391190 0.034375 0.047697
0 0.562007 0.391704 0.034375 0.047646
0 0.562664 0.392218 0.034375 0.047595
0 0.563322 0.392732 0.034375 0.047543
0 0.563980 0.393246 0.034375 0.047492
0 0.564638 0.393760 0.034375 0.047440
0 0.565296 0.394274 0.034375 0.047389
0 0.565954 0.394788 0.034375 0.047338
0 0.566612 0.395302 0.034375 0.047286
0 0.567270 0.395816 0.034375 0.047235
0 0.567928 0.396330 0.034375 0.047183
0 0.568586 0.396844 0.034375 0.047132
0 0.569243 0.397358 0.034375 0.047081
0 0.569901 0.397872 0.034375 0.047029
0 0.570559 0.398386 0.034375 0.046978
0 0.571217 0.398900 0.034375 0.046926
0 0.571875 0.399414 0.034375 0.046875
0 0.572533 0.399928 0.034375 0.046824
0 0.573191 0.400442 0.034375 0.046772
0 0.573849 0.400956 0.034375 0.046721
0 0.574507 0.401470 0.034375 0.046669
0 0.575164 0.401984 0.034375 0.046618
0 0.575822 0.402498 0.034375 0.046567
0 0.576480 0.403012 0.034375 0.046515
0 0.577138 0.403526 0.034375 0.046464
0 0.577796 0.404040 0.034375 0.046412
0 0.578454 0.404554 0.034375 0.046361
0 0.579112 0.405068 0.034375 0.046310
0 0.579770 0.405582 0.034375 0.046258
0 0.580428 0.406096 0.034375 0.046207
0 0.581086 0.406610 0.034375 0.046155
0 0.581743 0.407124 0.034375 0.046104
0 0.582401 0.407638 0.034375 0.046053
0 0.583059 0.408152 0.034375 0.046001
0 0.583717 0.408666 0.034375 0.045950
0 0.584375 0.409180 0.034375 0.045898
0 0.585033 0.409694 0.034375 0.045847
0 0.585691 0.410208 0.034375 0.045796
0 0.586349 0.410722 0.034375 0.045744
0 0.587007 0.411236 0.034375 0.045693
0 0.587664 0.411750 0.034375 0.045641
0 0.588322 0.412264 0.034375 0.045590
0 0.588980 0.412778 0.034375 0.045539
0 0.589638 0.413292 0.034375 0.045487
0 0.590296 0.413806 0.034375 0.045436
0 0.590954 0.414319 0.034375 0.045384
0 0.591612 0.414833 0.034375 0.045333
0 0.592270 0.415347 0.034375 0.045282
0 0.592928 0.415861 0.034375 0.045230
0 0.593586 0.416375 0.034375 0.045179
0 0.594243 0.416889 0.034375 0.045127
0 0.594901 0.417403 0.034375 0.045076
0 0.595559 0.417917 0.034375 0.045025
0 0.596217 0.418431 0.034375 0.044973
0 0.596875 0.418945 0.034375 0.044922
0 0.597481 0.419382 0.034396 0.044922
0 0.598088 0.419819 0.034416 0.044922
0 0.598694 0.420256 0.034437 0.044922
0 0.599301 0.420693 0.034457 0.044922
0 0.599907 0.421130 0.034478 0.044922
0 0.600514 0.421567 0.034498 0.044922
0 0.601120 0.422003 0.034519 0.044922
0 0.601727 0.422440 0.034539 0.044922
0 0.602333 0.422877 0.034560 0.044922
0 0.602940 0.423314 0.034581 0.044922
0 0.603546 0.423751 0.034601 0.044922
0 0.604153 0.424188 0.034622 0.044922
0 0.604759 0.424625 0.034642 0.044922
0 0.605366 0.425062 0.034663 0.044922
0 0.605972 0.425499 0.034683 0.044922
0 0.606579 0.425935 0.034704 0.044922
0 0.607185 0.426372 0.034725 0.044922
0 0.607792 0.426809 0.034745 0.044922
0 0.608398 0.427246 0.034766 0.044922
0 0.609005 0.427683 0.034786 0.044922
0 0.609611 0.428120 0.034807 0.044922
0 0.610218 0.428557 0.034827 0.044922
0 0.610824 0.428994 0.034848 0.044922
0 0.611431 0.429431 0.034868 0.044922
0 0.612037 0.429867 0.034889 0.044922
0 0.612644 0.430304 0.034910 0.044922
0 0.613250 0.430741 0.034930 0.044922
0 0.613857 0.431178 0.034951 0.044922
0 0.614463 0.431615 0.034971 0.044922
0 0.615070 0.432052 0.034992 0.044922
0 0.615676 0.432489 0.035012 0.044922
0 0.616283 0.432926 0.035033 0.044922
0 0.616889 0.433362 0.035053 0.044922
0 0.617496 0.433799 0.035074 0.044922
0 0.618102 0.434236 0.035095 0.044922
0 0.618709 0.434673 0.035115 0.044922
0 0.619315 0.435110 0.035136 0.044922
0 0.619922 0.435547 0.035156 0.044922
0 0.620528 0.435984 0.035177 0.044922
0 0.621135 0.436421 0.035197 0.044922
0 0.621741 0.436858 0.035218 0.044922
0 0.622348 0.437294 0.035238 0.044922
0 0.622954 0.437731 0.035259 0.044922
0 0.623561 0.438168 0.035280 0.044922
0 0.624167 0.438605 0.035300 0.044922
0 0.624774 0.439042 0.035321 0.044922
0 0.625380 0.439479 0.035341 0.044922
0 0.625987 0.439916 0.035362 0.044922
0 0.626593 0.440353 0.035382 0.044922
0 0.627200 0.440789 0.035403 0.044922
0 0.627806 0.441226 0.035424 0.044922
0 0.628413 0.441663 0.035444 0.044922
0 0.629019 0.442100 0.035465 0.044922
0 0.629626 0.442537 0.035485 0.044922
0 0.630232 0.442974 0.035506 0.044922
0 0.630839 0.443411 0.035526 0.044922
0 0.631445 0.443848 0.035547 0.044922
0 0.632052 0.444285 0.035567 0.044922
0 0.632658 0.444721 0.035588 0.044922
0 0.633265 0.445158 0.035609 0.044922
0 0.633871 0.445595 0.035629 0.044922
0 0.634478 0.446032 0.035650 0.044922
0 0.635084 0.446469 0.035670 0.044922
0 0.635691 0.446906 0.035691 0.044922
0 0.636297 0.447343 0.035711 0.044922
0 0.636904 0.447780 0.035732 0.044922
0 0.637510 0.448216 0.035752 0.044922
0 0.638117 0.448653 0.035773 0.044922
0 0.638723 0.449090 0.035794 0.044922
0 0.639330 0.449527 0.035814 0.044922
0 0.639936 0.449964 0.035835 0.044922
0 0.640543 0.450401 0.035855 0.044922
0 0.641149 0.450838 0.035876 0.044922
0 0.641756 0.451275 0.035896 0.044922
0 0.642362 0.451712 0.035917 0.044922
0 0.642969 0.452148 0.035937 0.044922
0 0.643539 0.452585 0.035937 0.044876
0 0.644108 0.453022 0.035937 0.044830
0 0.644678 0.453458 0.035937 0.044784
0 0.645248 0.453895 0.035937 0.044738
0 0.645818 0.454331 0.035937 0.044692
0 0.646388 0.454768 0.035937 0.044646
0 0.646958 0.455205 0.035937 0.044600
0 0.647528 0.455641 0.035937 0.044554
0 0.648097 0.456078 0.035937 0.044508
0 0.648667 0.456514 0.035937 0.044462
0 0.649237 0.456951 0.035937 0.044416
0 0.649807 0.457387 0.035937 0.044370
0 0.650377 0.457824 0.035937 0.044324
0 0.650947 0.458261 0.035937 0.044278
0 0.651517 0.458697 0.035937 0.044233
0 0.652086 0.459134 0.035937 0.044187
0 0.652656 0.459570 0.035937 0.044141
0 0.653226 0.460007 0.035937 0.044095
0 0.653796 0.460443 0.035937 0.044049
0 0.654366 0.460880 0.035937 0.044003
0 0.654936 0.461317 0.035937 0.043957
0 0.655506 0.461753 0.035937 0.043911
0 0.656075 0.462190 0.035937 0.043865
0 0.656645 0.462626 0.035937 0.043819
0 0.657215 0.463063 0.035937 0.043773
0 0.657785 0.463500 0.035937 0.043727
0 0.658355 0.463936 0.035937 0.043681
0 0.658925 0.464373 0.035937 0.043635
0 0.659494 0.464809 0.035937 0.043589
0 0.660064 0.465246 0.035937 0.043543
0 0.660634 0.465682 0.035937 0.043497
0 0.661204 0.466119 0.035937 0.043451
0 0.661774 0.466556 0.035937 0.043405
0 0.662344 0.466992 0.035937 0.043359
0 0.662914 0.467429 0.035937 0.043313
0 0.663483 0.467865 0.035937 0.043267
0 0.664053 0.468302 0.035937 0.043222
0 0.664623 0.468739 0.035937 0.043176
0 0.665193 0.469175 0.035937 0.043130
0 0.665763 0.469612 0.035937 0.043084
0 0.666333 0.470048 0.035937 0.043038
0 0.666903 0.470485 0.035937 0.042992
0 0.667472 0.470921 0.035937 0.042946
0 0.668042 0.471358 0.035937 0.042900
0 0.668612 0.471795 0.035937 0.042854
0 0.669182 0.472231 0.035937 0.042808
0 0.669752 0.472668 0.035937 0.042762
0 0.670322 0.473104 0.035937 0.042716
0 0.670892 0.473541 0.035937 0.042670
0 0.671461 0.473977 0.035937 0.042624
0 0.672031 0.474414 0.035937 0.042578
0 0.672601 0.474851 0.035937 0.042532
0 0.673171 0.475287 0.035937 0.042486
0 0.673741 0.475724 0.035937 0.042440
0 0.674311 0.476160 0.035937 0.042394
0 0.674881 0.476597 0.035937 0.042348
0 0.675450 0.477034 0.035937 0.042302
0 0.676020 0.477470 0.035937 0.042256
0 0.676590 0.477907 0.035937 0.042210
0 0.677160 0.478343 0.035937 0.042165
0 0.677730 0.478780 0.035937 0.042119
0 0.678300 0.479216 0.035937 0.042073
0 0.678869 0.479653 0.035937 0.042027
0 0.679439 0.480090 0.035937 0.041981
0 0.680009 0.480526 0.035937 0.041935
0 0.680579 0.480963 0.035937 0.041889
0 0.681149 0.481399 0.035937 0.041843
0 0.681719 0.481836 0.035937 0.041797
0 0.682289 0.482273 0.035937 0.041751
0 0.682858 0.482709 0.035937 0.041705
0 0.683428 0.483146 0.035937 0.041659
0 0.683998 0.483582 0.035937 0.041613
0 0.684568 0.484019 0.035937 0.041567
0 0.685138 0.484455 0.035937 0.041521
0 0.685708 0.484892 0.035937 0.041475
0 0.686278 0.485329 0.035937 0.041429
0 0.686847 0.485765 0.035937 0.041383
0 0.687417 0.486202 0.035937 0.041337
0 0.687987 0.486638 0.035937 0.041291
0 0.688557 0.487075 0.035937 0.041245
0 0.689127 0.487511 0.035937 0.041199
0 0.689697 0.487948 0.035937 0.041153
0 0.690267 0.488385 0.035937 0.041108
0 0.690836 0.488821 0.035937 0.041062
0 0.691406 0.489258 0.035937 0.041016
