0 0.535938 0.332031 0.050000 0.054688
0 0.534890 0.331210 0.049893 0.054821
0 0.533842 0.330389 0.049787 0.054954
0 0.532795 0.329568 0.049680 0.055087
0 0.531747 0.328746 0.049574 0.055220
0 0.530700 0.327925 0.049467 0.055353
0 0.529652 0.327104 0.049361 0.055487
0 0.528604 0.326283 0.049254 0.055620
0 0.527557 0.325462 0.049148 0.055753
0 0.526509 0.324640 0.049041 0.055886
0 0.525462 0.323819 0.048935 0.056019
0 0.524414 0.322998 0.048828 0.056152
0 0.523366 0.322177 0.048722 0.056286
0 0.522319 0.321356 0.048615 0.056419
0 0.521271 0.320534 0.048509 0.056552
0 0.520224 0.319713 0.048402 0.056685
0 0.519176 0.318892 0.048295 0.056818
0 0.518129 0.318071 0.048189 0.056951
0 0.517081 0.317250 0.048082 0.057085
0 0.516033 0.316428 0.047976 0.057218
0 0.514986 0.315607 0.047869 0.057351
0 0.513938 0.314786 0.047763 0.057484
0 0.512891 0.313965 0.047656 0.057617
0 0.511843 0.313144 0.047550 0.057750
0 0.510795 0.312322 0.047443 0.057884
0 0.509748 0.311501 0.047337 0.058017
0 0.508700 0.310680 0.047230 0.058150
0 0.507653 0.309859 0.047124 0.058283
0 0.506605 0.309038 0.047017 0.058416
0 0.505558 0.308216 0.046911 0.058549
0 0.504510 0.307395 0.046804 0.058683
0 0.503462 0.306574 0.046697 0.058816
0 0.502415 0.305753 0.046591 0.058949
0 0.501367 0.304932 0.046484 0.059082
0 0.500320 0.304110 0.046378 0.059215
0 0.499272 0.303289 0.046271 0.059348
0 0.498224 0.302468 0.046165 0.059482
0 0.497177 0.301647 0.046058 0.059615
0 0.496129 0.300826 0.045952 0.059748
0 0.495082 0.300004 0.045845 0.059881
0 0.494034 0.299183 0.045739 0.060014
0 0.492987 0.298362 0.045632 0.060147
0 0.491939 0.297541 0.045526 0.060281
0 0.490891 0.296720 0.045419 0.060414
0 0.489844 0.295898 0.045312 0.060547
0 0.488584 0.295422 0.045332 0.060425
0 0.487324 0.294946 0.045352 0.060303
0 0.486064 0.294470 0.045371 0.060181
0 0.484805 0.293994 0.045391 0.060059
0 0.483545 0.293518 0.045410 0.059937
0 0.482285 0.293042 0.045430 0.059814
0 0.481025 0.292566 0.045449 0.059692
0 0.479766 0.292090 0.045469 0.059570
0 0.478506 0.291614 0.045488 0.059448
0 0.477246 0.291138 0.045508 0.059326
0 0.475986 0.290662 0.045527 0.059204
0 0.474727 0.290186 0.045547 0.059082
0 0.473467 0.289709 0.045566 0.058960
0 0.472207 0.289233 0.045586 0.058838
0 0.470947 0.288757 0.045605 0.058716
0 0.469687 0.288281 0.045625 0.058594
0 0.468428 0.287805 0.045645 0.058472
0 0.467168 0.287329 0.045664 0.058350
0 0.465908 0.286853 0.045684 0.058228
0 0.464648 0.286377 0.045703 0.058105
0 0.463389 0.285901 0.045723 0.057983
0 0.462129 0.285425 0.045742 0.057861
0 0.460869 0.284949 0.045762 0.057739
0 0.459609 0.284473 0.045781 0.057617
0 0.458350 0.283997 0.045801 0.057495
0 0.457090 0.283521 0.045820 0.057373
0 0.455830 0.283044 0.045840 0.057251
0 0.454570 0.282568 0.045859 0.057129
0 0.453311 0.282092 0.045879 0.057007
0 0.452051 0.281616 0.045898 0.056885
0 0.450791 0.281140 0.045918 0.056763
0 0.449531 0.280664 0.045938 0.056641
0 0.448271 0.280188 0.045957 0.056519
0 0.447012 0.279712 0.045977 0.056396
0 0.445752 0.279236 0.045996 0.056274
0 0.444492 0.278760 0.046016 0.056152
0 0.443232 0.278284 0.046035 0.056030
0 0.441973 0.277808 0.046055 0.055908
0 0.440713 0.277332 0.046074 0.055786
0 0.439453 0.276855 0.046094 0.055664
0 0.438193 0.276379 0.046113 0.055542
0 0.436934 0.275903 0.046133 0.055420
0 0.435674 0.275427 0.046152 0.055298
0 0.434414 0.274951 0.046172 0.055176
0 0.433154 0.274475 0.046191 0.055054
0 0.431895 0.273999 0.046211 0.054932
0 0.430635 0.273523 0.046230 0.054810
0 0.429375 0.273047 0.046250 0.054687
0 0.428115 0.272571 0.046270 0.054565
0 0.426855 0.272095 0.046289 0.054443
0 0.425596 0.271619 0.046309 0.054321
0 0.424336 0.271143 0.046328 0.054199
0 0.423076 0.270667 0.046348 0.054077
0 0.421816 0.270190 0.046367 0.053955
0 0.420557 0.269714 0.046387 0.053833
0 0.419297 0.269238 0.046406 0.053711
0 0.418037 0.268762 0.046426 0.053589
0 0.416777 0.268286 0.046445 0.053467
0 0.415518 0.267810 0.046465 0.053345
0 0.414258 0.267334 0.046484 0.053223
0 0.412998 0.266858 0.046504 0.053101
0 0.411738 0.266382 0.046523 0.052979
0 0.410479 0.265906 0.046543 0.052856
0 0.409219 0.265430 0.046563 0.052734
0 0.407959 0.264954 0.046582 0.052612
0 0.406699 0.264478 0.046602 0.052490
0 0.405439 0.264001 0.046621 0.052368
0 0.404180 0.263525 0.046641 0.052246
0 0.402920 0.263049 0.046660 0.052124
0 0.401660 0.262573 0.046680 0.052002
0 0.400400 0.262097 0.046699 0.051880
0 0.399141 0.261621 0.046719 0.051758
0 0.397881 0.261145 0.046738 0.051636
0 0.396621 0.260669 0.046758 0.051514
0 0.395361 0.260193 0.046777 0.051392
0 0.394102 0.259717 0.046797 0.051270
0 0.392842 0.259241 0.046816 0.051147
0 0.391582 0.258765 0.046836 0.051025
0 0.390322 0.258289 0.046855 0.050903
0 0.389062 0.257812 0.046875 0.050781
0 0.387747 0.257247 0.046930 0.051090
0 0.386431 0.256682 0.046985 0.051398
0 0.385115 0.256116 0.047039 0.051706
0 0.383799 0.255551 0.047094 0.052015
0 0.382484 0.254986 0.047149 0.052323
0 0.381168 0.254420 0.047204 0.052632
0 0.379852 0.253855 0.047259 0.052940
0 0.378536 0.253289 0.047314 0.053248
0 0.377220 0.252724 0.047368 0.053557
0 0.375905 0.252159 0.047423 0.053865
0 0.374589 0.251593 0.047478 0.054174
0 0.373273 0.251028 0.047533 0.054482
0 0.371957 0.250463 0.047588 0.054790
0 0.370641 0.249897 0.047643 0.055099
0 0.369326 0.249332 0.047697 0.055407
0 0.368010 0.248766 0.047752 0.055715
0 0.366694 0.248201 0.047807 0.056024
0 0.365378 0.247636 0.047862 0.056332
0 0.364062 0.247070 0.047917 0.056641
0 0.362747 0.246505 0.047971 0.056949
0 0.361431 0.245940 0.048026 0.057257
0 0.360115 0.245374 0.048081 0.057566
0 0.358799 0.244809 0.048136 0.057874
0 0.357484 0.244243 0.048191 0.058183
0 0.356168 0.243678 0.048246 0.058491
0 0.354852 0.243113 0.048300 0.058799
0 0.353536 0.242547 0.048355 0.059108
0 0.352220 0.241982 0.048410 0.059416
0 0.350905 0.241417 0.048465 0.059725
0 0.349589 0.240851 0.048520 0.060033
0 0.348273 0.240286 0.048575 0.060341
0 0.346957 0.239720 0.048629 0.060650
0 0.345641 0.239155 0.048684 0.060958
0 0.344326 0.238590 0.048739 0.061266
0 0.343010 0.238024 0.048794 0.061575
0 0.341694 0.237459 0.048849 0.061883
0 0.340378 0.236894 0.048904 0.062192
0 0.339062 0.236328 0.048958 0.062500
0 0.337747 0.235763 0.049013 0.062808
0 0.336431 0.235197 0.049068 0.063117
0 0.335115 0.234632 0.049123 0.063425
0 0.333799 0.234067 0.049178 0.063734
0 0.332484 0.233501 0.049232 0.064042
0 0.331168 0.232936 0.049287 0.064350
0 0.329852 0.232370 0.049342 0.064659
0 0.328536 0.231805 0.049397 0.064967
0 0.327220 0.231240 0.049452 0.065275
0 0.325905 0.230674 0.049507 0.065584
0 0.324589 0.230109 0.049561 0.065892
0 0.323273 0.229544 0.049616 0.066201
0 0.321957 0.228978 0.049671 0.066509
0 0.320641 0.228413 0.049726 0.066817
0 0.319326 0.227847 0.049781 0.067126
0 0.318010 0.227282 0.049836 0.067434
0 0.316694 0.226717 0.049890 0.067743
0 0.315378 0.226151 0.049945 0.068051
0 0.314063 0.225586 0.050000 0.068359
0 0.312612 0.224811 0.049926 0.068173
0 0.311161 0.224036 0.049851 0.067987
0 0.309710 0.223261 0.049777 0.067801
0 0.308259 0.222486 0.049702 0.067615
0 0.306808 0.221711 0.049628 0.067429
0 0.305357 0.220936 0.049554 0.067243
0 0.303906 0.220161 0.049479 0.067057
0 0.302455 0.219386 0.049405 0.066871
0 0.301004 0.218610 0.049330 0.066685
0 0.299554 0.217835 0.049256 0.066499
0 0.298103 0.217060 0.049182 0.066313
0 0.296652 0.216285 0.049107 0.066127
0 0.295201 0.215510 0.049033 0.065941
0 0.293750 0.214735 0.048958 0.065755
0 0.292299 0.213960 0.048884 0.065569
0 0.290848 0.213185 0.048810 0.065383
0 0.289397 0.212410 0.048735 0.065197
0 0.287946 0.211635 0.048661 0.065011
0 0.286496 0.210860 0.048586 0.064825
0 0.285045 0.210085 0.048512 0.064639
0 0.283594 0.209310 0.048437 0.064453
0 0.282143 0.208535 0.048363 0.064267
0 0.280692 0.207760 0.048289 0.064081
0 0.279241 0.206985 0.048214 0.063895
0 0.277790 0.206210 0.048140 0.063709
0 0.276339 0.205435 0.048065 0.063523
0 0.274888 0.204660 0.047991 0.063337
0 0.273437 0.203885 0.047917 0.063151
0 0.271987 0.203109 0.047842 0.062965
0 0.270536 0.202334 0.047768 0.062779
0 0.269085 0.201559 0.047693 0.062593
0 0.267634 0.200784 0.047619 0.062407
0 0.266183 0.200009 0.047545 0.062221
0 0.264732 0.199234 0.047470 0.062035
0 0.263281 0.198459 0.047396 0.061849
0 0.261830 0.197684 0.047321 0.061663
0 0.260379 0.196909 0.047247 0.061477
0 0.258929 0.196134 0.047173 0.061291
0 0.257478 0.195359 0.047098 0.061105
0 0.256027 0.194584 0.047024 0.060919
0 0.254576 0.193809 0.046949 0.060733
0 0.253125 0.193034 0.046875 0.060547
0 0.251674 0.192259 0.046801 0.060361
0 0.250223 0.191484 0.046726 0.060175
0 0.248772 0.190709 0.046652 0.059989
0 0.247321 0.189934 0.046577 0.059803
0 0.245871 0.189159 0.046503 0.059617
0 0.244420 0.188384 0.046429 0.059431
0 0.242969 0.187609 0.046354 0.059245
0 0.241518 0.186833 0.046280 0.059059
0 0.240067 0.186058 0.046205 0.058873
0 0.238616 0.185283 0.046131 0.058687
0 0.237165 0.184508 0.046057 0.058501
0 0.235714 0.183733 0.045982 0.058315
0 0.234263 0.182958 0.045908 0.058129
0 0.232812 0.182183 0.045833 0.057943
0 0.231362 0.181408 0.045759 0.057757
0 0.229911 0.180633 0.045685 0.057571
0 0.228460 0.179858 0.045610 0.057385
0 0.227009 0.179083 0.045536 0.057199
0 0.225558 0.178308 0.045461 0.057013
0 0.224107 0.177533 0.045387 0.056827
0 0.222656 0.176758 0.045312 0.056641
0 0.221014 0.175821 0.045408 0.056521
0 0.219372 0.174884 0.045504 0.056401
0 0.217730 0.173948 0.045599 0.056282
0 0.216087 0.173011 0.045695 0.056162
0 0.214445 0.172074 0.045791 0.056043
0 0.212803 0.171138 0.045886 0.055923
0 0.211161 0.170201 0.045982 0.055804
0 0.209518 0.169264 0.046078 0.055684
0 0.207876 0.168327 0.046173 0.055564
0 0.206234 0.167391 0.046269 0.055445
0 0.204592 0.166454 0.046365 0.055325
0 0.202950 0.165517 0.046460 0.055206
0 0.201307 0.164581 0.046556 0.055086
0 0.199665 0.163644 0.046652 0.054967
0 0.198023 0.162707 0.046747 0.054847
0 0.196381 0.161771 0.046843 0.054727
0 0.194739 0.160834 0.046939 0.054608
0 0.193096 0.159897 0.047034 0.054488
0 0.191454 0.158960 0.047130 0.054369
0 0.189812 0.158024 0.047226 0.054249
0 0.188170 0.157087 0.047321 0.054129
0 0.186527 0.156150 0.047417 0.054010
0 0.184885 0.155214 0.047513 0.053890
0 0.183243 0.154277 0.047608 0.053771
0 0.181601 0.153340 0.047704 0.053651
0 0.179959 0.152404 0.047800 0.053532
0 0.178316 0.151467 0.047895 0.053412
0 0.176674 0.150530 0.047991 0.053292
0 0.175032 0.149593 0.048087 0.053173
0 0.173390 0.148657 0.048182 0.053053
0 0.171747 0.147720 0.048278 0.052934
0 0.170105 0.146783 0.048374 0.052814
0 0.168463 0.145847 0.048469 0.052695
0 0.166821 0.144910 0.048565 0.052575
0 0.165179 0.143973 0.048661 0.052455
0 0.163536 0.143037 0.048756 0.052336
0 0.161894 0.142100 0.048852 0.052216
0 0.160252 0.141163 0.048948 0.052097
0 0.158610 0.140226 0.049043 0.051977
0 0.156967 0.139290 0.049139 0.051857
0 0.155325 0.138353 0.049235 0.051738
0 0.153683 0.137416 0.049330 0.051618
0 0.152041 0.136480 0.049426 0.051499
0 0.150399 0.135543 0.049522 0.051379
0 0.148756 0.134606 0.049617 0.051260
0 0.147114 0.133669 0.049713 0.051140
0 0.145472 0.132733 0.049809 0.051020
0 0.143830 0.131796 0.049904 0.050901
0 0.142187 0.130859 0.050000 0.050781
0 0.140674 0.129944 0.049902 0.050903
0 0.139160 0.129028 0.049805 0.051025
0 0.137646 0.128113 0.049707 0.051147
0 0.136133 0.127197 0.049609 0.051270
0 0.134619 0.126282 0.049512 0.051392
0 0.133105 0.125366 0.049414 0.051514
0 0.131592 0.124451 0.049316 0.051636
0 0.130078 0.123535 0.049219 0.051758
0 0.128564 0.122620 0.049121 0.051880
0 0.127051 0.121704 0.049023 0.052002
0 0.125537 0.120789 0.048926 0.052124
0 0.124023 0.119873 0.048828 0.052246
0 0.122510 0.118958 0.048730 0.052368
0 0.120996 0.118042 0.048633 0.052490
0 0.119482 0.117126 0.048535 0.052612
0 0.117969 0.116211 0.048438 0.052734
