0 0.941406 0.211914 0.035937 0.044922
0 0.938817 0.213895 0.035759 0.044754
0 0.936228 0.215876 0.035580 0.044587
0 0.933638 0.217857 0.035402 0.044420
0 0.931049 0.219838 0.035223 0.044252
0 0.928460 0.221819 0.035045 0.044085
0 0.925871 0.223800 0.034866 0.043917
0 0.923281 0.225781 0.034688 0.043750
0 0.920692 0.227762 0.034509 0.043583
0 0.918103 0.229743 0.034330 0.043415
0 0.915513 0.231724 0.034152 0.043248
0 0.912924 0.233705 0.033973 0.043080
0 0.910335 0.235686 0.033795 0.042913
0 0.907746 0.237667 0.033616 0.042746
0 0.905156 0.239648 0.033438 0.042578
0 0.902567 0.241629 0.033259 0.042411
0 0.899978 0.243610 0.033080 0.042243
0 0.897388 0.245592 0.032902 0.042076
0 0.894799 0.247573 0.032723 0.041908
0 0.892210 0.249554 0.032545 0.041741
0 0.889621 0.251535 0.032366 0.041574
0 0.887031 0.253516 0.032188 0.041406
0 0.884442 0.255497 0.032009 0.041239
0 0.881853 0.257478 0.031830 0.041071
0 0.879263 0.259459 0.031652 0.040904
0 0.876674 0.261440 0.031473 0.040737
0 0.874085 0.263421 0.031295 0.040569
0 0.871496 0.265402 0.031116 0.040402
0 0.868906 0.267383 0.030938 0.040234
0 0.866317 0.269364 0.030759 0.040067
0 0.863728 0.271345 0.030580 0.039900
0 0.861138 0.273326 0.030402 0.039732
0 0.858549 0.275307 0.030223 0.039565
0 0.855960 0.277288 0.030045 0.039397
0 0.853371 0.279269 0.029866 0.039230
0 0.850781 0.281250 0.029687 0.039062
0 0.848412 0.283109 0.029788 0.039126
0 0.846043 0.284967 0.029889 0.039189
0 0.843674 0.286826 0.029990 0.039252
0 0.841305 0.288684 0.030091 0.039315
0 0.838936 0.290543 0.030192 0.039378
0 0.836568 0.292402 0.030292 0.039441
0 0.834199 0.294260 0.030393 0.039504
0 0.831830 0.296119 0.030494 0.039567
0 0.829461 0.297978 0.030595 0.039630
0 0.827092 0.299836 0.030696 0.039693
0 0.824723 0.301695 0.030796 0.039756
0 0.822354 0.303553 0.030897 0.039819
0 0.819985 0.305412 0.030998 0.039882
0 0.817616 0.307271 0.031099 0.039945
0 0.815247 0.309129 0.031200 0.040008
0 0.812878 0.310988 0.031300 0.040071
0 0.810509 0.312847 0.031401 0.040134
0 0.808140 0.314705 0.031502 0.040197
0 0.805771 0.316564 0.031603 0.040260
0 0.803402 0.318422 0.031704 0.040323
0 0.801033 0.320281 0.031804 0.040386
0 0.798664 0.322140 0.031905 0.040449
0 0.796295 0.323998 0.032006 0.040512
0 0.793926 0.325857 0.032107 0.040575
0 0.791557 0.327715 0.032208 0.040638
0 0.789189 0.329574 0.032308 0.040701
0 0.786820 0.331433 0.032409 0.040764
0 0.784451 0.333291 0.032510 0.040827
0 0.782082 0.335150 0.032611 0.040890
0 0.779713 0.337009 0.032712 0.040953
0 0.777344 0.338867 0.032813 0.041016
0 0.775316 0.340774 0.032999 0.041109
0 0.773289 0.342680 0.033185 0.041202
0 0.771261 0.344587 0.033371 0.041295
0 0.769234 0.346494 0.033557 0.041388
0 0.767206 0.348400 0.033743 0.041481
0 0.765179 0.350307 0.033929 0.041574
0 0.763151 0.352214 0.034115 0.041667
0 0.761124 0.354120 0.034301 0.041760
0 0.759096 0.356027 0.034487 0.041853
0 0.757068 0.357933 0.034673 0.041946
0 0.755041 0.359840 0.034859 0.042039
0 0.753013 0.361747 0.035045 0.042132
0 0.750986 0.363653 0.035231 0.042225
0 0.748958 0.365560 0.035417 0.042318
0 0.746931 0.367467 0.035603 0.042411
0 0.744903 0.369373 0.035789 0.042504
0 0.742876 0.371280 0.035975 0.042597
0 0.740848 0.373186 0.036161 0.042690
0 0.738821 0.375093 0.036347 0.042783
0 0.736793 0.377000 0.036533 0.042876
0 0.734766 0.378906 0.036719 0.042969
0 0.732738 0.380813 0.036905 0.043062
0 0.730711 0.382719 0.037091 0.043155
0 0.728683 0.384626 0.037277 0.043248
0 0.726656 0.386533 0.037463 0.043341
0 0.724628 0.388439 0.037649 0.043434
0 0.722600 0.390346 0.037835 0.043527
0 0.720573 0.392253 0.038021 0.043620
0 0.718545 0.394159 0.038207 0.043713
0 0.716518 0.396066 0.038393 0.043806
0 0.714490 0.397972 0.038579 0.043899
0 0.712463 0.399879 0.038765 0.043992
0 0.710435 0.401786 0.038951 0.044085
0 0.708408 0.403692 0.039137 0.044178
0 0.706380 0.405599 0.039323 0.044271
0 0.704353 0.407506 0.039509 0.044364
0 0.702325 0.409412 0.039695 0.044457
0 0.700298 0.411319 0.039881 0.044550
0 0.698270 0.413225 0.040067 0.044643
0 0.696243 0.415132 0.040253 0.044736
0 0.694215 0.417039 0.040439 0.044829
0 0.692187 0.418945 0.040625 0.044922
0 0.690082 0.420534 0.040704 0.045054
0 0.687977 0.422123 0.040784 0.045187
0 0.685871 0.423712 0.040863 0.045319
0 0.683766 0.425301 0.040943 0.045452
0 0.681660 0.426890 0.041022 0.045584
0 0.679555 0.428479 0.041102 0.045716
0 0.677450 0.430068 0.041181 0.045849
0 0.675344 0.431657 0.041261 0.045981
0 0.673239 0.433246 0.041340 0.046114
0 0.671133 0.434835 0.041419 0.046246
0 0.669028 0.436424 0.041499 0.046378
0 0.666923 0.438013 0.041578 0.046511
0 0.664817 0.439602 0.041658 0.046643
0 0.662712 0.441191 0.041737 0.046776
0 0.660606 0.442780 0.041817 0.046908
0 0.658501 0.444369 0.041896 0.047041
0 0.656396 0.445958 0.041976 0.047173
0 0.654290 0.447547 0.042055 0.047305
0 0.652185 0.449136 0.042135 0.047438
0 0.650079 0.450725 0.042214 0.047570
0 0.647974 0.452314 0.042293 0.047703
0 0.645869 0.453903 0.042373 0.047835
0 0.643763 0.455492 0.042452 0.047967
0 0.641658 0.457081 0.042532 0.048100
0 0.639552 0.458670 0.042611 0.048232
0 0.637447 0.460259 0.042691 0.048365
0 0.635342 0.461848 0.042770 0.048497
0 0.633236 0.463437 0.042850 0.048630
0 0.631131 0.465026 0.042929 0.048762
0 0.629025 0.466615 0.043008 0.048894
0 0.626920 0.468204 0.043088 0.049027
0 0.624815 0.469793 0.043167 0.049159
0 0.622709 0.471382 0.043247 0.049292
0 0.620604 0.472971 0.043326 0.049424
0 0.618498 0.474560 0.043406 0.049556
0 0.616393 0.476149 0.043485 0.049689
0 0.614288 0.477738 0.043565 0.049821
0 0.612182 0.479327 0.043644 0.049954
0 0.610077 0.480916 0.043724 0.050086
0 0.607971 0.482505 0.043803 0.050218
0 0.605866 0.484094 0.043882 0.050351
0 0.603761 0.485683 0.043962 0.050483
0 0.601655 0.487272 0.044041 0.050616
0 0.599550 0.488861 0.044121 0.050748
0 0.597444 0.490450 0.044200 0.050881
0 0.595339 0.492039 0.044280 0.051013
0 0.593234 0.493628 0.044359 0.051145
0 0.591128 0.495216 0.044439 0.051278
0 0.589023 0.496805 0.044518 0.051410
0 0.586917 0.498394 0.044597 0.051543
0 0.584812 0.499983 0.044677 0.051675
0 0.582707 0.501572 0.044756 0.051807
0 0.580601 0.503161 0.044836 0.051940
0 0.578496 0.504750 0.044915 0.052072
0 0.576390 0.506339 0.044995 0.052205
0 0.574285 0.507928 0.045074 0.052337
0 0.572180 0.509517 0.045154 0.052470
0 0.570074 0.511106 0.045233 0.052602
0 0.567969 0.512695 0.045312 0.052734
0 0.566111 0.514029 0.045293 0.052639
0 0.564253 0.515363 0.045274 0.052544
0 0.562395 0.516697 0.045255 0.052449
0 0.560537 0.518031 0.045236 0.052353
0 0.558679 0.519365 0.045217 0.052258
0 0.556822 0.520698 0.045198 0.052163
0 0.554964 0.522032 0.045179 0.052067
0 0.553106 0.523366 0.045160 0.051972
0 0.551248 0.524700 0.045141 0.051877
0 0.549390 0.526034 0.045122 0.051782
0 0.547532 0.527368 0.045103 0.051686
0 0.545675 0.528701 0.045084 0.051591
0 0.543817 0.530035 0.045065 0.051496
0 0.541959 0.531369 0.045046 0.051401
0 0.540101 0.532703 0.045027 0.051305
0 0.538243 0.534037 0.045008 0.051210
0 0.536385 0.535371 0.044989 0.051115
0 0.534527 0.536704 0.044970 0.051019
0 0.532670 0.538038 0.044950 0.050924
0 0.530812 0.539372 0.044931 0.050829
0 0.528954 0.540706 0.044912 0.050734
0 0.527096 0.542040 0.044893 0.050638
0 0.525238 0.543374 0.044874 0.050543
0 0.523380 0.544708 0.044855 0.050448
0 0.521522 0.546041 0.044836 0.050353
0 0.519665 0.547375 0.044817 0.050257
0 0.517807 0.548709 0.044798 0.050162
0 0.515949 0.550043 0.044779 0.050067
0 0.514091 0.551377 0.044760 0.049971
0 0.512233 0.552711 0.044741 0.049876
0 0.510375 0.554044 0.044722 0.049781
0 0.508518 0.555378 0.044703 0.049686
0 0.506660 0.556712 0.044684 0.049590
0 0.504802 0.558046 0.044665 0.049495
0 0.502944 0.559380 0.044646 0.049400
0 0.501086 0.560714 0.044627 0.049304
0 0.499228 0.562047 0.044607 0.049209
0 0.497370 0.563381 0.044588 0.049114
0 0.495513 0.564715 0.044569 0.049019
0 0.493655 0.566049 0.044550 0.048923
0 0.491797 0.567383 0.044531 0.048828
0 0.489939 0.568717 0.044512 0.048733
0 0.488081 0.570050 0.044493 0.048638
0 0.486223 0.571384 0.044474 0.048542
0 0.484365 0.572718 0.044455 0.048447
0 0.482508 0.574052 0.044436 0.048352
0 0.480650 0.575386 0.044417 0.048256
0 0.478792 0.576720 0.044398 0.048161
0 0.476934 0.578054 0.044379 0.048066
0 0.475076 0.579387 0.044360 0.047971
0 0.473218 0.580721 0.044341 0.047875
0 0.471361 0.582055 0.044322 0.047780
0 0.469503 0.583389 0.044303 0.047685
0 0.467645 0.584723 0.044284 0.047590
0 0.465787 0.586057 0.044264 0.047494
0 0.463929 0.587390 0.044245 0.047399
0 0.462071 0.588724 0.044226 0.047304
0 0.460213 0.590058 0.044207 0.047208
0 0.458356 0.591392 0.044188 0.047113
0 0.456498 0.592726 0.044169 0.047018
0 0.454640 0.594060 0.044150 0.046923
0 0.452782 0.595393 0.044131 0.046827
0 0.450924 0.596727 0.044112 0.046732
0 0.449066 0.598061 0.044093 0.046637
0 0.447208 0.599395 0.044074 0.046542
0 0.445351 0.600729 0.044055 0.046446
0 0.443493 0.602063 0.044036 0.046351
0 0.441635 0.603397 0.044017 0.046256
0 0.439777 0.604730 0.043998 0.046160
0 0.437919 0.606064 0.043979 0.046065
0 0.436061 0.607398 0.043960 0.045970
0 0.434204 0.608732 0.043941 0.045875
0 0.432346 0.610066 0.043921 0.045779
0 0.430488 0.611400 0.043902 0.045684
0 0.428630 0.612733 0.043883 0.045589
0 0.426772 0.614067 0.043864 0.045494
0 0.424914 0.615401 0.043845 0.045398
0 0.423056 0.616735 0.043826 0.045303
0 0.421199 0.618069 0.043807 0.045208
0 0.419341 0.619403 0.043788 0.045112
0 0.417483 0.620736 0.043769 0.045017
0 0.415625 0.622070 0.043750 0.044922
0 0.413833 0.623162 0.043842 0.045113
0 0.412040 0.624253 0.043934 0.045305
0 0.410248 0.625345 0.044026 0.045496
0 0.408456 0.626436 0.044118 0.045688
0 0.406664 0.627528 0.044210 0.045879
0 0.404871 0.628619 0.044301 0.046071
0 0.403079 0.629710 0.044393 0.046262
0 0.401287 0.630802 0.044485 0.046454
0 0.399494 0.631893 0.044577 0.046645
0 0.397702 0.632985 0.044669 0.046837
0 0.395910 0.634076 0.044761 0.047028
0 0.394118 0.635168 0.044853 0.047220
0 0.392325 0.636259 0.044945 0.047411
0 0.390533 0.637351 0.045037 0.047603
0 0.388741 0.638442 0.045129 0.047794
0 0.386949 0.639534 0.045221 0.047986
0 0.385156 0.640625 0.045313 0.048177
0 0.383364 0.641716 0.045404 0.048369
0 0.381572 0.642808 0.045496 0.048560
0 0.379779 0.643899 0.045588 0.048752
0 0.377987 0.644991 0.045680 0.048943
0 0.376195 0.646082 0.045772 0.049134
0 0.374403 0.647174 0.045864 0.049326
0 0.372610 0.648265 0.045956 0.049517
0 0.370818 0.649357 0.046048 0.049709
0 0.369026 0.650448 0.046140 0.049900
0 0.367233 0.651540 0.046232 0.050092
0 0.365441 0.652631 0.046324 0.050283
0 0.363649 0.653722 0.046415 0.050475
0 0.361857 0.654814 0.046507 0.050666
0 0.360064 0.655905 0.046599 0.050858
0 0.358272 0.656997 0.046691 0.051049
0 0.356480 0.658088 0.046783 0.051241
0 0.354688 0.659180 0.046875 0.051432
0 0.352895 0.660271 0.046967 0.051624
0 0.351103 0.661363 0.047059 0.051815
0 0.349311 0.662454 0.047151 0.052007
0 0.347518 0.663545 0.047243 0.052198
0 0.345726 0.664637 0.047335 0.052390
0 0.343934 0.665728 0.047426 0.052581
0 0.342142 0.666820 0.047518 0.052773
0 0.340349 0.667911 0.047610 0.052964
0 0.338557 0.669003 0.047702 0.053156
0 0.336765 0.670094 0.047794 0.053347
0 0.334972 0.671186 0.047886 0.053539
0 0.333180 0.672277 0.047978 0.053730
0 0.331388 0.673369 0.048070 0.053922
0 0.329596 0.674460 0.048162 0.054113
0 0.327803 0.675551 0.048254 0.054305
0 0.326011 0.676643 0.048346 0.054496
0 0.324219 0.677734 0.048438 0.054688
