0 0.554688 0.719727 0.065625 0.060547
0 0.554759 0.719724 0.065870 0.060877
0 0.555049 0.719812 0.075746 0.072076
0 0.555132 0.719773 0.077244 0.073537
0 0.555663 0.719826 0.100744 0.100564
0 0.555898 0.719818 0.111579 0.113042
0 0.556183 0.719752 0.121867 0.125401
0 0.556011 0.719444 0.095347 0.095353
0 0.555930 0.719165 0.081628 0.081394
0 0.555928 0.719031 0.064806 0.062877
0 0.556034 0.718960 0.066873 0.065437
0 0.556073 0.718907 0.062804 0.060596
0 0.556157 0.718929 0.061474 0.058935
0 0.556236 0.718854 0.062673 0.060772
0 0.556336 0.718843 0.064376 0.062822
0 0.556550 0.718891 0.069173 0.067884
0 0.556809 0.718866 0.077332 0.076417
0 0.557407 0.719057 0.105309 0.106848
0 0.557634 0.719081 0.115670 0.120242
0 0.557557 0.718913 0.090063 0.091607
0 0.557543 0.718827 0.082702 0.082859
0 0.557520 0.718700 0.061982 0.059285
0 0.557595 0.718642 0.059274 0.056277
0 0.557642 0.718569 0.057134 0.053995
0 0.557747 0.718576 0.057460 0.054469
0 0.557872 0.718553 0.058663 0.055911
0 0.558104 0.718629 0.068534 0.066125
0 0.558252 0.718596 0.073672 0.071033
0 0.558497 0.718687 0.085628 0.084062
0 0.559077 0.718536 0.116667 0.119329
0 0.559351 0.718638 0.130165 0.133244
0 0.559384 0.718657 0.124157 0.127005
0 0.559109 0.718275 0.072650 0.070459
0 0.559200 0.718201 0.072648 0.072464
0 0.559204 0.718148 0.066149 0.065111
0 0.559542 0.718214 0.066011 0.064891
0 0.559587 0.718169 0.068890 0.068534
0 0.560116 0.718284 0.087815 0.090135
0 0.560237 0.718203 0.093263 0.097143
0 0.560909 0.718320 0.125297 0.132923
0 0.560867 0.718293 0.116110 0.121017
0 0.560662 0.718047 0.085544 0.086748
0 0.560748 0.718015 0.083486 0.084190
0 0.560786 0.718003 0.075710 0.074788
0 0.560773 0.717960 0.072606 0.070476
0 0.560835 0.717854 0.067472 0.063670
0 0.560943 0.717801 0.065227 0.061483
0 0.561041 0.717816 0.065316 0.062469
0 0.561200 0.717857 0.069119 0.065439
0 0.561532 0.717893 0.079665 0.074552
0 0.561838 0.717956 0.096233 0.093124
0 0.562342 0.717875 0.107913 0.107359
0 0.562085 0.717705 0.078223 0.073220
0 0.562020 0.717572 0.067693 0.063933
0 0.561999 0.717375 0.057784 0.056513
0 0.562070 0.717339 0.056310 0.055100
0 0.562196 0.717359 0.056234 0.055659
0 0.562532 0.717341 0.058212 0.055717
0 0.562619 0.717293 0.058112 0.054955
0 0.563157 0.717288 0.073266 0.069495
0 0.563482 0.717324 0.073146 0.068372
0 0.563456 0.717308 0.065661 0.061200
0 0.563460 0.717170 0.059471 0.058230
0 0.563565 0.717208 0.061951 0.059722
0 0.563651 0.717086 0.056899 0.056818
0 0.563663 0.717221 0.059796 0.061280
0 0.563750 0.717180 0.058512 0.060017
0 0.563897 0.717190 0.059836 0.061412
0 0.564181 0.717177 0.064504 0.063780
0 0.564709 0.717426 0.082680 0.081341
0 0.564972 0.717314 0.081606 0.075364
0 0.565038 0.717228 0.075697 0.072756
0 0.565213 0.717035 0.065063 0.064185
0 0.565123 0.717036 0.062936 0.063943
0 0.565283 0.717059 0.063814 0.063792
0 0.565361 0.717123 0.063468 0.064024
0 0.565651 0.717091 0.062470 0.061592
0 0.565684 0.717052 0.062714 0.061770
0 0.566203 0.717303 0.078123 0.074734
0 0.566597 0.717441 0.093263 0.087680
0 0.566658 0.717303 0.089070 0.084310
0 0.566563 0.717076 0.073450 0.072752
0 0.566656 0.716951 0.064160 0.066279
0 0.566705 0.716894 0.061807 0.063951
0 0.566790 0.716896 0.060775 0.063372
0 0.566984 0.716879 0.061400 0.063198
0 0.567036 0.716849 0.059773 0.062118
0 0.567213 0.716950 0.065757 0.068992
0 0.567568 0.716898 0.076843 0.079058
0 0.567751 0.716984 0.087251 0.089690
0 0.567896 0.717133 0.091733 0.095984
0 0.567980 0.716879 0.074325 0.079860
0 0.568032 0.716883 0.075085 0.080452
0 0.568251 0.716692 0.065264 0.069699
0 0.568323 0.716608 0.062657 0.067154
0 0.568488 0.716617 0.063149 0.067563
0 0.568790 0.716642 0.067024 0.070976
0 0.568913 0.716633 0.068825 0.072643
0 0.569167 0.716653 0.074181 0.077315
0 0.569617 0.716585 0.069882 0.072291
0 0.569690 0.716457 0.063715 0.066432
0 0.569803 0.716503 0.067002 0.068986
0 0.569981 0.716423 0.064051 0.065933
0 0.570056 0.716463 0.064309 0.066168
0 0.570100 0.716442 0.063197 0.064922
0 0.570411 0.716492 0.066672 0.068598
0 0.570490 0.716458 0.070038 0.072147
0 0.570805 0.716604 0.081611 0.083328
0 0.571146 0.716586 0.080028 0.083688
0 0.571198 0.716510 0.077626 0.080509
0 0.571430 0.716445 0.074900 0.078673
0 0.571503 0.716449 0.074391 0.078088
0 0.571742 0.716401 0.079037 0.082073
0 0.571789 0.716371 0.075649 0.077837
0 0.572111 0.716474 0.083302 0.085242
0 0.572156 0.716501 0.083767 0.085273
0 0.572775 0.716708 0.100878 0.101581
0 0.572804 0.716589 0.092981 0.094039
0 0.572901 0.716473 0.089138 0.091179
0 0.573082 0.716341 0.086750 0.089410
0 0.573370 0.716305 0.087512 0.089369
0 0.573372 0.716261 0.085283 0.087186
0 0.573622 0.716306 0.089106 0.090211
0 0.574152 0.716383 0.101614 0.099824
0 0.574265 0.716422 0.102791 0.099688
0 0.574604 0.716511 0.107769 0.103714
0 0.574611 0.716239 0.094257 0.094689
0 0.574618 0.716088 0.090061 0.089858
0 0.574927 0.715800 0.078230 0.078439
0 0.574938 0.715770 0.076611 0.076560
0 0.575152 0.715757 0.076485 0.075520
0 0.575391 0.715857 0.082241 0.080231
0 0.576040 0.715889 0.094182 0.087064
0 0.576136 0.715784 0.094112 0.087511
0 0.576185 0.715464 0.077424 0.074345
0 0.576282 0.715539 0.078268 0.075392
0 0.576393 0.715526 0.076694 0.075728
0 0.576454 0.715514 0.078548 0.078366
0 0.576713 0.715481 0.078082 0.077208
0 0.576725 0.715524 0.080474 0.081024
0 0.576953 0.715636 0.085598 0.085187
0 0.577525 0.716003 0.108942 0.107155
0 0.577677 0.715887 0.101682 0.100701
0 0.577800 0.715636 0.086192 0.085306
0 0.577848 0.715108 0.076036 0.073917
0 0.577923 0.715076 0.071901 0.069691
0 0.578086 0.715061 0.069290 0.066788
0 0.578266 0.715118 0.070707 0.067983
0 0.578442 0.715015 0.069384 0.064219
0 0.579041 0.715261 0.090612 0.085187
0 0.579308 0.715339 0.102242 0.095884
0 0.579368 0.715025 0.079462 0.073514
0 0.579454 0.714904 0.071278 0.066655
0 0.579532 0.714930 0.069138 0.064927
0 0.579715 0.714875 0.068565 0.064415
0 0.579990 0.714901 0.070220 0.064835
0 0.580093 0.714828 0.071994 0.066885
0 0.580593 0.715078 0.090512 0.083621
0 0.580892 0.715160 0.100045 0.092821
0 0.580841 0.714904 0.076692 0.073526
0 0.580896 0.714900 0.074852 0.072331
0 0.581127 0.714904 0.072699 0.071012
0 0.581099 0.714802 0.068899 0.068302
0 0.581316 0.714791 0.070280 0.069337
0 0.581466 0.714606 0.077356 0.076133
0 0.582082 0.714867 0.096323 0.093205
0 0.582124 0.714909 0.099009 0.096897
0 0.582441 0.714690 0.085031 0.082704
0 0.582457 0.714711 0.086807 0.084624
0 0.582714 0.714636 0.079814 0.078758
0 0.582830 0.714578 0.079731 0.078442
0 0.583156 0.714637 0.081665 0.078644
0 0.583226 0.714644 0.086246 0.083392
0 0.583663 0.714618 0.105877 0.100931
0 0.584167 0.714835 0.120940 0.112668
0 0.584165 0.714714 0.114671 0.109692
0 0.584260 0.714517 0.098558 0.096239
0 0.584344 0.714483 0.095246 0.093290
0 0.584617 0.714393 0.096818 0.094852
0 0.584685 0.714361 0.097554 0.095510
0 0.585083 0.714415 0.099891 0.095627
0 0.585201 0.714356 0.100812 0.095205
0 0.585655 0.714286 0.102672 0.096608
0 0.585674 0.713995 0.090694 0.085486
0 0.585808 0.713758 0.079165 0.075552
0 0.585834 0.713330 0.072035 0.068029
0 0.586112 0.713425 0.073716 0.069578
0 0.586281 0.713400 0.076260 0.071709
0 0.586574 0.713524 0.083689 0.077271
0 0.587185 0.713618 0.096062 0.089278
0 0.587111 0.713340 0.078565 0.074095
0 0.587194 0.713305 0.071412 0.070214
0 0.587248 0.713255 0.071765 0.071843
0 0.587324 0.713155 0.069399 0.070269
0 0.587709 0.713283 0.075030 0.075931
0 0.588291 0.713339 0.088969 0.087826
0 0.588369 0.713279 0.087569 0.086348
0 0.588472 0.713086 0.072737 0.074636
0 0.588459 0.712954 0.071743 0.075077
0 0.588672 0.712904 0.073492 0.077339
0 0.588743 0.712895 0.072943 0.076878
0 0.589051 0.712822 0.077972 0.080855
0 0.589216 0.712865 0.080679 0.083248
0 0.589815 0.713010 0.092908 0.092011
0 0.590079 0.712896 0.088912 0.089804
0 0.590125 0.712799 0.088715 0.089891
0 0.590351 0.712703 0.085184 0.088463
0 0.590411 0.712712 0.084870 0.088039
0 0.590804 0.712757 0.086638 0.088453
0 0.590938 0.712781 0.090480 0.091815
0 0.591593 0.712965 0.110187 0.107955
0 0.591772 0.713038 0.118929 0.117591
0 0.591817 0.712992 0.119027 0.120704
0 0.591983 0.712852 0.109072 0.114074
0 0.592055 0.712888 0.122465 0.129398
0 0.592255 0.712584 0.112227 0.118463
0 0.592374 0.712855 0.119895 0.126845
0 0.592819 0.712191 0.103857 0.105812
0 0.592856 0.712388 0.110931 0.113807
0 0.593248 0.712160 0.100706 0.104452
0 0.593276 0.712239 0.105154 0.109788
0 0.593491 0.712153 0.100754 0.107764
0 0.593571 0.712006 0.095926 0.102744
0 0.593644 0.711799 0.090206 0.096801
0 0.594022 0.711810 0.092431 0.098999
0 0.594119 0.711620 0.088972 0.094489
0 0.594548 0.711596 0.087768 0.093013
0 0.594659 0.711596 0.088329 0.094219
0 0.594916 0.711582 0.085955 0.093341
0 0.594957 0.711485 0.084204 0.091485
0 0.595160 0.711448 0.083111 0.089905
0 0.595661 0.711501 0.085757 0.089541
0 0.595697 0.711490 0.085873 0.089536
0 0.596168 0.711401 0.084128 0.087511
0 0.596195 0.711348 0.082703 0.086710
0 0.596437 0.711259 0.079737 0.085963
0 0.596514 0.711217 0.081871 0.089196
0 0.596780 0.711240 0.081895 0.088641
0 0.597168 0.711209 0.084571 0.089907
0 0.597213 0.711162 0.087146 0.092450
0 0.597642 0.711147 0.088412 0.094052
0 0.597676 0.711161 0.089240 0.096646
0 0.597918 0.711105 0.085919 0.094486
0 0.598036 0.711064 0.085026 0.092146
0 0.598377 0.711090 0.087224 0.093914
0 0.598572 0.711066 0.096297 0.104581
0 0.599075 0.711140 0.106892 0.113336
0 0.599271 0.711103 0.104015 0.110879
0 0.599415 0.711019 0.100243 0.107015
0 0.599779 0.710964 0.096546 0.102287
0 0.599897 0.710960 0.098792 0.104868
0 0.600311 0.710999 0.102826 0.108021
0 0.600332 0.710976 0.106373 0.112972
0 0.600911 0.711037 0.108944 0.113379
0 0.601093 0.710908 0.103542 0.111156
0 0.601115 0.710853 0.103640 0.111658
0 0.601363 0.710956 0.107788 0.117314
0 0.601521 0.710961 0.111931 0.121373
0 0.601833 0.710970 0.115050 0.123622
0 0.601845 0.711042 0.112862 0.123025
0 0.602362 0.711183 0.129482 0.138676
0 0.602527 0.711108 0.124086 0.135159
0 0.602789 0.711053 0.129062 0.141495
0 0.602826 0.711057 0.128285 0.140977
0 0.603094 0.711069 0.128490 0.142642
0 0.603299 0.711083 0.128049 0.142509
0 0.603441 0.711096 0.128728 0.142621
0 0.603979 0.711097 0.130082 0.143729
0 0.604027 0.711053 0.127260 0.141207
0 0.604282 0.710827 0.119526 0.134889
0 0.604444 0.709860 0.090671 0.102059
0 0.604786 0.709955 0.093252 0.104370
0 0.604915 0.709991 0.096424 0.108342
0 0.605380 0.709958 0.095374 0.107717
0 0.605655 0.709484 0.086675 0.098171
0 0.605759 0.709473 0.086378 0.097751
0 0.606021 0.709602 0.087316 0.098741
0 0.606269 0.709542 0.086758 0.097806
0 0.606292 0.709627 0.090444 0.102065
0 0.606397 0.709640 0.090533 0.101926
0 0.606976 0.709519 0.085651 0.095387
0 0.607148 0.709554 0.085273 0.095315
0 0.607315 0.709623 0.086241 0.096635
0 0.607660 0.709504 0.082388 0.090046
0 0.608171 0.709440 0.082557 0.088404
0 0.608216 0.709491 0.084364 0.090180
0 0.608653 0.709486 0.083646 0.090498
0 0.608902 0.709450 0.082324 0.089921
0 0.608921 0.709475 0.082205 0.089866
0 0.609260 0.709191 0.081883 0.089390
0 0.609307 0.709146 0.082538 0.090454
0 0.609835 0.709118 0.080936 0.086147
0 0.610161 0.709088 0.080555 0.086889
0 0.610216 0.709092 0.079933 0.086684
0 0.610463 0.708924 0.074684 0.081682
0 0.610755 0.708890 0.075991 0.081846
0 0.611168 0.708913 0.078114 0.082728
0 0.611418 0.708936 0.080817 0.084246
0 0.611607 0.708976 0.081570 0.084900
0 0.612065 0.708823 0.095334 0.101548
0 0.612169 0.708867 0.102442 0.109680
0 0.612730 0.708847 0.108499 0.116015
0 0.612750 0.708775 0.111341 0.118759
0 0.613196 0.708837 0.112358 0.115930
0 0.613400 0.708657 0.110112 0.111579
0 0.613612 0.708536 0.105024 0.108769
0 0.613718 0.708862 0.115628 0.121813
0 0.614049 0.708828 0.116756 0.122745
0 0.614070 0.708724 0.111807 0.118260
0 0.614512 0.708702 0.111405 0.115488
0 0.614664 0.708498 0.105417 0.107502
0 0.615020 0.708508 0.107818 0.106285
0 0.615251 0.708293 0.098535 0.099285
0 0.615364 0.708273 0.096632 0.099149
0 0.615436 0.708233 0.094608 0.097674
0 0.615719 0.708044 0.092593 0.095762
0 0.616050 0.707962 0.090399 0.092234
0 0.616464 0.707765 0.091983 0.090983
0 0.616510 0.707843 0.091244 0.090436
0 0.616758 0.707593 0.079965 0.082150
0 0.616787 0.707180 0.074369 0.076629
0 0.617092 0.707272 0.075254 0.076841
0 0.617491 0.707239 0.077863 0.078165
