0 0.589063 0.521484 0.031250 0.035156
0 0.589687 0.521445 0.031250 0.035117
0 0.590312 0.521406 0.031250 0.035078
0 0.590937 0.521367 0.031250 0.035039
0 0.591562 0.521328 0.031250 0.035000
0 0.592187 0.521289 0.031250 0.034961
0 0.592812 0.521250 0.031250 0.034922
0 0.593437 0.521211 0.031250 0.034883
0 0.594062 0.521172 0.031250 0.034844
0 0.594687 0.521133 0.031250 0.034805
0 0.595312 0.521094 0.031250 0.034766
0 0.595937 0.521055 0.031250 0.034727
0 0.596562 0.521016 0.031250 0.034688
0 0.597187 0.520977 0.031250 0.034648
0 0.597812 0.520938 0.031250 0.034609
0 0.598437 0.520898 0.031250 0.034570
0 0.599062 0.520859 0.031250 0.034531
0 0.599687 0.520820 0.031250 0.034492
0 0.600312 0.520781 0.031250 0.034453
0 0.600937 0.520742 0.031250 0.034414
0 0.601562 0.520703 0.031250 0.034375
0 0.602187 0.520664 0.031250 0.034336
0 0.602812 0.520625 0.031250 0.034297
0 0.603437 0.520586 0.031250 0.034258
0 0.604062 0.520547 0.031250 0.034219
0 0.604687 0.520508 0.031250 0.034180
0 0.605312 0.520469 0.031250 0.034141
0 0.605937 0.520430 0.031250 0.034102
0 0.606562 0.520391 0.031250 0.034063
0 0.607187 0.520352 0.031250 0.034023
0 0.607812 0.520313 0.031250 0.033984
0 0.608437 0.520273 0.031250 0.033945
0 0.609062 0.520234 0.031250 0.033906
0 0.609687 0.520195 0.031250 0.033867
0 0.610312 0.520156 0.031250 0.033828
0 0.610937 0.520117 0.031250 0.033789
0 0.611562 0.520078 0.031250 0.033750
0 0.612187 0.520039 0.031250 0.033711
0 0.612812 0.520000 0.031250 0.033672
0 0.613437 0.519961 0.031250 0.033633
0 0.614062 0.519922 0.031250 0.033594
0 0.614687 0.519883 0.031250 0.033555
0 0.615312 0.519844 0.031250 0.033516
0 0.615937 0.519805 0.031250 0.033477
0 0.616562 0.519766 0.031250 0.033438
0 0.617187 0.519727 0.031250 0.033398
0 0.617812 0.519688 0.031250 0.033359
0 0.618437 0.519648 0.031250 0.033320
0 0.619062 0.519609 0.031250 0.033281
0 0.619687 0.519570 0.031250 0.033242
0 0.620312 0.519531 0.031250 0.033203
0 0.620937 0.519492 0.031250 0.033164
0 0.621562 0.519453 0.031250 0.033125
0 0.622187 0.519414 0.031250 0.033086
0 0.622812 0.519375 0.031250 0.033047
0 0.623437 0.519336 0.031250 0.033008
0 0.624062 0.519297 0.031250 0.032969
0 0.624687 0.519258 0.031250 0.032930
0 0.625312 0.519219 0.031250 0.032891
0 0.625937 0.519180 0.031250 0.032852
0 0.626562 0.519141 0.031250 0.032813
0 0.627187 0.519102 0.031250 0.032773
0 0.627812 0.519063 0.031250 0.032734
0 0.628437 0.519023 0.031250 0.032695
0 0.629062 0.518984 0.031250 0.032656
0 0.629687 0.518945 0.031250 0.032617
0 0.630312 0.518906 0.031250 0.032578
0 0.630937 0.518867 0.031250 0.032539
0 0.631562 0.518828 0.031250 0.032500
0 0.632187 0.518789 0.031250 0.032461
0 0.632812 0.518750 0.031250 0.032422
0 0.633437 0.518711 0.031250 0.032383
0 0.634062 0.518672 0.031250 0.032344
0 0.634687 0.518633 0.031250 0.032305
0 0.635312 0.518594 0.031250 0.032266
0 0.635937 0.518555 0.031250 0.032227
0 0.636562 0.518516 0.031250 0.032188
0 0.637187 0.518477 0.031250 0.032148
0 0.637812 0.518438 0.031250 0.032109
0 0.638437 0.518398 0.031250 0.032070
0 0.639062 0.518359 0.031250 0.032031
0 0.639687 0.518320 0.031250 0.031992
0 0.640312 0.518281 0.031250 0.031953
0 0.640937 0.518242 0.031250 0.031914
0 0.641562 0.518203 0.031250 0.031875
0 0.642187 0.518164 0.031250 0.031836
0 0.642812 0.518125 0.031250 0.031797
0 0.643437 0.518086 0.031250 0.031758
0 0.644062 0.518047 0.031250 0.031719
0 0.644687 0.518008 0.031250 0.031680
0 0.645312 0.517969 0.031250 0.031641
0 0.645937 0.517930 0.031250 0.031602
0 0.646562 0.517891 0.031250 0.031563
0 0.647187 0.517852 0.031250 0.031523
0 0.647812 0.517813 0.031250 0.031484
0 0.648437 0.517773 0.031250 0.031445
0 0.649062 0.517734 0.031250 0.031406
0 0.649687 0.517695 0.031250 0.031367
0 0.650312 0.517656 0.031250 0.031328
0 0.650937 0.517617 0.031250 0.031289
0 0.651563 0.517578 0.031250 0.031250
0 0.652145 0.517454 0.031165 0.031286
0 0.652727 0.517330 0.031080 0.031321
0 0.653310 0.517205 0.030994 0.031357
0 0.653892 0.517081 0.030909 0.031392
0 0.654474 0.516957 0.030824 0.031428
0 0.655057 0.516832 0.030739 0.031463
0 0.655639 0.516708 0.030653 0.031499
0 0.656222 0.516584 0.030568 0.031534
0 0.656804 0.516460 0.030483 0.031570
0 0.657386 0.516335 0.030398 0.031605
0 0.657969 0.516211 0.030313 0.031641
0 0.658551 0.516087 0.030227 0.031676
0 0.659134 0.515962 0.030142 0.031712
0 0.659716 0.515838 0.030057 0.031747
0 0.660298 0.515714 0.029972 0.031783
0 0.660881 0.515589 0.029886 0.031818
0 0.661463 0.515465 0.029801 0.031854
0 0.662045 0.515341 0.029716 0.031889
0 0.662628 0.515217 0.029631 0.031925
0 0.663210 0.515092 0.029545 0.031960
0 0.663793 0.514968 0.029460 0.031996
0 0.664375 0.514844 0.029375 0.032031
0 0.664957 0.514719 0.029290 0.032067
0 0.665540 0.514595 0.029205 0.032102
0 0.666122 0.514471 0.029119 0.032138
0 0.666705 0.514347 0.029034 0.032173
0 0.667287 0.514222 0.028949 0.032209
0 0.667869 0.514098 0.028864 0.032244
0 0.668452 0.513974 0.028778 0.032280
0 0.669034 0.513849 0.028693 0.032315
0 0.669616 0.513725 0.028608 0.032351
0 0.670199 0.513601 0.028523 0.032386
0 0.670781 0.513477 0.028438 0.032422
0 0.671364 0.513352 0.028352 0.032457
0 0.671946 0.513228 0.028267 0.032493
0 0.672528 0.513104 0.028182 0.032528
0 0.673111 0.512979 0.028097 0.032564
0 0.673693 0.512855 0.028011 0.032599
0 0.674276 0.512731 0.027926 0.032635
0 0.674858 0.512607 0.027841 0.032670
0 0.675440 0.512482 0.027756 0.032706
0 0.676023 0.512358 0.027670 0.032741
0 0.676605 0.512234 0.027585 0.032777
0 0.677187 0.512109 0.027500 0.032812
0 0.677770 0.511985 0.027415 0.032848
0 0.678352 0.511861 0.027330 0.032884
0 0.678935 0.511737 0.027244 0.032919
0 0.679517 0.511612 0.027159 0.032955
0 0.680099 0.511488 0.027074 0.032990
0 0.680682 0.511364 0.026989 0.033026
0 0.681264 0.511239 0.026903 0.033061
0 0.681847 0.511115 0.026818 0.033097
0 0.682429 0.510991 0.026733 0.033132
0 0.683011 0.510866 0.026648 0.033168
0 0.683594 0.510742 0.026562 0.033203
0 0.684092 0.510459 0.026653 0.033147
0 0.684590 0.510176 0.026744 0.033090
0 0.685088 0.509893 0.026834 0.033033
0 0.685587 0.509610 0.026925 0.032977
0 0.686085 0.509327 0.027015 0.032920
0 0.686583 0.509044 0.027106 0.032863
0 0.687081 0.508761 0.027197 0.032807
0 0.687579 0.508478 0.027287 0.032750
0 0.688077 0.508195 0.027378 0.032694
0 0.688576 0.507912 0.027468 0.032637
0 0.689074 0.507629 0.027559 0.032580
0 0.689572 0.507345 0.027649 0.032524
0 0.690070 0.507062 0.027740 0.032467
0 0.690568 0.506779 0.027831 0.032411
0 0.691067 0.506496 0.027921 0.032354
0 0.691565 0.506213 0.028012 0.032297
0 0.692063 0.505930 0.028102 0.032241
0 0.692561 0.505647 0.028193 0.032184
0 0.693059 0.505364 0.028284 0.032127
0 0.693558 0.505081 0.028374 0.032071
0 0.694056 0.504798 0.028465 0.032014
0 0.694554 0.504515 0.028555 0.031958
0 0.695052 0.504232 0.028646 0.031901
0 0.695550 0.503949 0.028736 0.031844
0 0.696048 0.503666 0.028827 0.031788
0 0.696547 0.503383 0.028918 0.031731
0 0.697045 0.503100 0.029008 0.031675
0 0.697543 0.502816 0.029099 0.031618
0 0.698041 0.502533 0.029189 0.031561
0 0.698539 0.502250 0.029280 0.031505
0 0.699038 0.501967 0.029370 0.031448
0 0.699536 0.501684 0.029461 0.031392
0 0.700034 0.501401 0.029552 0.031335
0 0.700532 0.501118 0.029642 0.031278
0 0.701030 0.500835 0.029733 0.031222
0 0.701529 0.500552 0.029823 0.031165
0 0.702027 0.500269 0.029914 0.031108
0 0.702525 0.499986 0.030005 0.031052
0 0.703023 0.499703 0.030095 0.030995
0 0.703521 0.499420 0.030186 0.030939
0 0.704019 0.499137 0.030276 0.030882
0 0.704518 0.498854 0.030367 0.030825
0 0.705016 0.498571 0.030457 0.030769
0 0.705514 0.498287 0.030548 0.030712
0 0.706012 0.498004 0.030639 0.030656
0 0.706510 0.497721 0.030729 0.030599
0 0.707009 0.497438 0.030820 0.030542
0 0.707507 0.497155 0.030910 0.030486
0 0.708005 0.496872 0.031001 0.030429
0 0.708503 0.496589 0.031091 0.030373
0 0.709001 0.496306 0.031182 0.030316
0 0.709500 0.496023 0.031273 0.030259
0 0.709998 0.495740 0.031363 0.030203
0 0.710496 0.495457 0.031454 0.030146
0 0.710994 0.495174 0.031544 0.030089
0 0.711492 0.494891 0.031635 0.030033
0 0.711990 0.494608 0.031726 0.029976
0 0.712489 0.494325 0.031816 0.029920
0 0.712987 0.494042 0.031907 0.029863
0 0.713485 0.493758 0.031997 0.029806
0 0.713983 0.493475 0.032088 0.029750
0 0.714481 0.493192 0.032178 0.029693
0 0.714980 0.492909 0.032269 0.029637
0 0.715478 0.492626 0.032360 0.029580
0 0.715976 0.492343 0.032450 0.029523
0 0.716474 0.492060 0.032541 0.029467
0 0.716972 0.491777 0.032631 0.029410
0 0.717471 0.491494 0.032722 0.029353
0 0.717969 0.491211 0.032813 0.029297
0 0.718441 0.491029 0.032813 0.029433
0 0.718914 0.490848 0.032813 0.029569
0 0.719386 0.490666 0.032813 0.029706
0 0.719858 0.490484 0.032813 0.029842
0 0.720331 0.490303 0.032813 0.029978
0 0.720803 0.490121 0.032813 0.030114
0 0.721275 0.489939 0.032813 0.030251
0 0.721748 0.489757 0.032813 0.030387
0 0.722220 0.489576 0.032813 0.030523
0 0.722693 0.489394 0.032813 0.030660
0 0.723165 0.489212 0.032813 0.030796
0 0.723637 0.489031 0.032813 0.030932
0 0.724110 0.488849 0.032813 0.031068
0 0.724582 0.488667 0.032813 0.031205
0 0.725055 0.488486 0.032813 0.031341
0 0.725527 0.488304 0.032813 0.031477
0 0.725999 0.488122 0.032813 0.031613
0 0.726472 0.487941 0.032813 0.031750
0 0.726944 0.487759 0.032813 0.031886
0 0.727416 0.487577 0.032813 0.032022
0 0.727889 0.487396 0.032813 0.032158
0 0.728361 0.487214 0.032813 0.032295
0 0.728834 0.487032 0.032813 0.032431
0 0.729306 0.486850 0.032813 0.032567
0 0.729778 0.486669 0.032813 0.032703
0 0.730251 0.486487 0.032813 0.032840
0 0.730723 0.486305 0.032813 0.032976
0 0.731195 0.486124 0.032813 0.033112
0 0.731668 0.485942 0.032813 0.033249
0 0.732140 0.485760 0.032813 0.033385
0 0.732613 0.485579 0.032813 0.033521
0 0.733085 0.485397 0.032813 0.033657
0 0.733557 0.485215 0.032813 0.033794
0 0.734030 0.485034 0.032813 0.033930
0 0.734502 0.484852 0.032813 0.034066
0 0.734975 0.484670 0.032813 0.034202
0 0.735447 0.484489 0.032813 0.034339
0 0.735919 0.484307 0.032813 0.034475
0 0.736392 0.484125 0.032813 0.034611
0 0.736864 0.483943 0.032813 0.034747
0 0.737336 0.483762 0.032813 0.034884
0 0.737809 0.483580 0.032813 0.035020
0 0.738281 0.483398 0.032813 0.035156
0 0.738754 0.483217 0.032813 0.035293
0 0.739226 0.483035 0.032813 0.035429
0 0.739698 0.482853 0.032813 0.035565
0 0.740171 0.482672 0.032813 0.035701
0 0.740643 0.482490 0.032813 0.035838
0 0.741116 0.482308 0.032813 0.035974
0 0.741588 0.482127 0.032813 0.036110
0 0.742060 0.481945 0.032813 0.036246
0 0.742533 0.481763 0.032813 0.036383
0 0.743005 0.481582 0.032813 0.036519
0 0.743477 0.481400 0.032813 0.036655
0 0.743950 0.481218 0.032813 0.036791
0 0.744422 0.481037 0.032813 0.036928
0 0.744895 0.480855 0.032813 0.037064
0 0.745367 0.480673 0.032813 0.037200
0 0.745839 0.480491 0.032813 0.037336
0 0.746312 0.480310 0.032813 0.037473
0 0.746784 0.480128 0.032813 0.037609
0 0.747257 0.479946 0.032813 0.037745
0 0.747729 0.479765 0.032813 0.037882
0 0.748201 0.479583 0.032813 0.038018
0 0.748674 0.479401 0.032813 0.038154
0 0.749146 0.479220 0.032813 0.038290
0 0.749618 0.479038 0.032813 0.038427
0 0.750091 0.478856 0.032813 0.038563
0 0.750563 0.478675 0.032813 0.038699
0 0.751036 0.478493 0.032813 0.038835
0 0.751508 0.478311 0.032813 0.038972
0 0.751980 0.478130 0.032813 0.039108
0 0.752453 0.477948 0.032813 0.039244
0 0.752925 0.477766 0.032813 0.039380
0 0.753398 0.477584 0.032813 0.039517
0 0.753870 0.477403 0.032813 0.039653
0 0.754342 0.477221 0.032813 0.039789
0 0.754815 0.477039 0.032813 0.039926
0 0.755287 0.476858 0.032813 0.040062
0 0.755759 0.476676 0.032813 0.040198
0 0.756232 0.476494 0.032813 0.040334
0 0.756704 0.476313 0.032813 0.040471
0 0.757177 0.476131 0.032813 0.040607
0 0.757649 0.475949 0.032813 0.040743
0 0.758121 0.475768 0.032813 0.040879
0 0.758594 0.475586 0.032813 0.041016
