0 0.546875 0.475586 0.043750 0.041016
0 0.547564 0.474954 0.043695 0.041131
0 0.548254 0.474322 0.043640 0.041245
0 0.548943 0.473690 0.043585 0.041360
0 0.549632 0.473058 0.043529 0.041475
0 0.550322 0.472426 0.043474 0.041590
0 0.551011 0.471795 0.043419 0.041705
0 0.551700 0.471163 0.043364 0.041820
0 0.552390 0.470531 0.043309 0.041935
0 0.553079 0.469899 0.043254 0.042050
0 0.553768 0.469267 0.043199 0.042165
0 0.554458 0.468635 0.043143 0.042279
0 0.555147 0.468003 0.043088 0.042394
0 0.555836 0.467371 0.043033 0.042509
0 0.556526 0.466739 0.042978 0.042624
0 0.557215 0.466108 0.042923 0.042739
0 0.557904 0.465476 0.042868 0.042854
0 0.558594 0.464844 0.042813 0.042969
0 0.559283 0.464212 0.042757 0.043084
0 0.559972 0.463580 0.042702 0.043199
0 0.560662 0.462948 0.042647 0.043313
0 0.561351 0.462316 0.042592 0.043428
0 0.562040 0.461684 0.042537 0.043543
0 0.562730 0.461052 0.042482 0.043658
0 0.563419 0.460420 0.042426 0.043773
0 0.564108 0.459789 0.042371 0.043888
0 0.564798 0.459157 0.042316 0.044003
0 0.565487 0.458525 0.042261 0.044118
0 0.566176 0.457893 0.042206 0.044233
0 0.566866 0.457261 0.042151 0.044347
0 0.567555 0.456629 0.042096 0.044462
0 0.568244 0.455997 0.042040 0.044577
0 0.568934 0.455365 0.041985 0.044692
0 0.569623 0.454733 0.041930 0.044807
0 0.570312 0.454102 0.041875 0.044922
0 0.571002 0.453470 0.041820 0.045037
0 0.571691 0.452838 0.041765 0.045152
0 0.572381 0.452206 0.041710 0.045267
0 0.573070 0.451574 0.041654 0.045381
0 0.573759 0.450942 0.041599 0.045496
0 0.574449 0.450310 0.041544 0.045611
0 0.575138 0.449678 0.041489 0.045726
0 0.575827 0.449046 0.041434 0.045841
0 0.576517 0.448415 0.041379 0.045956
0 0.577206 0.447783 0.041324 0.046071
0 0.577895 0.447151 0.041268 0.046186
0 0.578585 0.446519 0.041213 0.046301
0 0.579274 0.445887 0.041158 0.046415
0 0.579963 0.445255 0.041103 0.046530
0 0.580653 0.444623 0.041048 0.046645
0 0.581342 0.443991 0.040993 0.046760
0 0.582031 0.443359 0.040938 0.046875
0 0.582721 0.442727 0.040882 0.046990
0 0.583410 0.442096 0.040827 0.047105
0 0.584099 0.441464 0.040772 0.047220
0 0.584789 0.440832 0.040717 0.047335
0 0.585478 0.440200 0.040662 0.047449
0 0.586167 0.439568 0.040607 0.047564
0 0.586857 0.438936 0.040551 0.047679
0 0.587546 0.438304 0.040496 0.047794
0 0.588235 0.437672 0.040441 0.047909
0 0.588925 0.437040 0.040386 0.048024
0 0.589614 0.436409 0.040331 0.048139
0 0.590303 0.435777 0.040276 0.048254
0 0.590993 0.435145 0.040221 0.048369
0 0.591682 0.434513 0.040165 0.048483
0 0.592371 0.433881 0.040110 0.048598
0 0.593061 0.433249 0.040055 0.048713
0 0.593750 0.432617 0.040000 0.048828
0 0.594439 0.431985 0.039945 0.048943
0 0.595129 0.431353 0.039890 0.049058
0 0.595818 0.430722 0.039835 0.049173
0 0.596507 0.430090 0.039779 0.049288
0 0.597197 0.429458 0.039724 0.049403
0 0.597886 0.428826 0.039669 0.049517
0 0.598575 0.428194 0.039614 0.049632
0 0.599265 0.427562 0.039559 0.049747
0 0.599954 0.426930 0.039504 0.049862
0 0.600643 0.426298 0.039449 0.049977
0 0.601333 0.425666 0.039393 0.050092
0 0.602022 0.425034 0.039338 0.050207
0 0.602711 0.424403 0.039283 0.050322
0 0.603401 0.423771 0.039228 0.050437
0 0.604090 0.423139 0.039173 0.050551
0 0.604779 0.422507 0.039118 0.050666
0 0.605469 0.421875 0.039062 0.050781
0 0.606005 0.421379 0.039109 0.050723
0 0.606542 0.420884 0.039156 0.050665
0 0.607078 0.420388 0.039202 0.050606
0 0.607614 0.419893 0.039249 0.050548
0 0.608151 0.419397 0.039296 0.050490
0 0.608687 0.418902 0.039342 0.050431
0 0.609223 0.418406 0.039389 0.050373
0 0.609760 0.417910 0.039436 0.050315
0 0.610296 0.417415 0.039482 0.050257
0 0.610833 0.416919 0.039529 0.050198
0 0.611369 0.416424 0.039576 0.050140
0 0.611905 0.415928 0.039622 0.050082
0 0.612442 0.415433 0.039669 0.050023
0 0.612978 0.414937 0.039715 0.049965
0 0.613514 0.414441 0.039762 0.049907
0 0.614051 0.413946 0.039809 0.049848
0 0.614587 0.413450 0.039855 0.049790
0 0.615124 0.412955 0.039902 0.049732
0 0.615660 0.412459 0.039949 0.049674
0 0.616196 0.411964 0.039995 0.049615
0 0.616733 0.411468 0.040042 0.049557
0 0.617269 0.410972 0.040089 0.049499
0 0.617806 0.410477 0.040135 0.049440
0 0.618342 0.409981 0.040182 0.049382
0 0.618878 0.409486 0.040229 0.049324
0 0.619415 0.408990 0.040275 0.049265
0 0.619951 0.408495 0.040322 0.049207
0 0.620487 0.407999 0.040368 0.049149
0 0.621024 0.407503 0.040415 0.049090
0 0.621560 0.407008 0.040462 0.049032
0 0.622097 0.406512 0.040508 0.048974
0 0.622633 0.406017 0.040555 0.048916
0 0.623169 0.405521 0.040602 0.048857
0 0.623706 0.405026 0.040648 0.048799
0 0.624242 0.404530 0.040695 0.048741
0 0.624778 0.404035 0.040742 0.048682
0 0.625315 0.403539 0.040788 0.048624
0 0.625851 0.403043 0.040835 0.048566
0 0.626388 0.402548 0.040882 0.048507
0 0.626924 0.402052 0.040928 0.048449
0 0.627460 0.401557 0.040975 0.048391
0 0.627997 0.401061 0.041021 0.048333
0 0.628533 0.400566 0.041068 0.048274
0 0.629069 0.400070 0.041115 0.048216
0 0.629606 0.399574 0.041161 0.048158
0 0.630142 0.399079 0.041208 0.048099
0 0.630679 0.398583 0.041255 0.048041
0 0.631215 0.398088 0.041301 0.047983
0 0.631751 0.397592 0.041348 0.047924
0 0.632288 0.397097 0.041395 0.047866
0 0.632824 0.396601 0.041441 0.047808
0 0.633361 0.396105 0.041488 0.047750
0 0.633897 0.395610 0.041535 0.047691
0 0.634433 0.395114 0.041581 0.047633
0 0.634970 0.394619 0.041628 0.047575
0 0.635506 0.394123 0.041674 0.047516
0 0.636042 0.393628 0.041721 0.047458
0 0.636579 0.393132 0.041768 0.047400
0 0.637115 0.392636 0.041814 0.047341
0 0.637652 0.392141 0.041861 0.047283
0 0.638188 0.391645 0.041908 0.047225
0 0.638724 0.391150 0.041954 0.047167
0 0.639261 0.390654 0.042001 0.047108
0 0.639797 0.390159 0.042048 0.047050
0 0.640333 0.389663 0.042094 0.046992
0 0.640870 0.389167 0.042141 0.046933
0 0.641406 0.388672 0.042188 0.046875
0 0.642318 0.387878 0.042188 0.046997
0 0.643229 0.387085 0.042188 0.047119
0 0.644141 0.386292 0.042188 0.047241
0 0.645052 0.385498 0.042188 0.047363
0 0.645964 0.384705 0.042188 0.047485
0 0.646875 0.383911 0.042188 0.047607
0 0.647786 0.383118 0.042188 0.047729
0 0.648698 0.382324 0.042188 0.047852
0 0.649609 0.381531 0.042188 0.047974
0 0.650521 0.380737 0.042188 0.048096
0 0.651432 0.379944 0.042188 0.048218
0 0.652344 0.379150 0.042188 0.048340
0 0.653255 0.378357 0.042188 0.048462
0 0.654167 0.377563 0.042188 0.048584
0 0.655078 0.376770 0.042188 0.048706
0 0.655990 0.375977 0.042188 0.048828
0 0.656901 0.375183 0.042188 0.048950
0 0.657813 0.374390 0.042188 0.049072
0 0.658724 0.373596 0.042188 0.049194
0 0.659635 0.372803 0.042188 0.049316
0 0.660547 0.372009 0.042188 0.049438
0 0.661458 0.371216 0.042188 0.049561
0 0.662370 0.370422 0.042188 0.049683
0 0.663281 0.369629 0.042188 0.049805
0 0.664193 0.368835 0.042188 0.049927
0 0.665104 0.368042 0.042188 0.050049
0 0.666016 0.367249 0.042188 0.050171
0 0.666927 0.366455 0.042188 0.050293
0 0.667839 0.365662 0.042188 0.050415
0 0.668750 0.364868 0.042188 0.050537
0 0.669661 0.364075 0.042188 0.050659
0 0.670573 0.363281 0.042188 0.050781
0 0.671484 0.362488 0.042188 0.050903
0 0.672396 0.361694 0.042188 0.051025
0 0.673307 0.360901 0.042188 0.051147
0 0.674219 0.360107 0.042188 0.051270
0 0.675130 0.359314 0.042188 0.051392
0 0.676042 0.358521 0.042188 0.051514
0 0.676953 0.357727 0.042188 0.051636
0 0.677865 0.356934 0.042188 0.051758
0 0.678776 0.356140 0.042188 0.051880
0 0.679688 0.355347 0.042188 0.052002
0 0.680599 0.354553 0.042188 0.052124
0 0.681510 0.353760 0.042188 0.052246
0 0.682422 0.352966 0.042188 0.052368
0 0.683333 0.352173 0.042188 0.052490
0 0.684245 0.351379 0.042188 0.052612
0 0.685156 0.350586 0.042188 0.052734
0 0.686180 0.349811 0.042188 0.052667
0 0.687204 0.349037 0.042188 0.052600
0 0.688227 0.348262 0.042188 0.052532
0 0.689251 0.347488 0.042188 0.052465
0 0.690275 0.346713 0.042188 0.052398
0 0.691298 0.345939 0.042188 0.052330
0 0.692322 0.345164 0.042188 0.052263
0 0.693346 0.344390 0.042188 0.052196
0 0.694370 0.343615 0.042188 0.052128
0 0.695393 0.342841 0.042188 0.052061
0 0.696417 0.342066 0.042188 0.051994
0 0.697441 0.341292 0.042188 0.051926
0 0.698464 0.340517 0.042188 0.051859
0 0.699488 0.339743 0.042188 0.051791
0 0.700512 0.338968 0.042188 0.051724
0 0.701536 0.338194 0.042188 0.051657
0 0.702559 0.337419 0.042188 0.051589
0 0.703583 0.336645 0.042188 0.051522
0 0.704607 0.335870 0.042188 0.051455
0 0.705630 0.335096 0.042188 0.051387
0 0.706654 0.334321 0.042188 0.051320
0 0.707678 0.333547 0.042188 0.051253
0 0.708702 0.332772 0.042188 0.051185
0 0.709725 0.331998 0.042188 0.051118
0 0.710749 0.331223 0.042188 0.051051
0 0.711773 0.330449 0.042188 0.050983
0 0.712796 0.329674 0.042188 0.050916
0 0.713820 0.328900 0.042188 0.050849
0 0.714844 0.328125 0.042188 0.050781
0 0.715867 0.327350 0.042188 0.050714
0 0.716891 0.326576 0.042188 0.050647
0 0.717915 0.325801 0.042188 0.050579
0 0.718939 0.325027 0.042188 0.050512
0 0.719962 0.324252 0.042188 0.050445
0 0.720986 0.323478 0.042188 0.050377
0 0.722010 0.322703 0.042188 0.050310
0 0.723033 0.321929 0.042188 0.050242
0 0.724057 0.321154 0.042188 0.050175
0 0.725081 0.320380 0.042188 0.050108
0 0.726105 0.319605 0.042188 0.050040
0 0.727128 0.318831 0.042188 0.049973
0 0.728152 0.318056 0.042188 0.049906
0 0.729176 0.317282 0.042188 0.049838
0 0.730199 0.316507 0.042188 0.049771
0 0.731223 0.315733 0.042188 0.049704
0 0.732247 0.314958 0.042188 0.049636
0 0.733270 0.314184 0.042188 0.049569
0 0.734294 0.313409 0.042188 0.049502
0 0.735318 0.312635 0.042188 0.049434
0 0.736342 0.311860 0.042188 0.049367
0 0.737365 0.311086 0.042188 0.049300
0 0.738389 0.310311 0.042188 0.049232
0 0.739413 0.309537 0.042188 0.049165
0 0.740436 0.308762 0.042188 0.049098
0 0.741460 0.307988 0.042188 0.049030
0 0.742484 0.307213 0.042188 0.048963
0 0.743508 0.306439 0.042188 0.048895
0 0.744531 0.305664 0.042188 0.048828
0 0.745562 0.304791 0.042188 0.048828
0 0.746592 0.303919 0.042188 0.048828
0 0.747623 0.303046 0.042188 0.048828
0 0.748654 0.302173 0.042188 0.048828
0 0.749684 0.301301 0.042188 0.048828
0 0.750715 0.300428 0.042188 0.048828
0 0.751745 0.299555 0.042188 0.048828
0 0.752776 0.298683 0.042188 0.048828
0 0.753807 0.297810 0.042188 0.048828
0 0.754837 0.296937 0.042188 0.048828
0 0.755868 0.296065 0.042188 0.048828
0 0.756898 0.295192 0.042188 0.048828
0 0.757929 0.294319 0.042188 0.048828
0 0.758959 0.293447 0.042188 0.048828
0 0.759990 0.292574 0.042188 0.048828
0 0.761021 0.291701 0.042188 0.048828
0 0.762051 0.290829 0.042188 0.048828
0 0.763082 0.289956 0.042188 0.048828
0 0.764112 0.289083 0.042188 0.048828
0 0.765143 0.288211 0.042188 0.048828
0 0.766174 0.287338 0.042188 0.048828
0 0.767204 0.286465 0.042188 0.048828
0 0.768235 0.285593 0.042188 0.048828
0 0.769265 0.284720 0.042188 0.048828
0 0.770296 0.283847 0.042188 0.048828
0 0.771326 0.282975 0.042188 0.048828
0 0.772357 0.282102 0.042188 0.048828
0 0.773388 0.281229 0.042188 0.048828
0 0.774418 0.280357 0.042188 0.048828
0 0.775449 0.279484 0.042188 0.048828
0 0.776479 0.278611 0.042188 0.048828
0 0.777510 0.277739 0.042188 0.048828
0 0.778541 0.276866 0.042188 0.048828
0 0.779571 0.275993 0.042188 0.048828
0 0.780602 0.275121 0.042188 0.048828
0 0.781632 0.274248 0.042188 0.048828
0 0.782663 0.273375 0.042188 0.048828
0 0.783693 0.272502 0.042188 0.048828
0 0.784724 0.271630 0.042188 0.048828
0 0.785755 0.270757 0.042188 0.048828
0 0.786785 0.269884 0.042188 0.048828
0 0.787816 0.269012 0.042188 0.048828
0 0.788846 0.268139 0.042188 0.048828
0 0.789877 0.267266 0.042188 0.048828
0 0.790908 0.266394 0.042188 0.048828
0 0.791938 0.265521 0.042188 0.048828
0 0.792969 0.264648 0.042188 0.048828
