0 0.297656 0.632812 0.039062 0.046875
0 0.298485 0.632357 0.039073 0.046915
0 0.299314 0.631902 0.039084 0.046954
0 0.300143 0.631447 0.039094 0.046994
0 0.300971 0.630991 0.039105 0.047033
0 0.301800 0.630536 0.039115 0.047073
0 0.302629 0.630081 0.039126 0.047113
0 0.303458 0.629625 0.039136 0.047152
0 0.304286 0.629170 0.039147 0.047192
0 0.305115 0.628715 0.039158 0.047231
0 0.305944 0.628260 0.039168 0.047271
0 0.306773 0.627804 0.039179 0.047310
0 0.307601 0.627349 0.039189 0.047350
0 0.308430 0.626894 0.039200 0.047390
0 0.309259 0.626438 0.039210 0.047429
0 0.310088 0.625983 0.039221 0.047469
0 0.310916 0.625528 0.039231 0.047508
0 0.311745 0.625073 0.039242 0.047548
0 0.312574 0.624617 0.039253 0.047588
0 0.313403 0.624162 0.039263 0.047627
0 0.314231 0.623707 0.039274 0.047667
0 0.315060 0.623251 0.039284 0.047706
0 0.315889 0.622796 0.039295 0.047746
0 0.316718 0.622341 0.039305 0.047786
0 0.317546 0.621886 0.039316 0.047825
0 0.318375 0.621430 0.039326 0.047865
0 0.319204 0.620975 0.039337 0.047904
0 0.320033 0.620520 0.039348 0.047944
0 0.320861 0.620064 0.039358 0.047984
0 0.321690 0.619609 0.039369 0.048023
0 0.322519 0.619154 0.039379 0.048063
0 0.323348 0.618699 0.039390 0.048102
0 0.324177 0.618243 0.039400 0.048142
0 0.325005 0.617788 0.039411 0.048181
0 0.325834 0.617333 0.039421 0.048221
0 0.326663 0.616877 0.039432 0.048261
0 0.327492 0.616422 0.039443 0.048300
0 0.328320 0.615967 0.039453 0.048340
0 0.329149 0.615512 0.039464 0.048379
0 0.329978 0.615056 0.039474 0.048419
0 0.330807 0.614601 0.039485 0.048459
0 0.331635 0.614146 0.039495 0.048498
0 0.332464 0.613690 0.039506 0.048538
0 0.333293 0.613235 0.039516 0.048577
0 0.334122 0.612780 0.039527 0.048617
0 0.334950 0.612324 0.039538 0.048657
0 0.335779 0.611869 0.039548 0.048696
0 0.336608 0.611414 0.039559 0.048736
0 0.337437 0.610959 0.039569 0.048775
0 0.338265 0.610503 0.039580 0.048815
0 0.339094 0.610048 0.039590 0.048855
0 0.339923 0.609593 0.039601 0.048894
0 0.340752 0.609137 0.039611 0.048934
0 0.341580 0.608682 0.039622 0.048973
0 0.342409 0.608227 0.039633 0.049013
0 0.343238 0.607772 0.039643 0.049052
0 0.344067 0.607316 0.039654 0.049092
0 0.344895 0.606861 0.039664 0.049132
0 0.345724 0.606406 0.039675 0.049171
0 0.346553 0.605950 0.039685 0.049211
0 0.347382 0.605495 0.039696 0.049250
0 0.348211 0.605040 0.039707 0.049290
0 0.349039 0.604585 0.039717 0.049330
0 0.349868 0.604129 0.039728 0.049369
0 0.350697 0.603674 0.039738 0.049409
0 0.351526 0.603219 0.039749 0.049448
0 0.352354 0.602763 0.039759 0.049488
0 0.353183 0.602308 0.039770 0.049528
0 0.354012 0.601853 0.039780 0.049567
0 0.354841 0.601398 0.039791 0.049607
0 0.355669 0.600942 0.039802 0.049646
0 0.356498 0.600487 0.039812 0.049686
0 0.357327 0.600032 0.039823 0.049726
0 0.358156 0.599576 0.039833 0.049765
0 0.358984 0.599121 0.039844 0.049805
0 0.359813 0.598666 0.039854 0.049844
0 0.360642 0.598211 0.039865 0.049884
0 0.361471 0.597755 0.039875 0.049923
0 0.362299 0.597300 0.039886 0.049963
0 0.363128 0.596845 0.039897 0.050003
0 0.363957 0.596389 0.039907 0.050042
0 0.364786 0.595934 0.039918 0.050082
0 0.365614 0.595479 0.039928 0.050121
0 0.366443 0.595023 0.039939 0.050161
0 0.367272 0.594568 0.039949 0.050201
0 0.368101 0.594113 0.039960 0.050240
0 0.368929 0.593658 0.039970 0.050280
0 0.369758 0.593202 0.039981 0.050319
0 0.370587 0.592747 0.039992 0.050359
0 0.371416 0.592292 0.040002 0.050399
0 0.372245 0.591836 0.040013 0.050438
0 0.373073 0.591381 0.040023 0.050478
0 0.373902 0.590926 0.040034 0.050517
0 0.374731 0.590471 0.040044 0.050557
0 0.375560 0.590015 0.040055 0.050596
0 0.376388 0.589560 0.040065 0.050636
0 0.377217 0.589105 0.040076 0.050676
0 0.378046 0.588649 0.040087 0.050715
0 0.378875 0.588194 0.040097 0.050755
0 0.379703 0.587739 0.040108 0.050794
0 0.380532 0.587284 0.040118 0.050834
0 0.381361 0.586828 0.040129 0.050874
0 0.382190 0.586373 0.040139 0.050913
0 0.383018 0.585918 0.040150 0.050953
0 0.383847 0.585462 0.040160 0.050992
0 0.384676 0.585007 0.040171 0.051032
0 0.385505 0.584552 0.040182 0.051072
0 0.386333 0.584097 0.040192 0.051111
0 0.387162 0.583641 0.040203 0.051151
0 0.387991 0.583186 0.040213 0.051190
0 0.388820 0.582731 0.040224 0.051230
0 0.389648 0.582275 0.040234 0.051270
0 0.390477 0.581820 0.040245 0.051309
0 0.391306 0.581365 0.040255 0.051349
0 0.392135 0.580910 0.040266 0.051388
0 0.392963 0.580454 0.040277 0.051428
0 0.393792 0.579999 0.040287 0.051467
0 0.394621 0.579544 0.040298 0.051507
0 0.395450 0.579088 0.040308 0.051547
0 0.396279 0.578633 0.040319 0.051586
0 0.397107 0.578178 0.040329 0.051626
0 0.397936 0.577722 0.040340 0.051665
0 0.398765 0.577267 0.040351 0.051705
0 0.399594 0.576812 0.040361 0.051745
0 0.400422 0.576357 0.040372 0.051784
0 0.401251 0.575901 0.040382 0.051824
0 0.402080 0.575446 0.040393 0.051863
0 0.402909 0.574991 0.040403 0.051903
0 0.403737 0.574535 0.040414 0.051943
0 0.404566 0.574080 0.040424 0.051982
0 0.405395 0.573625 0.040435 0.052022
0 0.406224 0.573170 0.040446 0.052061
0 0.407052 0.572714 0.040456 0.052101
0 0.407881 0.572259 0.040467 0.052141
0 0.408710 0.571804 0.040477 0.052180
0 0.409539 0.571348 0.040488 0.052220
0 0.410367 0.570893 0.040498 0.052259
0 0.411196 0.570438 0.040509 0.052299
0 0.412025 0.569983 0.040519 0.052338
0 0.412854 0.569527 0.040530 0.052378
0 0.413682 0.569072 0.040541 0.052418
0 0.414511 0.568617 0.040551 0.052457
0 0.415340 0.568161 0.040562 0.052497
0 0.416169 0.567706 0.040572 0.052536
0 0.416997 0.567251 0.040583 0.052576
0 0.417826 0.566796 0.040593 0.052616
0 0.418655 0.566340 0.040604 0.052655
0 0.419484 0.565885 0.040614 0.052695
0 0.420313 0.565430 0.040625 0.052734
0 0.421155 0.564986 0.040605 0.052734
0 0.421997 0.564542 0.040584 0.052734
0 0.422839 0.564098 0.040564 0.052734
0 0.423681 0.563654 0.040544 0.052734
0 0.424523 0.563210 0.040524 0.052734
0 0.425365 0.562766 0.040503 0.052734
0 0.426207 0.562322 0.040483 0.052734
0 0.427050 0.561879 0.040463 0.052734
0 0.427892 0.561435 0.040442 0.052734
0 0.428734 0.560991 0.040422 0.052734
0 0.429576 0.560547 0.040402 0.052734
0 0.430418 0.560103 0.040381 0.052734
0 0.431260 0.559659 0.040361 0.052734
0 0.432102 0.559215 0.040341 0.052734
0 0.432944 0.558771 0.040321 0.052734
0 0.433787 0.558327 0.040300 0.052734
0 0.434629 0.557884 0.040280 0.052734
0 0.435471 0.557440 0.040260 0.052734
0 0.436313 0.556996 0.040239 0.052734
0 0.437155 0.556552 0.040219 0.052734
0 0.437997 0.556108 0.040199 0.052734
0 0.438839 0.555664 0.040179 0.052734
0 0.439681 0.555220 0.040158 0.052734
0 0.440524 0.554776 0.040138 0.052734
0 0.441366 0.554332 0.040118 0.052734
0 0.442208 0.553888 0.040097 0.052734
0 0.443050 0.553445 0.040077 0.052734
0 0.443892 0.553001 0.040057 0.052734
0 0.444734 0.552557 0.040037 0.052734
0 0.445576 0.552113 0.040016 0.052734
0 0.446418 0.551669 0.039996 0.052734
0 0.447261 0.551225 0.039976 0.052734
0 0.448103 0.550781 0.039955 0.052734
0 0.448945 0.550337 0.039935 0.052734
0 0.449787 0.549893 0.039915 0.052734
0 0.450629 0.549450 0.039894 0.052734
0 0.451471 0.549006 0.039874 0.052734
0 0.452313 0.548562 0.039854 0.052734
0 0.453155 0.548118 0.039834 0.052734
0 0.453998 0.547674 0.039813 0.052734
0 0.454840 0.547230 0.039793 0.052734
0 0.455682 0.546786 0.039773 0.052734
0 0.456524 0.546342 0.039752 0.052734
0 0.457366 0.545898 0.039732 0.052734
0 0.458208 0.545455 0.039712 0.052734
0 0.459050 0.545011 0.039692 0.052734
0 0.459892 0.544567 0.039671 0.052734
0 0.460735 0.544123 0.039651 0.052734
0 0.461577 0.543679 0.039631 0.052734
0 0.462419 0.543235 0.039610 0.052734
0 0.463261 0.542791 0.039590 0.052734
0 0.464103 0.542347 0.039570 0.052734
0 0.464945 0.541903 0.039550 0.052734
0 0.465787 0.541460 0.039529 0.052734
0 0.466629 0.541016 0.039509 0.052734
0 0.467472 0.540572 0.039489 0.052734
0 0.468314 0.540128 0.039468 0.052734
0 0.469156 0.539684 0.039448 0.052734
0 0.469998 0.539240 0.039428 0.052734
0 0.470840 0.538796 0.039407 0.052734
0 0.471682 0.538352 0.039387 0.052734
0 0.472524 0.537908 0.039367 0.052734
0 0.473366 0.537464 0.039347 0.052734
0 0.474209 0.537021 0.039326 0.052734
0 0.475051 0.536577 0.039306 0.052734
0 0.475893 0.536133 0.039286 0.052734
0 0.476735 0.535689 0.039265 0.052734
0 0.477577 0.535245 0.039245 0.052734
0 0.478419 0.534801 0.039225 0.052734
0 0.479261 0.534357 0.039205 0.052734
0 0.480103 0.533913 0.039184 0.052734
0 0.480946 0.533469 0.039164 0.052734
0 0.481788 0.533026 0.039144 0.052734
0 0.482630 0.532582 0.039123 0.052734
0 0.483472 0.532138 0.039103 0.052734
0 0.484314 0.531694 0.039083 0.052734
0 0.485156 0.531250 0.039062 0.052734
0 0.485998 0.530806 0.039042 0.052734
0 0.486841 0.530362 0.039022 0.052734
0 0.487683 0.529918 0.039002 0.052734
0 0.488525 0.529474 0.038981 0.052734
0 0.489367 0.529031 0.038961 0.052734
0 0.490209 0.528587 0.038941 0.052734
0 0.491051 0.528143 0.038920 0.052734
0 0.491893 0.527699 0.038900 0.052734
0 0.492735 0.527255 0.038880 0.052734
0 0.493578 0.526811 0.038860 0.052734
0 0.494420 0.526367 0.038839 0.052734
0 0.495262 0.525923 0.038819 0.052734
0 0.496104 0.525479 0.038799 0.052734
0 0.496946 0.525036 0.038778 0.052734
0 0.497788 0.524592 0.038758 0.052734
0 0.498630 0.524148 0.038738 0.052734
0 0.499472 0.523704 0.038718 0.052734
0 0.500315 0.523260 0.038697 0.052734
0 0.501157 0.522816 0.038677 0.052734
0 0.501999 0.522372 0.038657 0.052734
0 0.502841 0.521928 0.038636 0.052734
0 0.503683 0.521484 0.038616 0.052734
0 0.504525 0.521040 0.038596 0.052734
0 0.505367 0.520597 0.038575 0.052734
0 0.506209 0.520153 0.038555 0.052734
0 0.507052 0.519709 0.038535 0.052734
0 0.507894 0.519265 0.038515 0.052734
0 0.508736 0.518821 0.038494 0.052734
0 0.509578 0.518377 0.038474 0.052734
0 0.510420 0.517933 0.038454 0.052734
0 0.511262 0.517489 0.038433 0.052734
0 0.512104 0.517045 0.038413 0.052734
0 0.512946 0.516602 0.038393 0.052734
0 0.513789 0.516158 0.038373 0.052734
0 0.514631 0.515714 0.038352 0.052734
0 0.515473 0.515270 0.038332 0.052734
0 0.516315 0.514826 0.038312 0.052734
0 0.517157 0.514382 0.038291 0.052734
0 0.517999 0.513938 0.038271 0.052734
0 0.518841 0.513494 0.038251 0.052734
0 0.519683 0.513050 0.038231 0.052734
0 0.520526 0.512607 0.038210 0.052734
0 0.521368 0.512163 0.038190 0.052734
0 0.522210 0.511719 0.038170 0.052734
0 0.523052 0.511275 0.038149 0.052734
0 0.523894 0.510831 0.038129 0.052734
0 0.524736 0.510387 0.038109 0.052734
0 0.525578 0.509943 0.038088 0.052734
0 0.526420 0.509499 0.038068 0.052734
0 0.527263 0.509055 0.038048 0.052734
0 0.528105 0.508612 0.038028 0.052734
0 0.528947 0.508168 0.038007 0.052734
0 0.529789 0.507724 0.037987 0.052734
0 0.530631 0.507280 0.037967 0.052734
0 0.531473 0.506836 0.037946 0.052734
0 0.532315 0.506392 0.037926 0.052734
0 0.533157 0.505948 0.037906 0.052734
0 0.534000 0.505504 0.037886 0.052734
0 0.534842 0.505060 0.037865 0.052734
0 0.535684 0.504616 0.037845 0.052734
0 0.536526 0.504173 0.037825 0.052734
0 0.537368 0.503729 0.037804 0.052734
0 0.538210 0.503285 0.037784 0.052734
0 0.539052 0.502841 0.037764 0.052734
0 0.539894 0.502397 0.037744 0.052734
0 0.540737 0.501953 0.037723 0.052734
0 0.541579 0.501509 0.037703 0.052734
0 0.542421 0.501065 0.037683 0.052734
0 0.543263 0.500621 0.037662 0.052734
0 0.544105 0.500178 0.037642 0.052734
0 0.544947 0.499734 0.037622 0.052734
0 0.545789 0.499290 0.037601 0.052734
0 0.546631 0.498846 0.037581 0.052734
0 0.547474 0.498402 0.037561 0.052734
0 0.548316 0.497958 0.037541 0.052734
0 0.549158 0.497514 0.037520 0.052734
0 0.550000 0.497070 0.037500 0.052734
