0 0.396094 0.466797 0.210938 0.121094
0 0.394792 0.464844 0.209375 0.121094
0 0.393490 0.462891 0.207813 0.121094
0 0.392188 0.460938 0.206250 0.121094
0 0.391927 0.461100 0.206771 0.120768
0 0.391667 0.461263 0.207292 0.120443
0 0.391406 0.461426 0.207812 0.120117
0 0.391146 0.461589 0.208333 0.119792
0 0.390885 0.461751 0.208854 0.119466
0 0.390625 0.461914 0.209375 0.119141
0 0.390365 0.462077 0.209896 0.118815
0 0.390104 0.462240 0.210417 0.118490
0 0.389844 0.462402 0.210937 0.118164
0 0.389583 0.462565 0.211458 0.117839
0 0.389323 0.462728 0.211979 0.117513
0 0.389063 0.462891 0.212500 0.117188
0 0.389219 0.463542 0.213229 0.116927
0 0.389375 0.464193 0.213958 0.116667
0 0.389531 0.464844 0.214687 0.116406
0 0.389687 0.465495 0.215417 0.116146
0 0.389844 0.466146 0.216146 0.115885
0 0.390000 0.466797 0.216875 0.115625
0 0.390156 0.467448 0.217604 0.115365
0 0.390312 0.468099 0.218333 0.115104
0 0.390469 0.468750 0.219062 0.114844
0 0.390625 0.469401 0.219792 0.114583
0 0.390781 0.470052 0.220521 0.114323
0 0.390937 0.470703 0.221250 0.114062
0 0.391094 0.471354 0.221979 0.113802
0 0.391250 0.472005 0.222708 0.113542
0 0.391406 0.472656 0.223438 0.113281
0 0.391276 0.472738 0.222917 0.113770
0 0.391146 0.472819 0.222396 0.114258
0 0.391016 0.472900 0.221875 0.114746
0 0.390885 0.472982 0.221354 0.115234
0 0.390755 0.473063 0.220833 0.115723
0 0.390625 0.473145 0.220313 0.116211
0 0.390495 0.473226 0.219792 0.116699
0 0.390365 0.473307 0.219271 0.117188
0 0.390234 0.473389 0.218750 0.117676
0 0.390104 0.473470 0.218229 0.118164
0 0.389974 0.473551 0.217708 0.118652
0 0.389844 0.473633 0.217188 0.119141
0 0.389900 0.473842 0.217969 0.118722
0 0.389955 0.474051 0.218750 0.118304
0 0.390011 0.474261 0.219531 0.117885
0 0.390067 0.474470 0.220312 0.117467
0 0.390123 0.474679 0.221094 0.117048
0 0.390179 0.474888 0.221875 0.116629
0 0.390234 0.475098 0.222656 0.116211
0 0.390290 0.475307 0.223437 0.115792
0 0.390346 0.475516 0.224219 0.115374
0 0.390402 0.475725 0.225000 0.114955
0 0.390458 0.475935 0.225781 0.114537
0 0.390513 0.476144 0.226562 0.114118
0 0.390569 0.476353 0.227344 0.113700
0 0.390625 0.476562 0.228125 0.113281
0 0.391016 0.476270 0.227031 0.115430
0 0.391406 0.475977 0.225937 0.117578
0 0.391797 0.475684 0.224844 0.119727
0 0.392188 0.475391 0.223750 0.121875
0 0.392578 0.475098 0.222656 0.124023
0 0.392969 0.474805 0.221562 0.126172
0 0.393359 0.474512 0.220469 0.128320
0 0.393750 0.474219 0.219375 0.130469
0 0.394141 0.473926 0.218281 0.132617
0 0.394531 0.473633 0.217188 0.134766
0 0.426562 0.446289 0.331250 0.330078
0 0.425781 0.450846 0.332813 0.331380
0 0.425000 0.455404 0.334375 0.332682
0 0.424219 0.459961 0.335938 0.333984
0 0.422656 0.463704 0.340104 0.334310
0 0.421094 0.467448 0.344271 0.334635
0 0.419531 0.471191 0.348438 0.334961
0 0.417969 0.474935 0.352604 0.335286
0 0.416406 0.478678 0.356771 0.335612
0 0.414844 0.482422 0.360938 0.335938
0 0.426367 0.476807 0.358984 0.340332
0 0.437891 0.471191 0.357031 0.344727
0 0.449414 0.465576 0.355078 0.349121
0 0.460938 0.459961 0.353125 0.353516
0 0.475195 0.439941 0.355078 0.353516
0 0.489453 0.419922 0.357031 0.353516
0 0.503711 0.399902 0.358984 0.353516
0 0.517969 0.379883 0.360938 0.353516
0 0.525521 0.378092 0.356250 0.353190
0 0.533073 0.376302 0.351562 0.352865
0 0.540625 0.374512 0.346875 0.352539
0 0.548177 0.372721 0.342187 0.352214
0 0.555729 0.370931 0.337500 0.351888
0 0.563281 0.369141 0.332813 0.351562
0 0.565469 0.374414 0.331563 0.351953
0 0.567656 0.379687 0.330313 0.352344
0 0.569844 0.384961 0.329063 0.352734
0 0.572031 0.390234 0.327813 0.353125
0 0.574219 0.395508 0.326562 0.353516
0 0.567344 0.401172 0.329063 0.355469
0 0.560469 0.406836 0.331563 0.357422
0 0.553594 0.412500 0.334063 0.359375
0 0.546719 0.418164 0.336563 0.361328
0 0.539844 0.423828 0.339062 0.363281
0 0.538281 0.432454 0.341146 0.364909
0 0.536719 0.441081 0.343229 0.366536
0 0.535156 0.449707 0.345313 0.368164
0 0.533594 0.458333 0.347396 0.369792
0 0.532031 0.466960 0.349479 0.371419
0 0.530469 0.475586 0.351562 0.373047
0 0.525223 0.476842 0.351786 0.373884
0 0.519978 0.478097 0.352009 0.374721
0 0.514732 0.479353 0.352232 0.375558
0 0.509487 0.480608 0.352455 0.376395
0 0.504241 0.481864 0.352679 0.377232
0 0.498996 0.483119 0.352902 0.378069
0 0.493750 0.484375 0.353125 0.378906
0 0.492578 0.484212 0.354427 0.381185
0 0.491406 0.484049 0.355729 0.383464
0 0.490234 0.483887 0.357031 0.385742
0 0.489062 0.483724 0.358333 0.388021
0 0.487891 0.483561 0.359635 0.390299
0 0.486719 0.483398 0.360938 0.392578
0 0.485026 0.479980 0.360156 0.394857
0 0.483333 0.476562 0.359375 0.397135
0 0.481641 0.473145 0.358594 0.399414
0 0.479948 0.469727 0.357812 0.401693
0 0.478255 0.466309 0.357031 0.403971
0 0.476562 0.462891 0.356250 0.406250
0 0.470469 0.450391 0.358438 0.408594
0 0.464375 0.437891 0.360625 0.410938
0 0.458281 0.425391 0.362813 0.413281
0 0.452187 0.412891 0.365000 0.415625
0 0.446094 0.400391 0.367188 0.417969
0 0.493750 0.491211 0.168750 0.134766
0 0.493490 0.490885 0.173438 0.130208
0 0.493229 0.490560 0.178125 0.125651
0 0.492969 0.490234 0.182812 0.121094
0 0.493192 0.489816 0.183259 0.121373
0 0.493415 0.489397 0.183705 0.121652
0 0.493638 0.488979 0.184152 0.121931
0 0.493862 0.488560 0.184598 0.122210
0 0.494085 0.488142 0.185045 0.122489
0 0.494308 0.487723 0.185491 0.122768
0 0.494531 0.487305 0.185938 0.123047
0 0.494661 0.483887 0.187240 0.124674
0 0.494792 0.480469 0.188542 0.126302
0 0.494922 0.477051 0.189844 0.127930
0 0.495052 0.473633 0.191146 0.129557
0 0.495182 0.470215 0.192448 0.131185
0 0.495312 0.466797 0.193750 0.132812
0 0.494271 0.467611 0.194271 0.132487
0 0.493229 0.468424 0.194792 0.132161
0 0.492187 0.469238 0.195313 0.131836
0 0.491146 0.470052 0.195833 0.131510
0 0.490104 0.470866 0.196354 0.131185
0 0.489063 0.471680 0.196875 0.130859
0 0.489583 0.471517 0.195833 0.129883
0 0.490104 0.471354 0.194792 0.128906
0 0.490625 0.471191 0.193750 0.127930
0 0.491146 0.471029 0.192708 0.126953
0 0.491667 0.470866 0.191667 0.125977
0 0.492188 0.470703 0.190625 0.125000
0 0.490234 0.469076 0.189844 0.123047
0 0.488281 0.467448 0.189062 0.121094
0 0.486328 0.465820 0.188281 0.119141
0 0.484375 0.464193 0.187500 0.117187
0 0.482422 0.462565 0.186719 0.115234
0 0.480469 0.460938 0.185938 0.113281
0 0.479167 0.460124 0.188021 0.114258
0 0.477865 0.459310 0.190104 0.115234
0 0.476562 0.458496 0.192188 0.116211
0 0.475260 0.457682 0.194271 0.117188
0 0.473958 0.456868 0.196354 0.118164
0 0.472656 0.456055 0.198437 0.119141
0 0.475156 0.452930 0.199687 0.119922
0 0.477656 0.449805 0.200937 0.120703
0 0.480156 0.446680 0.202187 0.121484
0 0.482656 0.443555 0.203437 0.122266
0 0.485156 0.440430 0.204687 0.123047
0 0.489193 0.437826 0.201302 0.122396
0 0.493229 0.435221 0.197917 0.121745
0 0.497266 0.432617 0.194531 0.121094
0 0.501302 0.430013 0.191146 0.120443
0 0.505339 0.427409 0.187760 0.119792
0 0.509375 0.424805 0.184375 0.119141
0 0.509635 0.422363 0.185938 0.119466
0 0.509896 0.419922 0.187500 0.119792
0 0.510156 0.417480 0.189063 0.120117
0 0.510417 0.415039 0.190625 0.120443
0 0.510677 0.412598 0.192188 0.120768
0 0.510938 0.410156 0.193750 0.121094
0 0.510625 0.404102 0.193750 0.119141
0 0.510312 0.398047 0.193750 0.117187
0 0.510000 0.391992 0.193750 0.115234
0 0.509687 0.385937 0.193750 0.113281
0 0.509375 0.379883 0.193750 0.111328
0 0.508705 0.376256 0.195089 0.111886
0 0.508036 0.372628 0.196429 0.112444
0 0.507366 0.369001 0.197768 0.113002
0 0.506696 0.365374 0.199107 0.113560
0 0.506027 0.361747 0.200446 0.114118
0 0.505357 0.358119 0.201786 0.114676
0 0.504687 0.354492 0.203125 0.115234
0 0.506510 0.356283 0.201042 0.115560
0 0.508333 0.358073 0.198958 0.115885
0 0.510156 0.359863 0.196875 0.116211
0 0.511979 0.361654 0.194792 0.116536
0 0.513802 0.363444 0.192708 0.116862
0 0.515625 0.365234 0.190625 0.117188
0 0.643750 0.478516 0.143750 0.121094
0 0.645703 0.478516 0.142969 0.118164
0 0.647656 0.478516 0.142188 0.115234
0 0.649609 0.478516 0.141406 0.112305
0 0.651563 0.478516 0.140625 0.109375
0 0.647852 0.477783 0.141016 0.110840
0 0.644141 0.477051 0.141406 0.112305
0 0.640430 0.476318 0.141797 0.113770
0 0.636719 0.475586 0.142187 0.115234
0 0.630208 0.476888 0.138542 0.110026
0 0.623698 0.478190 0.134896 0.104818
0 0.617188 0.479492 0.131250 0.099609
0 0.612891 0.481445 0.132031 0.100586
0 0.608594 0.483398 0.132813 0.101563
0 0.604297 0.485352 0.133594 0.102539
0 0.600000 0.487305 0.134375 0.103516
0 0.601172 0.493408 0.139062 0.104980
0 0.602344 0.499512 0.143750 0.106445
0 0.603516 0.505615 0.148437 0.107910
0 0.604687 0.511719 0.153125 0.109375
0 0.609180 0.513916 0.151172 0.109863
0 0.613672 0.516113 0.149219 0.110352
0 0.618164 0.518311 0.147266 0.110840
0 0.622656 0.520508 0.145313 0.111328
0 0.623633 0.518555 0.142578 0.108398
0 0.624609 0.516602 0.139844 0.105469
0 0.625586 0.514648 0.137109 0.102539
0 0.626562 0.512695 0.134375 0.099609
0 0.619336 0.511963 0.133984 0.101074
0 0.612109 0.511230 0.133594 0.102539
0 0.604883 0.510498 0.133203 0.104004
0 0.597656 0.509766 0.132812 0.105469
0 0.595508 0.511963 0.135547 0.104004
0 0.593359 0.514160 0.138281 0.102539
0 0.591211 0.516357 0.141016 0.101074
0 0.589063 0.518555 0.143750 0.099609
0 0.590820 0.525146 0.148047 0.100098
0 0.592578 0.531738 0.152344 0.100586
0 0.594336 0.538330 0.156641 0.101074
0 0.596094 0.544922 0.160938 0.101562
0 0.599062 0.547266 0.158750 0.103125
0 0.602031 0.549609 0.156563 0.104687
0 0.605000 0.551953 0.154375 0.106250
0 0.607969 0.554297 0.152188 0.107812
0 0.610937 0.556641 0.150000 0.109375
0 0.612891 0.553223 0.149219 0.109375
0 0.614844 0.549805 0.148437 0.109375
0 0.616797 0.546387 0.147656 0.109375
0 0.618750 0.542969 0.146875 0.109375
0 0.619271 0.538574 0.146354 0.106445
0 0.619792 0.534180 0.145833 0.103516
0 0.620313 0.529785 0.145312 0.100586
0 0.620833 0.525391 0.144792 0.097656
0 0.621354 0.520996 0.144271 0.094727
0 0.621875 0.516602 0.143750 0.091797
0 0.620625 0.510742 0.146250 0.094141
0 0.619375 0.504883 0.148750 0.096484
0 0.618125 0.499023 0.151250 0.098828
0 0.616875 0.493164 0.153750 0.101172
0 0.615625 0.487305 0.156250 0.103516
0 0.616016 0.475830 0.153906 0.105957
0 0.616406 0.464355 0.151562 0.108398
0 0.616797 0.452881 0.149219 0.110840
0 0.617188 0.441406 0.146875 0.113281
0 0.618906 0.436523 0.146563 0.110547
0 0.620625 0.431641 0.146250 0.107813
0 0.622344 0.426758 0.145938 0.105078
0 0.624062 0.421875 0.145625 0.102344
0 0.625781 0.416992 0.145313 0.099609
0 0.625469 0.423047 0.145938 0.100781
0 0.625156 0.429102 0.146563 0.101953
0 0.624844 0.435156 0.147188 0.103125
0 0.624531 0.441211 0.147813 0.104297
0 0.624219 0.447266 0.148438 0.105469
0 0.622005 0.455892 0.146094 0.105794
0 0.619792 0.464518 0.143750 0.106120
0 0.617578 0.473145 0.141406 0.106445
0 0.615365 0.481771 0.139062 0.106771
0 0.613151 0.490397 0.136719 0.107096
0 0.610937 0.499023 0.134375 0.107422
0 0.610677 0.501628 0.137500 0.107422
0 0.610417 0.504232 0.140625 0.107422
0 0.610156 0.506836 0.143750 0.107422
0 0.609896 0.509440 0.146875 0.107422
0 0.609635 0.512044 0.150000 0.107422
0 0.609375 0.514648 0.153125 0.107422
0 0.483594 0.598633 0.117188 0.091797
0 0.482422 0.599609 0.119531 0.091797
0 0.481250 0.600586 0.121875 0.091797
0 0.480208 0.599609 0.122500 0.091927
0 0.479167 0.598633 0.123125 0.092057
0 0.478125 0.597656 0.123750 0.092187
0 0.477083 0.596680 0.124375 0.092318
0 0.476042 0.595703 0.125000 0.092448
0 0.475000 0.594727 0.125625 0.092578
0 0.473958 0.593750 0.126250 0.092708
0 0.472917 0.592773 0.126875 0.092839
0 0.471875 0.591797 0.127500 0.092969
0 0.470833 0.590820 0.128125 0.093099
0 0.469792 0.589844 0.128750 0.093229
0 0.468750 0.588867 0.129375 0.093359
0 0.467708 0.587891 0.130000 0.093490
0 0.466667 0.586914 0.130625 0.093620
0 0.465625 0.585938 0.131250 0.093750
0 0.466176 0.585593 0.131066 0.094439
0 0.466728 0.585248 0.130882 0.095129
0 0.467279 0.584903 0.130699 0.095818
0 0.467831 0.584559 0.130515 0.096507
0 0.468382 0.584214 0.130331 0.097197
0 0.468934 0.583869 0.130147 0.097886
0 0.469485 0.583525 0.129963 0.098575
0 0.470037 0.583180 0.129779 0.099265
0 0.470588 0.582835 0.129596 0.099954
0 0.471140 0.582491 0.129412 0.100643
0 0.471691 0.582146 0.129228 0.101333
0 0.472243 0.581801 0.129044 0.102022
0 0.472794 0.581457 0.128860 0.102711
0 0.473346 0.581112 0.128676 0.103401
0 0.473897 0.580767 0.128493 0.104090
0 0.474449 0.580423 0.128309 0.104779
0 0.475000 0.580078 0.128125 0.105469
