0 0.517188 0.423828 0.056250 0.046875
0 0.517939 0.422819 0.056353 0.047105
0 0.514870 0.422759 0.056335 0.047082
0 0.512485 0.420789 0.056386 0.047088
0 0.510955 0.421291 0.056413 0.047139
0 0.509378 0.421214 0.056436 0.047159
0 0.506540 0.420821 0.056854 0.047475
0 0.507702 0.420819 0.056387 0.047044
0 0.504990 0.420847 0.056880 0.047513
0 0.502244 0.419327 0.056742 0.047511
0 0.499100 0.419655 0.056703 0.047490
0 0.497852 0.420224 0.056349 0.047016
0 0.495749 0.419216 0.056987 0.047774
0 0.497001 0.420153 0.056865 0.047543
0 0.492685 0.418622 0.056749 0.047344
0 0.491992 0.419854 0.056235 0.046916
0 0.490822 0.418055 0.056839 0.047523
0 0.490431 0.417922 0.056258 0.046912
0 0.488954 0.419156 0.056380 0.047039
0 0.489062 0.418634 0.056600 0.047175
0 0.486946 0.417686 0.056266 0.046981
0 0.484941 0.415918 0.056869 0.047623
0 0.484036 0.416068 0.056207 0.046858
0 0.483934 0.413079 0.056327 0.047019
0 0.482356 0.412282 0.056330 0.046998
0 0.482984 0.412270 0.056610 0.047237
0 0.481924 0.414012 0.056574 0.047255
0 0.480876 0.415449 0.056574 0.047286
0 0.478075 0.415221 0.056731 0.047440
0 0.477093 0.415567 0.056764 0.047531
0 0.476069 0.415064 0.056410 0.047023
0 0.476833 0.415435 0.056717 0.047465
0 0.474200 0.415404 0.056466 0.047140
0 0.473569 0.416333 0.056509 0.047108
0 0.472701 0.415879 0.056332 0.046972
0 0.471191 0.415958 0.056338 0.046960
0 0.469175 0.417217 0.056657 0.047308
0 0.469811 0.416762 0.056393 0.047213
0 0.467580 0.414437 0.056672 0.047248
0 0.465703 0.413873 0.056648 0.047400
0 0.465655 0.414207 0.056498 0.047106
0 0.464664 0.412543 0.056584 0.047211
0 0.462587 0.411169 0.056574 0.047176
0 0.463628 0.411259 0.056272 0.046990
0 0.462231 0.415111 0.056298 0.047050
0 0.462211 0.414338 0.056356 0.047130
0 0.459721 0.411297 0.056545 0.047155
0 0.458649 0.410871 0.056485 0.047238
0 0.458358 0.410500 0.056527 0.047197
0 0.458674 0.411121 0.056396 0.047139
0 0.456218 0.407541 0.056351 0.046985
0 0.455719 0.406830 0.056399 0.047217
0 0.455355 0.403989 0.056395 0.047064
0 0.453832 0.401110 0.056493 0.047224
0 0.454608 0.403738 0.056157 0.046812
0 0.453942 0.402672 0.056368 0.047191
0 0.454928 0.399456 0.056560 0.047141
0 0.453703 0.397647 0.056462 0.047074
0 0.454373 0.401602 0.056068 0.046858
0 0.455045 0.398911 0.056681 0.047283
0 0.454435 0.397743 0.056116 0.046868
0 0.454885 0.396840 0.056690 0.047272
0 0.454995 0.399689 0.056823 0.047499
0 0.454961 0.397930 0.056819 0.047553
0 0.453482 0.400117 0.056846 0.047602
0 0.453777 0.399131 0.056643 0.047271
0 0.453511 0.395085 0.056688 0.047251
0 0.453940 0.396580 0.056405 0.047008
0 0.452239 0.399061 0.056553 0.047189
0 0.452382 0.397560 0.056381 0.047008
0 0.450013 0.395172 0.056522 0.047173
0 0.449037 0.399492 0.056430 0.047037
0 0.451175 0.397911 0.056142 0.046793
0 0.450087 0.399416 0.056424 0.047043
0 0.449685 0.397430 0.056289 0.047024
0 0.448212 0.399763 0.056152 0.046796
0 0.448344 0.397939 0.056310 0.046990
0 0.446717 0.398877 0.056332 0.047060
0 0.445881 0.399427 0.056433 0.047034
0 0.445866 0.399418 0.056440 0.047036
0 0.445442 0.397432 0.056461 0.047055
0 0.443883 0.397471 0.056452 0.047068
0 0.443468 0.400159 0.055918 0.046602
0 0.443454 0.398198 0.055930 0.046609
0 0.441409 0.398805 0.056364 0.047084
0 0.442521 0.397879 0.056689 0.047462
0 0.440942 0.399818 0.056591 0.047339
0 0.440837 0.398200 0.056600 0.047360
0 0.438124 0.397197 0.056478 0.047183
0 0.434134 0.399673 0.056030 0.046751
0 0.426146 0.401222 0.056215 0.047093
0 0.430154 0.400626 0.056412 0.047067
0 0.421885 0.401542 0.056267 0.046921
0 0.419120 0.402962 0.056518 0.047215
0 0.415196 0.403883 0.056043 0.046778
0 0.410980 0.403819 0.056231 0.046894
0 0.406721 0.405853 0.056281 0.046941
0 0.408779 0.405130 0.056278 0.047108
0 0.406390 0.403934 0.056308 0.046981
0 0.403834 0.401200 0.056342 0.047105
0 0.401362 0.404139 0.056068 0.046780
0 0.398565 0.405596 0.056331 0.046987
0 0.396145 0.403603 0.056161 0.046874
0 0.396936 0.405413 0.056321 0.046959
0 0.394502 0.402073 0.056170 0.046831
0 0.392226 0.404536 0.056380 0.047066
0 0.388240 0.404858 0.056388 0.047178
0 0.385574 0.405285 0.056155 0.047039
0 0.385294 0.405234 0.056256 0.047083
0 0.385756 0.406012 0.055990 0.046693
0 0.383066 0.407223 0.056564 0.047152
0 0.377966 0.412610 0.056380 0.047200
0 0.376994 0.408755 0.056607 0.047264
0 0.375407 0.406167 0.056551 0.047240
0 0.374041 0.407662 0.056410 0.047118
0 0.374328 0.407137 0.056264 0.047112
0 0.372303 0.408476 0.056498 0.047124
0 0.369506 0.407237 0.056280 0.047051
0 0.368785 0.406452 0.056347 0.047048
0 0.368238 0.403042 0.056182 0.047168
0 0.365122 0.407864 0.055857 0.046662
0 0.367138 0.404976 0.056386 0.047215
0 0.365611 0.404945 0.056405 0.047221
0 0.366364 0.401494 0.056241 0.047017
0 0.365932 0.403017 0.056564 0.047302
0 0.365850 0.401147 0.056572 0.047296
0 0.363208 0.402036 0.056130 0.046777
0 0.365134 0.401973 0.055937 0.046731
0 0.360699 0.398239 0.055971 0.046761
0 0.359346 0.396661 0.056322 0.047052
0 0.359125 0.399618 0.055980 0.046844
0 0.359088 0.394264 0.055819 0.046646
0 0.359507 0.400629 0.056381 0.047043
0 0.360126 0.395334 0.056325 0.047161
0 0.360668 0.398510 0.056049 0.046956
0 0.361396 0.396150 0.056398 0.047143
0 0.364495 0.404505 0.056412 0.047115
0 0.364097 0.402719 0.056347 0.047120
0 0.369961 0.407045 0.056144 0.047168
0 0.364949 0.403018 0.056320 0.047263
0 0.390894 0.404181 0.056292 0.046963
0 0.402908 0.396078 0.055840 0.046633
0 0.405207 0.404269 0.056241 0.046914
0 0.419766 0.402920 0.056196 0.047232
0 0.426411 0.398988 0.056220 0.047173
0 0.424734 0.399005 0.056135 0.047203
0 0.429129 0.408483 0.056120 0.047127
0 0.450302 0.403522 0.056271 0.046900
0 0.459691 0.396063 0.056359 0.047108
0 0.460068 0.405745 0.056014 0.046709
0 0.475259 0.403511 0.056290 0.046925
0 0.465404 0.408139 0.055906 0.046810
0 0.484487 0.394674 0.056325 0.046957
0 0.483587 0.402918 0.056367 0.047248
0 0.487908 0.406425 0.056413 0.047027
0 0.496900 0.399133 0.056446 0.047210
0 0.499637 0.401980 0.055829 0.046612
0 0.498153 0.399699 0.055905 0.046719
0 0.507396 0.402858 0.056210 0.047194
0 0.514460 0.399430 0.056498 0.047087
0 0.513746 0.403307 0.056101 0.047027
0 0.513737 0.403296 0.056121 0.047045
0 0.512631 0.402947 0.056579 0.047182
0 0.513667 0.402865 0.056271 0.047168
0 0.511089 0.402781 0.056569 0.047175
0 0.512097 0.401191 0.056282 0.047216
0 0.527142 0.397265 0.056592 0.047283
0 0.539300 0.393375 0.056664 0.047239
0 0.539328 0.393733 0.056728 0.047403
0 0.540096 0.393708 0.056189 0.046945
0 0.536989 0.395102 0.056369 0.047227
0 0.534767 0.397297 0.056862 0.047449
0 0.534716 0.396496 0.057088 0.047852
0 0.541625 0.395028 0.056419 0.047190
0 0.547916 0.394133 0.056250 0.046981
0 0.546203 0.394209 0.056373 0.047111
0 0.545266 0.394259 0.056714 0.047526
0 0.543505 0.394884 0.056416 0.047127
0 0.540192 0.395443 0.056414 0.047159
0 0.541715 0.394076 0.056220 0.046964
0 0.548379 0.393563 0.056549 0.047181
0 0.543681 0.394569 0.056567 0.047267
0 0.551921 0.392537 0.057066 0.047877
0 0.550422 0.395863 0.057020 0.047834
0 0.559312 0.399283 0.056523 0.047110
0 0.569004 0.393011 0.057072 0.047717
0 0.559655 0.393954 0.057199 0.048045
0 0.565119 0.392558 0.056408 0.047090
0 0.548974 0.395971 0.057025 0.047839
0 0.542315 0.397124 0.056924 0.047500
0 0.538699 0.396996 0.056529 0.047278
0 0.531973 0.401568 0.056624 0.047256
0 0.517725 0.406438 0.056823 0.047433
0 0.525231 0.404593 0.056956 0.047547
0 0.505242 0.406178 0.056829 0.047547
0 0.498030 0.406142 0.056222 0.046885
0 0.489541 0.405964 0.056974 0.047768
0 0.477810 0.410470 0.056345 0.047157
0 0.466560 0.421135 0.056254 0.046905
0 0.469836 0.417633 0.056123 0.046805
0 0.464710 0.414317 0.056590 0.047183
0 0.462307 0.409218 0.056374 0.047049
0 0.459585 0.414625 0.056933 0.047518
0 0.456436 0.414712 0.056922 0.047504
0 0.454235 0.410882 0.056458 0.047224
0 0.455752 0.412445 0.056435 0.047180
0 0.452960 0.413437 0.056430 0.047136
0 0.450635 0.413948 0.056771 0.047484
0 0.447763 0.410949 0.056571 0.047316
0 0.446185 0.412421 0.056537 0.047255
0 0.443518 0.413318 0.056270 0.046909
0 0.445080 0.413332 0.056289 0.046918
0 0.440856 0.410868 0.056965 0.047526
0 0.440077 0.411540 0.056334 0.047030
0 0.437470 0.410039 0.056766 0.047518
0 0.434289 0.406745 0.056630 0.047276
0 0.430918 0.410178 0.056235 0.046971
0 0.431528 0.408131 0.056908 0.047604
0 0.428715 0.409295 0.056659 0.047254
0 0.425678 0.407117 0.056705 0.047389
0 0.422101 0.409787 0.057026 0.047789
0 0.421311 0.408140 0.056284 0.046906
0 0.420381 0.400368 0.056855 0.047551
0 0.420699 0.403212 0.056910 0.047439
0 0.417669 0.400379 0.056845 0.047507
0 0.414106 0.388059 0.056755 0.047457
0 0.417660 0.394999 0.056882 0.047504
0 0.410686 0.403710 0.056196 0.046850
0 0.413376 0.402299 0.056351 0.047022
0 0.410416 0.401752 0.056221 0.046901
0 0.413559 0.401751 0.056221 0.046902
0 0.413177 0.404063 0.056624 0.047302
0 0.413178 0.405353 0.056628 0.047241
0 0.411336 0.392734 0.056972 0.047587
0 0.410598 0.392329 0.056292 0.046988
0 0.410894 0.390450 0.056770 0.047522
0 0.408912 0.395233 0.056532 0.047355
0 0.403251 0.390567 0.056849 0.047553
0 0.401069 0.394341 0.056091 0.046775
0 0.396467 0.395782 0.056232 0.046941
0 0.391412 0.409470 0.056376 0.046987
0 0.392998 0.402138 0.056400 0.047083
0 0.386753 0.408925 0.056635 0.047372
0 0.385223 0.403074 0.056574 0.047323
0 0.383647 0.406501 0.056499 0.047171
0 0.380930 0.397629 0.056289 0.046974
0 0.380091 0.404333 0.056939 0.047630
0 0.380807 0.399432 0.056389 0.047142
0 0.378282 0.401799 0.057026 0.047836
0 0.379100 0.385082 0.056418 0.047149
0 0.376405 0.387445 0.056504 0.047145
0 0.372320 0.392010 0.057068 0.047862
0 0.368871 0.391025 0.056919 0.047527
0 0.370243 0.391039 0.056740 0.047325
0 0.366365 0.391104 0.056669 0.047266
0 0.359865 0.394091 0.057288 0.048181
0 0.354034 0.408242 0.056677 0.047391
0 0.351300 0.407413 0.056550 0.047240
0 0.349720 0.398202 0.056456 0.047258
0 0.350542 0.402064 0.057194 0.048081
0 0.345998 0.403544 0.056876 0.047614
0 0.343434 0.406476 0.056406 0.047041
0 0.342202 0.399671 0.057016 0.047821
0 0.339035 0.402132 0.057076 0.047975
0 0.336288 0.404129 0.057451 0.048395
0 0.337875 0.403939 0.057420 0.048356
0 0.334267 0.400209 0.057009 0.047912
0 0.331653 0.400671 0.057194 0.047915
0 0.329087 0.403087 0.056554 0.047158
0 0.326992 0.399704 0.057318 0.048201
0 0.326163 0.399697 0.056465 0.047238
0 0.326178 0.398921 0.056416 0.047027
0 0.321652 0.399451 0.056672 0.047378
0 0.321930 0.399492 0.057400 0.048223
0 0.324947 0.396438 0.057228 0.048148
0 0.326389 0.390853 0.056910 0.047652
0 0.331933 0.385611 0.057266 0.047958
0 0.330356 0.388114 0.057456 0.048402
0 0.329229 0.386877 0.056869 0.047624
0 0.332962 0.386486 0.057768 0.048833
0 0.336099 0.386498 0.057806 0.048878
0 0.338125 0.384034 0.057661 0.048607
0 0.343178 0.380008 0.057297 0.048166
0 0.341552 0.381927 0.057195 0.048029
0 0.341263 0.381935 0.057632 0.048517
0 0.340929 0.379286 0.057746 0.048604
0 0.350100 0.378834 0.057696 0.048765
0 0.364431 0.369596 0.058008 0.048884
0 0.370548 0.366540 0.058180 0.049299
0 0.368257 0.367169 0.057139 0.048078
0 0.379702 0.370096 0.057708 0.048587
0 0.392940 0.365346 0.057487 0.048390
0 0.398175 0.366990 0.057811 0.048973
0 0.417576 0.366307 0.057892 0.048841
0 0.429219 0.362540 0.057614 0.048643
0 0.426505 0.363588 0.057689 0.048622
0 0.428070 0.366449 0.057741 0.048805
0 0.437537 0.370320 0.057950 0.049080
0 0.449543 0.363879 0.056777 0.047531
0 0.450450 0.364519 0.058279 0.049447
0 0.454341 0.368458 0.057633 0.048758
0 0.450980 0.367852 0.057562 0.048492
0 0.457013 0.364425 0.057700 0.048745
0 0.455047 0.366486 0.058589 0.049853
0 0.458121 0.371186 0.058610 0.049855
0 0.461924 0.366836 0.058558 0.049977
0 0.461210 0.366836 0.059057 0.050542
0 0.461566 0.366046 0.058506 0.049572
0 0.459757 0.369892 0.058373 0.049390
0 0.455068 0.367403 0.058455 0.049590
0 0.453468 0.365540 0.058652 0.049785
0 0.453067 0.368392 0.058546 0.049801
0 0.458007 0.366484 0.059178 0.050546
0 0.453321 0.368430 0.059170 0.050539
0 0.463065 0.368451 0.059076 0.050412
0 0.468522 0.367845 0.058539 0.049591
0 0.477089 0.364097 0.059034 0.050204
0 0.477760 0.368286 0.059134 0.050503
0 0.478038 0.369432 0.059385 0.050781
0 0.477413 0.370250 0.058871 0.050217
0 0.485941 0.364071 0.059470 0.050832
0 0.490591 0.364506 0.059378 0.050844
0 0.494845 0.364130 0.058515 0.049692
0 0.499013 0.364165 0.059204 0.050455
0 0.499002 0.366564 0.059222 0.050629
0 0.499625 0.364967 0.059303 0.050879
0 0.497674 0.366987 0.059089 0.050551
