0 0.374219 0.652344 0.039062 0.050781
0 0.374836 0.651676 0.039309 0.051090
0 0.375452 0.651007 0.039556 0.051398
0 0.376069 0.650339 0.039803 0.051706
0 0.376686 0.649671 0.040049 0.052015
0 0.377303 0.649003 0.040296 0.052323
0 0.377919 0.648335 0.040543 0.052632
0 0.378536 0.647667 0.040789 0.052940
0 0.379153 0.646998 0.041036 0.053248
0 0.379770 0.646330 0.041283 0.053557
0 0.380387 0.645662 0.041530 0.053865
0 0.381003 0.644994 0.041776 0.054174
0 0.381620 0.644326 0.042023 0.054482
0 0.382237 0.643657 0.042270 0.054790
0 0.382854 0.642989 0.042516 0.055099
0 0.383470 0.642321 0.042763 0.055407
0 0.384087 0.641653 0.043010 0.055715
0 0.384704 0.640985 0.043257 0.056024
0 0.385321 0.640317 0.043503 0.056332
0 0.385937 0.639648 0.043750 0.056641
0 0.386141 0.638757 0.043614 0.056386
0 0.386345 0.637865 0.043478 0.056131
0 0.386549 0.636974 0.043342 0.055876
0 0.386753 0.636082 0.043207 0.055622
0 0.386957 0.635190 0.043071 0.055367
0 0.387160 0.634299 0.042935 0.055112
0 0.387364 0.633407 0.042799 0.054857
0 0.387568 0.632515 0.042663 0.054603
0 0.387772 0.631624 0.042527 0.054348
0 0.387976 0.630732 0.042391 0.054093
0 0.388179 0.629840 0.042255 0.053838
0 0.388383 0.628949 0.042120 0.053584
0 0.388587 0.628057 0.041984 0.053329
0 0.388791 0.627165 0.041848 0.053074
0 0.388995 0.626274 0.041712 0.052819
0 0.389198 0.625382 0.041576 0.052565
0 0.389402 0.624490 0.041440 0.052310
0 0.389606 0.623599 0.041304 0.052055
0 0.389810 0.622707 0.041168 0.051800
0 0.390014 0.621816 0.041033 0.051546
0 0.390217 0.620924 0.040897 0.051291
0 0.390421 0.620032 0.040761 0.051036
0 0.390625 0.619141 0.040625 0.050781
0 0.391030 0.618200 0.040509 0.050781
0 0.391435 0.617260 0.040394 0.050781
0 0.391840 0.616319 0.040278 0.050781
0 0.392245 0.615379 0.040162 0.050781
0 0.392650 0.614439 0.040046 0.050781
0 0.393056 0.613498 0.039931 0.050781
0 0.393461 0.612558 0.039815 0.050781
0 0.393866 0.611617 0.039699 0.050781
0 0.394271 0.610677 0.039583 0.050781
0 0.394676 0.609737 0.039468 0.050781
0 0.395081 0.608796 0.039352 0.050781
0 0.395486 0.607856 0.039236 0.050781
0 0.395891 0.606916 0.039120 0.050781
0 0.396296 0.605975 0.039005 0.050781
0 0.396701 0.605035 0.038889 0.050781
0 0.397106 0.604094 0.038773 0.050781
0 0.397512 0.603154 0.038657 0.050781
0 0.397917 0.602214 0.038542 0.050781
0 0.398322 0.601273 0.038426 0.050781
0 0.398727 0.600333 0.038310 0.050781
0 0.399132 0.599392 0.038194 0.050781
0 0.399537 0.598452 0.038079 0.050781
0 0.399942 0.597512 0.037963 0.050781
0 0.400347 0.596571 0.037847 0.050781
0 0.400752 0.595631 0.037731 0.050781
0 0.401157 0.594690 0.037616 0.050781
0 0.401562 0.593750 0.037500 0.050781
0 0.402295 0.592529 0.037793 0.051270
0 0.403027 0.591309 0.038086 0.051758
0 0.403760 0.590088 0.038379 0.052246
0 0.404492 0.588867 0.038672 0.052734
0 0.405225 0.587646 0.038965 0.053223
0 0.405957 0.586426 0.039258 0.053711
0 0.406689 0.585205 0.039551 0.054199
0 0.407422 0.583984 0.039844 0.054687
0 0.408154 0.582764 0.040137 0.055176
0 0.408887 0.581543 0.040430 0.055664
0 0.409619 0.580322 0.040723 0.056152
0 0.410352 0.579102 0.041016 0.056641
0 0.411084 0.577881 0.041309 0.057129
0 0.411816 0.576660 0.041602 0.057617
0 0.412549 0.575439 0.041895 0.058105
0 0.413281 0.574219 0.042188 0.058594
0 0.413802 0.573568 0.041771 0.058333
0 0.414323 0.572917 0.041354 0.058073
0 0.414844 0.572266 0.040937 0.057812
0 0.415365 0.571615 0.040521 0.057552
0 0.415885 0.570964 0.040104 0.057292
0 0.416406 0.570312 0.039687 0.057031
0 0.416927 0.569661 0.039271 0.056771
0 0.417448 0.569010 0.038854 0.056510
0 0.417969 0.568359 0.038437 0.056250
0 0.418490 0.567708 0.038021 0.055990
0 0.419010 0.567057 0.037604 0.055729
0 0.419531 0.566406 0.037187 0.055469
0 0.420052 0.565755 0.036771 0.055208
0 0.420573 0.565104 0.036354 0.054948
0 0.421094 0.564453 0.035937 0.054688
0 0.421624 0.563721 0.035937 0.054757
0 0.422154 0.562988 0.035937 0.054827
0 0.422684 0.562256 0.035937 0.054897
0 0.423214 0.561523 0.035937 0.054967
0 0.423744 0.560791 0.035937 0.055036
0 0.424275 0.560059 0.035937 0.055106
0 0.424805 0.559326 0.035937 0.055176
0 0.425335 0.558594 0.035937 0.055246
0 0.425865 0.557861 0.035937 0.055315
0 0.426395 0.557129 0.035937 0.055385
0 0.426925 0.556396 0.035937 0.055455
0 0.427455 0.555664 0.035937 0.055525
0 0.427985 0.554932 0.035937 0.055594
0 0.428516 0.554199 0.035937 0.055664
0 0.429046 0.553467 0.035937 0.055734
0 0.429576 0.552734 0.035937 0.055804
0 0.430106 0.552002 0.035937 0.055873
0 0.430636 0.551270 0.035937 0.055943
0 0.431166 0.550537 0.035937 0.056013
0 0.431696 0.549805 0.035937 0.056083
0 0.432227 0.549072 0.035937 0.056152
0 0.432757 0.548340 0.035937 0.056222
0 0.433287 0.547607 0.035937 0.056292
0 0.433817 0.546875 0.035937 0.056362
0 0.434347 0.546143 0.035937 0.056431
0 0.434877 0.545410 0.035937 0.056501
0 0.435407 0.544678 0.035937 0.056571
0 0.435938 0.543945 0.035937 0.056641
0 0.436468 0.543213 0.035937 0.056710
0 0.436998 0.542480 0.035937 0.056780
0 0.437528 0.541748 0.035937 0.056850
0 0.438058 0.541016 0.035937 0.056920
0 0.438588 0.540283 0.035937 0.056989
0 0.439118 0.539551 0.035937 0.057059
0 0.439648 0.538818 0.035937 0.057129
0 0.440179 0.538086 0.035937 0.057199
0 0.440709 0.537354 0.035937 0.057268
0 0.441239 0.536621 0.035937 0.057338
0 0.441769 0.535889 0.035937 0.057408
0 0.442299 0.535156 0.035937 0.057478
0 0.442829 0.534424 0.035937 0.057547
0 0.443359 0.533691 0.035937 0.057617
0 0.443890 0.532959 0.035937 0.057687
0 0.444420 0.532227 0.035937 0.057757
0 0.444950 0.531494 0.035937 0.057826
0 0.445480 0.530762 0.035937 0.057896
0 0.446010 0.530029 0.035937 0.057966
0 0.446540 0.529297 0.035937 0.058036
0 0.447070 0.528564 0.035937 0.058105
0 0.447600 0.527832 0.035937 0.058175
0 0.448131 0.527100 0.035937 0.058245
0 0.448661 0.526367 0.035937 0.058315
0 0.449191 0.525635 0.035937 0.058384
0 0.449721 0.524902 0.035937 0.058454
0 0.450251 0.524170 0.035937 0.058524
0 0.450781 0.523438 0.035937 0.058594
0 0.451345 0.522733 0.036091 0.058594
0 0.451908 0.522029 0.036245 0.058594
0 0.452472 0.521324 0.036399 0.058594
0 0.453035 0.520620 0.036552 0.058594
0 0.453599 0.519915 0.036706 0.058594
0 0.454162 0.519211 0.036860 0.058594
0 0.454726 0.518507 0.037013 0.058594
0 0.455289 0.517802 0.037167 0.058594
0 0.455853 0.517098 0.037321 0.058594
0 0.456416 0.516393 0.037474 0.058594
0 0.456980 0.515689 0.037628 0.058594
0 0.457544 0.514985 0.037782 0.058594
0 0.458107 0.514280 0.037935 0.058594
0 0.458671 0.513576 0.038089 0.058594
0 0.459234 0.512871 0.038243 0.058594
0 0.459798 0.512167 0.038397 0.058594
0 0.460361 0.511463 0.038550 0.058594
0 0.460925 0.510758 0.038704 0.058594
0 0.461488 0.510054 0.038858 0.058594
0 0.462052 0.509349 0.039011 0.058594
0 0.462615 0.508645 0.039165 0.058594
0 0.463179 0.507941 0.039319 0.058594
0 0.463742 0.507236 0.039472 0.058594
0 0.464306 0.506532 0.039626 0.058594
0 0.464869 0.505827 0.039780 0.058594
0 0.465433 0.505123 0.039933 0.058594
0 0.465996 0.504419 0.040087 0.058594
0 0.466560 0.503714 0.040241 0.058594
0 0.467123 0.503010 0.040394 0.058594
0 0.467687 0.502305 0.040548 0.058594
0 0.468251 0.501601 0.040702 0.058594
0 0.468814 0.500897 0.040856 0.058594
0 0.469378 0.500192 0.041009 0.058594
0 0.469941 0.499488 0.041163 0.058594
0 0.470505 0.498783 0.041317 0.058594
0 0.471068 0.498079 0.041470 0.058594
0 0.471632 0.497374 0.041624 0.058594
0 0.472195 0.496670 0.041778 0.058594
0 0.472759 0.495966 0.041931 0.058594
0 0.473322 0.495261 0.042085 0.058594
0 0.473886 0.494557 0.042239 0.058594
0 0.474449 0.493852 0.042392 0.058594
0 0.475013 0.493148 0.042546 0.058594
0 0.475576 0.492444 0.042700 0.058594
0 0.476140 0.491739 0.042853 0.058594
0 0.476703 0.491035 0.043007 0.058594
0 0.477267 0.490330 0.043161 0.058594
0 0.477830 0.489626 0.043315 0.058594
0 0.478394 0.488922 0.043468 0.058594
0 0.478957 0.488217 0.043622 0.058594
0 0.479521 0.487513 0.043776 0.058594
0 0.480085 0.486808 0.043929 0.058594
0 0.480648 0.486104 0.044083 0.058594
0 0.481212 0.485400 0.044237 0.058594
0 0.481775 0.484695 0.044390 0.058594
0 0.482339 0.483991 0.044544 0.058594
0 0.482902 0.483286 0.044698 0.058594
0 0.483466 0.482582 0.044851 0.058594
0 0.484029 0.481878 0.045005 0.058594
0 0.484593 0.481173 0.045159 0.058594
0 0.485156 0.480469 0.045312 0.058594
0 0.485784 0.479774 0.045280 0.058574
0 0.486413 0.479079 0.045248 0.058553
0 0.487041 0.478385 0.045216 0.058533
0 0.487669 0.477690 0.045184 0.058513
0 0.488297 0.476995 0.045151 0.058493
0 0.488926 0.476301 0.045119 0.058473
0 0.489554 0.475606 0.045087 0.058453
0 0.490182 0.474911 0.045055 0.058433
0 0.490810 0.474217 0.045023 0.058413
0 0.491438 0.473522 0.044990 0.058392
0 0.492067 0.472827 0.044958 0.058372
0 0.492695 0.472133 0.044926 0.058352
0 0.493323 0.471438 0.044894 0.058332
0 0.493951 0.470743 0.044861 0.058312
0 0.494580 0.470049 0.044829 0.058292
0 0.495208 0.469354 0.044797 0.058272
0 0.495836 0.468659 0.044765 0.058251
0 0.496464 0.467965 0.044733 0.058231
0 0.497092 0.467270 0.044700 0.058211
0 0.497721 0.466575 0.044668 0.058191
0 0.498349 0.465881 0.044636 0.058171
0 0.498977 0.465186 0.044604 0.058151
0 0.499605 0.464491 0.044572 0.058131
0 0.500234 0.463797 0.044539 0.058111
0 0.500862 0.463102 0.044507 0.058090
0 0.501490 0.462407 0.044475 0.058070
0 0.502118 0.461713 0.044443 0.058050
0 0.502746 0.461018 0.044410 0.058030
0 0.503375 0.460323 0.044378 0.058010
0 0.504003 0.459629 0.044346 0.057990
0 0.504631 0.458934 0.044314 0.057970
0 0.505259 0.458239 0.044282 0.057949
0 0.505888 0.457545 0.044249 0.057929
0 0.506516 0.456850 0.044217 0.057909
0 0.507144 0.456155 0.044185 0.057889
0 0.507772 0.455461 0.044153 0.057869
0 0.508400 0.454766 0.044120 0.057849
0 0.509029 0.454071 0.044088 0.057829
0 0.509657 0.453377 0.044056 0.057808
0 0.510285 0.452682 0.044024 0.057788
0 0.510913 0.451987 0.043992 0.057768
0 0.511542 0.451293 0.043959 0.057748
0 0.512170 0.450598 0.043927 0.057728
0 0.512798 0.449903 0.043895 0.057708
0 0.513426 0.449209 0.043863 0.057688
0 0.514054 0.448514 0.043831 0.057668
0 0.514683 0.447819 0.043798 0.057647
0 0.515311 0.447125 0.043766 0.057627
0 0.515939 0.446430 0.043734 0.057607
0 0.516567 0.445735 0.043702 0.057587
0 0.517196 0.445041 0.043669 0.057567
0 0.517824 0.444346 0.043637 0.057547
0 0.518452 0.443651 0.043605 0.057527
0 0.519080 0.442957 0.043573 0.057506
0 0.519708 0.442262 0.043541 0.057486
0 0.520337 0.441567 0.043508 0.057466
0 0.520965 0.440873 0.043476 0.057446
0 0.521593 0.440178 0.043444 0.057426
0 0.522221 0.439483 0.043412 0.057406
0 0.522850 0.438789 0.043380 0.057386
0 0.523478 0.438094 0.043347 0.057365
0 0.524106 0.437399 0.043315 0.057345
0 0.524734 0.436705 0.043283 0.057325
0 0.525362 0.436010 0.043251 0.057305
0 0.525991 0.435315 0.043218 0.057285
0 0.526619 0.434621 0.043186 0.057265
0 0.527247 0.433926 0.043154 0.057245
0 0.527875 0.433231 0.043122 0.057225
0 0.528504 0.432537 0.043090 0.057204
0 0.529132 0.431842 0.043057 0.057184
0 0.529760 0.431147 0.043025 0.057164
0 0.530388 0.430453 0.042993 0.057144
0 0.531016 0.429758 0.042961 0.057124
0 0.531645 0.429063 0.042928 0.057104
0 0.532273 0.428369 0.042896 0.057084
0 0.532901 0.427674 0.042864 0.057063
0 0.533529 0.426979 0.042832 0.057043
0 0.534158 0.426285 0.042800 0.057023
0 0.534786 0.425590 0.042767 0.057003
0 0.535414 0.424895 0.042735 0.056983
0 0.536042 0.424201 0.042703 0.056963
0 0.536670 0.423506 0.042671 0.056943
0 0.537299 0.422811 0.042639 0.056923
0 0.537927 0.422117 0.042606 0.056902
0 0.538555 0.421422 0.042574 0.056882
0 0.539183 0.420727 0.042542 0.056862
0 0.539812 0.420033 0.042510 0.056842
0 0.540440 0.419338 0.042477 0.056822
0 0.541068 0.418643 0.042445 0.056802
0 0.541696 0.417949 0.042413 0.056782
0 0.542324 0.417254 0.042381 0.056761
0 0.542953 0.416559 0.042349 0.056741
0 0.543581 0.415865 0.042316 0.056721
0 0.544209 0.415170 0.042284 0.056701
0 0.544837 0.414475 0.042252 0.056681
0 0.545466 0.413781 0.042220 0.056661
0 0.546094 0.413086 0.042188 0.056641
