0 0.480758 0.196598 0.070891 0.080696
0 0.485156 0.196289 0.079687 0.080078
0 0.486719 0.195312 0.076563 0.082031
0 0.489063 0.201172 0.081250 0.093750
0 0.486719 0.200195 0.085938 0.095703
0 0.480469 0.200195 0.073438 0.095703
0 0.482812 0.200195 0.068750 0.095703
0 0.484375 0.194336 0.071875 0.083984
0 0.480469 0.190430 0.079687 0.091797
0 0.471094 0.184570 0.060937 0.080078
0 0.467969 0.182617 0.067187 0.080078
0 0.465625 0.183594 0.062500 0.082031
0 0.467187 0.181641 0.059375 0.085938
0 0.471094 0.180664 0.067187 0.083984
0 0.471875 0.184570 0.065625 0.076172
0 0.467969 0.182617 0.057813 0.072266
0 0.468750 0.179688 0.056250 0.078125
0 0.470312 0.182617 0.059375 0.083984
0 0.464844 0.177734 0.070312 0.089844
0 0.464062 0.176758 0.068750 0.087891
0 0.464844 0.176758 0.067187 0.087891
0 0.464844 0.174805 0.067187 0.083984
0 0.464844 0.176758 0.067187 0.080078
0 0.464063 0.177734 0.065625 0.082031
0 0.462500 0.172852 0.068750 0.091797
0 0.465625 0.172852 0.071875 0.091797
0 0.466406 0.176758 0.070312 0.083984
0 0.455469 0.166016 0.048438 0.062500
0 0.453125 0.164062 0.053125 0.066406
0 0.452344 0.163086 0.051562 0.064453
0 0.449219 0.160156 0.057813 0.070312
0 0.449219 0.160156 0.057813 0.070312
0 0.450000 0.163086 0.056250 0.064453
0 0.448437 0.162109 0.053125 0.062500
0 0.448437 0.160156 0.053125 0.066406
0 0.449219 0.159180 0.054688 0.064453
0 0.444531 0.152344 0.064062 0.078125
0 0.445312 0.153320 0.065625 0.080078
0 0.442969 0.160156 0.070312 0.066406
0 0.440625 0.159180 0.065625 0.064453
0 0.445312 0.157227 0.056250 0.068359
0 0.446094 0.155273 0.057813 0.064453
0 0.443750 0.152344 0.062500 0.070312
0 0.442969 0.152344 0.060937 0.070312
0 0.440625 0.153320 0.065625 0.068359
0 0.439844 0.151367 0.064062 0.064453
0 0.442969 0.148438 0.057813 0.070312
0 0.444531 0.152344 0.060937 0.078125
0 0.441406 0.154297 0.067187 0.074219
0 0.441406 0.156250 0.067187 0.078125
0 0.439063 0.149414 0.071875 0.091797
0 0.438281 0.146484 0.070312 0.085938
0 0.438281 0.151367 0.070312 0.076172
0 0.438281 0.149414 0.070312 0.072266
0 0.441406 0.154297 0.064062 0.062500
0 0.436719 0.147461 0.064062 0.076172
0 0.436719 0.146484 0.064062 0.078125
0 0.434375 0.144531 0.059375 0.074219
0 0.431250 0.145508 0.065625 0.072266
0 0.431250 0.143555 0.065625 0.068359
0 0.427344 0.138672 0.073438 0.078125
0 0.419531 0.130859 0.057813 0.062500
0 0.421875 0.131836 0.053125 0.060547
0 0.421875 0.134766 0.053125 0.066406
0 0.418750 0.128906 0.059375 0.078125
0 0.420312 0.127930 0.062500 0.076172
0 0.412500 0.125977 0.078125 0.080078
0 0.409375 0.124023 0.071875 0.076172
0 0.411719 0.125977 0.067187 0.072266
0 0.413281 0.125000 0.070312 0.070312
0 0.412500 0.119141 0.071875 0.082031
0 0.411719 0.117188 0.070312 0.078125
0 0.410938 0.122070 0.071875 0.068359
0 0.409375 0.122070 0.068750 0.068359
0 0.411719 0.125977 0.064062 0.060547
0 0.410156 0.124023 0.060937 0.056641
0 0.405469 0.120117 0.070312 0.064453
0 0.410938 0.125977 0.081250 0.076172
0 0.411719 0.122070 0.079687 0.083984
0 0.410938 0.123047 0.078125 0.085938
0 0.410938 0.119141 0.078125 0.085938
0 0.412500 0.116211 0.090625 0.087891
0 0.411719 0.117188 0.076563 0.082031
0 0.409375 0.119141 0.078125 0.082031
0 0.406250 0.116211 0.106250 0.107422
0 0.407977 0.110365 0.078125 0.072266
0 0.402398 0.111617 0.082812 0.074219
0 0.406481 0.111883 0.082812 0.076172
0 0.404894 0.108665 0.084375 0.078125
0 0.403605 0.104589 0.085938 0.078125
0 0.397478 0.105234 0.084375 0.078125
0 0.397977 0.102001 0.085938 0.078125
0 0.402552 0.109115 0.085938 0.078125
0 0.397096 0.102809 0.087500 0.080078
0 0.401449 0.103882 0.087500 0.080078
0 0.395937 0.101407 0.089063 0.082031
0 0.393174 0.094844 0.089063 0.082031
0 0.394644 0.094391 0.089063 0.080078
0 0.385190 0.095772 0.089063 0.080078
0 0.376846 0.089014 0.089881 0.082318
0 0.376804 0.088900 0.090151 0.082619
0 0.376538 0.088620 0.090895 0.083322
0 0.376273 0.088263 0.091843 0.084302
0 0.376161 0.088087 0.092195 0.084691
0 0.375794 0.087731 0.092923 0.085234
0 0.375607 0.087596 0.093301 0.085543
0 0.375593 0.087461 0.092052 0.084033
0 0.375374 0.087108 0.093278 0.085226
0 0.375155 0.086144 0.094550 0.086509
0 0.374264 0.087009 0.095483 0.086823
0 0.373016 0.087743 0.096730 0.088171
0 0.373127 0.084942 0.099657 0.091096
0 0.372561 0.084566 0.101250 0.092241
0 0.372561 0.084566 0.101250 0.092240
0 0.371875 0.083984 0.103125 0.093750
0 0.465544 0.745227 0.061300 0.067690
0 0.463683 0.743679 0.061407 0.067823
0 0.462115 0.742596 0.061531 0.068021
0 0.460805 0.741629 0.061399 0.067826
0 0.459283 0.740891 0.061238 0.067625
0 0.457844 0.740048 0.060895 0.067150
0 0.455878 0.738414 0.061240 0.067622
0 0.454614 0.737755 0.061234 0.067656
0 0.453089 0.736928 0.061006 0.067326
0 0.451871 0.735893 0.060925 0.067225
0 0.449102 0.734458 0.061141 0.067553
0 0.447894 0.733953 0.061036 0.067332
0 0.446340 0.732979 0.061073 0.067395
0 0.445496 0.732099 0.061868 0.068451
0 0.445408 0.731941 0.061664 0.068169
0 0.442151 0.730416 0.061525 0.067996
0 0.439290 0.729039 0.061399 0.067881
0 0.439216 0.729039 0.061440 0.067927
0 0.436421 0.727676 0.061434 0.067970
0 0.435069 0.727086 0.061489 0.068023
0 0.433406 0.726180 0.061533 0.068001
0 0.431469 0.724554 0.061542 0.068070
0 0.428777 0.723929 0.061716 0.068257
0 0.428355 0.722779 0.061534 0.068045
0 0.427002 0.721891 0.061139 0.067510
0 0.424911 0.720632 0.061650 0.068175
0 0.422426 0.719838 0.061060 0.067414
0 0.421106 0.718929 0.061551 0.068088
0 0.419920 0.718297 0.061684 0.068183
0 0.417811 0.717749 0.061614 0.068120
0 0.416423 0.717525 0.061705 0.068183
0 0.414527 0.716498 0.061856 0.068178
0 0.412872 0.716275 0.062142 0.068542
0 0.411516 0.715246 0.062264 0.068836
0 0.409973 0.715150 0.062506 0.069141
0 0.407020 0.713885 0.061940 0.068351
0 0.406491 0.713657 0.061890 0.068268
0 0.404115 0.712587 0.062344 0.068831
0 0.402543 0.712545 0.062471 0.068992
0 0.400988 0.711215 0.062116 0.068579
0 0.399392 0.711102 0.062383 0.068951
0 0.397569 0.710678 0.062856 0.069527
0 0.395827 0.710576 0.063060 0.069812
0 0.394287 0.709155 0.062814 0.069528
0 0.393554 0.708810 0.062533 0.069113
0 0.390681 0.708312 0.062173 0.068622
0 0.388934 0.707544 0.062280 0.068864
0 0.387290 0.707014 0.062856 0.069550
0 0.385658 0.705592 0.061959 0.068440
0 0.385145 0.705560 0.062090 0.068597
0 0.382088 0.705286 0.062749 0.069451
0 0.380378 0.703822 0.061913 0.068358
0 0.378733 0.703562 0.062257 0.068874
0 0.377262 0.703523 0.062503 0.069144
0 0.375645 0.702060 0.062426 0.069063
0 0.374116 0.701915 0.062487 0.069153
0 0.372692 0.701517 0.062769 0.069502
0 0.371139 0.701116 0.062821 0.069569
0 0.370249 0.700882 0.062767 0.069527
0 0.369038 0.699940 0.062590 0.069303
0 0.366684 0.699291 0.062581 0.069122
0 0.366028 0.698852 0.062971 0.069586
0 0.364486 0.698483 0.063428 0.070168
0 0.362997 0.698224 0.063381 0.070036
0 0.361159 0.697640 0.062967 0.069344
0 0.359324 0.696844 0.063694 0.070375
0 0.357732 0.696595 0.063841 0.070546
0 0.356186 0.696123 0.063499 0.070101
0 0.353085 0.694346 0.062913 0.069373
0 0.351857 0.694310 0.063167 0.069655
0 0.351150 0.694190 0.063390 0.069960
0 0.349645 0.694102 0.063348 0.069912
0 0.348253 0.693667 0.063395 0.069979
0 0.347336 0.693217 0.063740 0.070377
0 0.346902 0.692597 0.063730 0.070258
0 0.345910 0.692198 0.063989 0.070574
0 0.345629 0.691942 0.063850 0.070411
0 0.344684 0.691812 0.064346 0.070941
0 0.343188 0.691127 0.065342 0.072182
0 0.341895 0.690670 0.065437 0.072117
0 0.341263 0.690378 0.065318 0.071899
0 0.339833 0.690147 0.065630 0.072171
0 0.339484 0.689963 0.065719 0.072280
0 0.338059 0.689592 0.065887 0.072416
0 0.336434 0.688908 0.066181 0.072865
0 0.334603 0.688391 0.065744 0.072221
0 0.334592 0.688354 0.065612 0.072057
0 0.333191 0.688282 0.065801 0.072242
0 0.331674 0.688137 0.066049 0.072502
0 0.329839 0.687521 0.066530 0.073033
0 0.329099 0.687234 0.066875 0.073375
0 0.326880 0.686447 0.066487 0.072748
0 0.326621 0.686319 0.066919 0.073283
0 0.325739 0.686034 0.066916 0.073236
0 0.324792 0.685974 0.067377 0.073700
0 0.321102 0.684771 0.067145 0.073582
0 0.320885 0.684715 0.067120 0.073533
0 0.319322 0.684537 0.067123 0.073440
0 0.317629 0.684331 0.067122 0.073336
0 0.317295 0.684097 0.067386 0.073650
0 0.316164 0.683376 0.068041 0.074399
0 0.315257 0.683023 0.067939 0.074347
0 0.314818 0.682931 0.068057 0.074474
0 0.314332 0.682797 0.067858 0.074148
0 0.312595 0.682287 0.068175 0.074477
0 0.311583 0.682203 0.068477 0.074752
0 0.310246 0.681817 0.068802 0.075069
0 0.308743 0.681763 0.069366 0.075628
0 0.307227 0.681494 0.070028 0.076253
0 0.306939 0.681270 0.070461 0.076811
0 0.305799 0.681077 0.070736 0.076910
0 0.304856 0.680481 0.069787 0.075887
0 0.303290 0.679871 0.070031 0.076001
0 0.302259 0.679671 0.071140 0.077200
0 0.300445 0.678823 0.071433 0.077435
0 0.299195 0.678521 0.071548 0.077363
0 0.299106 0.678420 0.072042 0.077867
0 0.297467 0.678298 0.072965 0.078844
0 0.296162 0.678041 0.073632 0.079524
0 0.295127 0.677951 0.074296 0.080242
0 0.294733 0.677788 0.074326 0.080233
0 0.292120 0.677274 0.075127 0.081075
0 0.292180 0.677136 0.075698 0.081687
0 0.290351 0.676812 0.075928 0.081811
0 0.289560 0.676667 0.076448 0.082501
0 0.287828 0.676134 0.076615 0.082557
0 0.286577 0.676014 0.077193 0.083127
0 0.285657 0.675433 0.077220 0.083385
0 0.283915 0.674975 0.076558 0.082533
0 0.282845 0.674924 0.076916 0.082931
0 0.282296 0.674754 0.077402 0.083478
0 0.281294 0.674505 0.077603 0.083571
0 0.280735 0.674391 0.077835 0.083840
0 0.279302 0.674049 0.078680 0.084797
0 0.278536 0.673929 0.079589 0.085847
0 0.277497 0.673798 0.080365 0.086700
0 0.276624 0.673448 0.082990 0.089420
0 0.275446 0.673180 0.084727 0.091283
0 0.274288 0.672560 0.086484 0.093095
0 0.274398 0.672329 0.087503 0.094148
0 0.273000 0.671939 0.090072 0.096929
0 0.271437 0.671807 0.089682 0.096563
0 0.270219 0.671748 0.091530 0.098555
0 0.269067 0.671625 0.093510 0.100677
0 0.269156 0.671050 0.097393 0.105041
0 0.268666 0.670500 0.102481 0.110722
0 0.265219 0.670607 0.099068 0.106953
0 0.262356 0.669239 0.091599 0.098609
0 0.262100 0.669441 0.090430 0.097214
0 0.258899 0.669598 0.090193 0.097094
0 0.258921 0.669560 0.090199 0.097081
0 0.257767 0.669033 0.091682 0.098566
0 0.256379 0.669032 0.092392 0.099381
0 0.244973 0.666939 0.096196 0.103410
0 0.272442 0.287922 0.090498 0.113123
0 0.272443 0.287921 0.090495 0.113119
0 0.272470 0.287976 0.090635 0.113294
0 0.272556 0.287985 0.090690 0.113363
0 0.272531 0.288290 0.091345 0.114181
0 0.272490 0.288288 0.091626 0.114533
0 0.272511 0.288360 0.091558 0.114448
0 0.272514 0.288388 0.091539 0.114424
0 0.272519 0.288520 0.091490 0.114363
0 0.272469 0.288503 0.091826 0.114783
0 0.272601 0.289167 0.091294 0.114117
0 0.272584 0.289348 0.091249 0.114062
0 0.272685 0.289391 0.091050 0.113812
0 0.272700 0.289499 0.090678 0.113348
0 0.272768 0.289648 0.090707 0.113384
0 0.272799 0.289687 0.090644 0.113305
0 0.272818 0.289707 0.090543 0.113179
0 0.272918 0.290330 0.090391 0.112989
0 0.273201 0.290717 0.090447 0.113059
0 0.273157 0.290782 0.090208 0.112760
0 0.273174 0.290836 0.090127 0.112659
0 0.273167 0.291042 0.090032 0.112540
0 0.273162 0.291387 0.090795 0.113493
0 0.273217 0.291601 0.090539 0.113173
0 0.273228 0.291664 0.090673 0.113341
0 0.273240 0.291712 0.090598 0.113248
0 0.273293 0.292027 0.091337 0.114172
0 0.273225 0.292140 0.091282 0.114103
0 0.273221 0.292120 0.091250 0.114062
0 0.273480 0.292533 0.090453 0.113066
0 0.273505 0.292675 0.090458 0.113072
0 0.273222 0.292533 0.091579 0.114474
0 0.273235 0.292513 0.091326 0.114157
0 0.273346 0.292740 0.090826 0.113532
0 0.273608 0.293078 0.089934 0.112418
0 0.273505 0.293094 0.089439 0.111798
0 0.273515 0.293125 0.089469 0.111836
0 0.273802 0.293741 0.089809 0.112261
0 0.273872 0.293909 0.089481 0.111852
0 0.273786 0.293997 0.089361 0.111701
0 0.273704 0.294170 0.089298 0.111622
0 0.273721 0.294411 0.089867 0.112333
0 0.274158 0.294731 0.088129 0.110162
0 0.274171 0.294765 0.088118 0.110148
0 0.274168 0.294782 0.088171 0.110214
0 0.274153 0.294936 0.088576 0.110720
0 0.274059 0.294979 0.088387 0.110484
0 0.274093 0.295207 0.088175 0.110218
0 0.274192 0.295279 0.087752 0.109690
0 0.274139 0.295501 0.088261 0.110326
0 0.274191 0.295556 0.088107 0.110134
0 0.274842 0.296309 0.085959 0.107449
0 0.274876 0.296358 0.086041 0.107551
0 0.274887 0.296386 0.085906 0.107383
0 0.275051 0.296804 0.084672 0.105840
0 0.275018 0.296706 0.084462 0.105577
0 0.275011 0.296703 0.084485 0.105606
0 0.275016 0.296763 0.084545 0.105681
0 0.275000 0.296875 0.084375 0.105469
