0 0.560937 0.490234 0.040625 0.050781
0 0.561821 0.489767 0.040670 0.050866
0 0.562704 0.489300 0.040716 0.050951
0 0.563587 0.488833 0.040761 0.051036
0 0.564470 0.488366 0.040806 0.051121
0 0.565353 0.487899 0.040851 0.051206
0 0.566236 0.487432 0.040897 0.051291
0 0.567120 0.486965 0.040942 0.051376
0 0.568003 0.486498 0.040987 0.051461
0 0.568886 0.486031 0.041033 0.051546
0 0.569769 0.485564 0.041078 0.051630
0 0.570652 0.485097 0.041123 0.051715
0 0.571535 0.484630 0.041168 0.051800
0 0.572418 0.484163 0.041214 0.051885
0 0.573302 0.483696 0.041259 0.051970
0 0.574185 0.483229 0.041304 0.052055
0 0.575068 0.482762 0.041350 0.052140
0 0.575951 0.482294 0.041395 0.052225
0 0.576834 0.481827 0.041440 0.052310
0 0.577717 0.481360 0.041486 0.052395
0 0.578601 0.480893 0.041531 0.052480
0 0.579484 0.480426 0.041576 0.052565
0 0.580367 0.479959 0.041621 0.052649
0 0.581250 0.479492 0.041667 0.052734
0 0.582133 0.479025 0.041712 0.052819
0 0.583016 0.478558 0.041757 0.052904
0 0.583899 0.478091 0.041803 0.052989
0 0.584783 0.477624 0.041848 0.053074
0 0.585666 0.477157 0.041893 0.053159
0 0.586549 0.476690 0.041938 0.053244
0 0.587432 0.476223 0.041984 0.053329
0 0.588315 0.475756 0.042029 0.053414
0 0.589198 0.475289 0.042074 0.053499
0 0.590082 0.474822 0.042120 0.053584
0 0.590965 0.474355 0.042165 0.053668
0 0.591848 0.473888 0.042210 0.053753
0 0.592731 0.473421 0.042255 0.053838
0 0.593614 0.472953 0.042301 0.053923
0 0.594497 0.472486 0.042346 0.054008
0 0.595380 0.472019 0.042391 0.054093
0 0.596264 0.471552 0.042437 0.054178
0 0.597147 0.471085 0.042482 0.054263
0 0.598030 0.470618 0.042527 0.054348
0 0.598913 0.470151 0.042572 0.054433
0 0.599796 0.469684 0.042618 0.054518
0 0.600679 0.469217 0.042663 0.054603
0 0.601563 0.468750 0.042708 0.054688
0 0.602446 0.468283 0.042754 0.054772
0 0.603329 0.467816 0.042799 0.054857
0 0.604212 0.467349 0.042844 0.054942
0 0.605095 0.466882 0.042889 0.055027
0 0.605978 0.466415 0.042935 0.055112
0 0.606861 0.465948 0.042980 0.055197
0 0.607745 0.465481 0.043025 0.055282
0 0.608628 0.465014 0.043071 0.055367
0 0.609511 0.464547 0.043116 0.055452
0 0.610394 0.464079 0.043161 0.055537
0 0.611277 0.463612 0.043207 0.055622
0 0.612160 0.463145 0.043252 0.055707
0 0.613043 0.462678 0.043297 0.055791
0 0.613927 0.462211 0.043342 0.055876
0 0.614810 0.461744 0.043388 0.055961
0 0.615693 0.461277 0.043433 0.056046
0 0.616576 0.460810 0.043478 0.056131
0 0.617459 0.460343 0.043524 0.056216
0 0.618342 0.459876 0.043569 0.056301
0 0.619226 0.459409 0.043614 0.056386
0 0.620109 0.458942 0.043659 0.056471
0 0.620992 0.458475 0.043705 0.056556
0 0.621875 0.458008 0.043750 0.056641
0 0.622750 0.457549 0.043731 0.056711
0 0.623626 0.457090 0.043712 0.056782
0 0.624501 0.456631 0.043694 0.056852
0 0.625377 0.456172 0.043675 0.056923
0 0.626252 0.455713 0.043656 0.056994
0 0.627127 0.455255 0.043637 0.057064
0 0.628003 0.454796 0.043618 0.057135
0 0.628878 0.454337 0.043599 0.057205
0 0.629753 0.453878 0.043581 0.057276
0 0.630629 0.453419 0.043562 0.057347
0 0.631504 0.452960 0.043543 0.057417
0 0.632380 0.452501 0.043524 0.057488
0 0.633255 0.452043 0.043505 0.057558
0 0.634130 0.451584 0.043486 0.057629
0 0.635006 0.451125 0.043468 0.057700
0 0.635881 0.450666 0.043449 0.057770
0 0.636756 0.450207 0.043430 0.057841
0 0.637632 0.449748 0.043411 0.057911
0 0.638507 0.449289 0.043392 0.057982
0 0.639383 0.448830 0.043373 0.058053
0 0.640258 0.448372 0.043355 0.058123
0 0.641133 0.447913 0.043336 0.058194
0 0.642009 0.447454 0.043317 0.058264
0 0.642884 0.446995 0.043298 0.058335
0 0.643759 0.446536 0.043279 0.058405
0 0.644635 0.446077 0.043261 0.058476
0 0.645510 0.445618 0.043242 0.058547
0 0.646386 0.445160 0.043223 0.058617
0 0.647261 0.444701 0.043204 0.058688
0 0.648136 0.444242 0.043185 0.058758
0 0.649012 0.443783 0.043166 0.058829
0 0.649887 0.443324 0.043148 0.058900
0 0.650762 0.442865 0.043129 0.058970
0 0.651638 0.442406 0.043110 0.059041
0 0.652513 0.441947 0.043091 0.059111
0 0.653389 0.441489 0.043072 0.059182
0 0.654264 0.441030 0.043053 0.059253
0 0.655139 0.440571 0.043035 0.059323
0 0.656015 0.440112 0.043016 0.059394
0 0.656890 0.439653 0.042997 0.059464
0 0.657765 0.439194 0.042978 0.059535
0 0.658641 0.438735 0.042959 0.059606
0 0.659516 0.438277 0.042941 0.059676
0 0.660392 0.437818 0.042922 0.059747
0 0.661267 0.437359 0.042903 0.059817
0 0.662142 0.436900 0.042884 0.059888
0 0.663018 0.436441 0.042865 0.059959
0 0.663893 0.435982 0.042846 0.060029
0 0.664768 0.435523 0.042828 0.060100
0 0.665644 0.435064 0.042809 0.060170
0 0.666519 0.434606 0.042790 0.060241
0 0.667395 0.434147 0.042771 0.060312
0 0.668270 0.433688 0.042752 0.060382
0 0.669145 0.433229 0.042733 0.060453
0 0.670021 0.432770 0.042715 0.060523
0 0.670896 0.432311 0.042696 0.060594
0 0.671771 0.431852 0.042677 0.060665
0 0.672647 0.431394 0.042658 0.060735
0 0.673522 0.430935 0.042639 0.060806
0 0.674398 0.430476 0.042620 0.060876
0 0.675273 0.430017 0.042602 0.060947
0 0.676148 0.429558 0.042583 0.061018
0 0.677024 0.429099 0.042564 0.061088
0 0.677899 0.428640 0.042545 0.061159
0 0.678774 0.428181 0.042526 0.061229
0 0.679650 0.427723 0.042508 0.061300
0 0.680525 0.427264 0.042489 0.061370
0 0.681401 0.426805 0.042470 0.061441
0 0.682276 0.426346 0.042451 0.061512
0 0.683151 0.425887 0.042432 0.061582
0 0.684027 0.425428 0.042413 0.061653
0 0.684902 0.424969 0.042395 0.061723
0 0.685777 0.424511 0.042376 0.061794
0 0.686653 0.424052 0.042357 0.061865
0 0.687528 0.423593 0.042338 0.061935
0 0.688404 0.423134 0.042319 0.062006
0 0.689279 0.422675 0.042300 0.062076
0 0.690154 0.422216 0.042282 0.062147
0 0.691030 0.421757 0.042263 0.062218
0 0.691905 0.421298 0.042244 0.062288
0 0.692780 0.420840 0.042225 0.062359
0 0.693656 0.420381 0.042206 0.062429
0 0.694531 0.419922 0.042188 0.062500
0 0.695395 0.419442 0.042050 0.062157
0 0.696258 0.418962 0.041913 0.061815
0 0.697122 0.418483 0.041776 0.061472
0 0.697985 0.418003 0.041639 0.061129
0 0.698849 0.417523 0.041502 0.060787
0 0.699712 0.417044 0.041365 0.060444
0 0.700576 0.416564 0.041228 0.060101
0 0.701439 0.416084 0.041091 0.059759
0 0.702303 0.415604 0.040954 0.059416
0 0.703166 0.415125 0.040817 0.059073
0 0.704030 0.414645 0.040680 0.058731
0 0.704893 0.414165 0.040543 0.058388
0 0.705757 0.413686 0.040406 0.058046
0 0.706620 0.413206 0.040269 0.057703
0 0.707484 0.412726 0.040132 0.057360
0 0.708347 0.412246 0.039995 0.057018
0 0.709211 0.411767 0.039857 0.056675
0 0.710074 0.411287 0.039720 0.056332
0 0.710938 0.410807 0.039583 0.055990
0 0.711801 0.410328 0.039446 0.055647
0 0.712664 0.409848 0.039309 0.055304
0 0.713528 0.409368 0.039172 0.054962
0 0.714391 0.408888 0.039035 0.054619
0 0.715255 0.408409 0.038898 0.054276
0 0.716118 0.407929 0.038761 0.053934
0 0.716982 0.407449 0.038624 0.053591
0 0.717845 0.406970 0.038487 0.053248
0 0.718709 0.406490 0.038350 0.052906
0 0.719572 0.406010 0.038213 0.052563
0 0.720436 0.405530 0.038076 0.052220
0 0.721299 0.405051 0.037939 0.051878
0 0.722163 0.404571 0.037802 0.051535
0 0.723026 0.404091 0.037664 0.051192
0 0.723890 0.403612 0.037527 0.050850
0 0.724753 0.403132 0.037390 0.050507
0 0.725617 0.402652 0.037253 0.050164
0 0.726480 0.402172 0.037116 0.049822
0 0.727344 0.401693 0.036979 0.049479
0 0.728207 0.401213 0.036842 0.049137
0 0.729071 0.400733 0.036705 0.048794
0 0.729934 0.400254 0.036568 0.048451
0 0.730798 0.399774 0.036431 0.048109
0 0.731661 0.399294 0.036294 0.047766
0 0.732525 0.398814 0.036157 0.047423
0 0.733388 0.398335 0.036020 0.047081
0 0.734252 0.397855 0.035883 0.046738
0 0.735115 0.397375 0.035746 0.046395
0 0.735979 0.396896 0.035609 0.046053
0 0.736842 0.396416 0.035471 0.045710
0 0.737706 0.395936 0.035334 0.045367
0 0.738569 0.395456 0.035197 0.045025
0 0.739433 0.394977 0.035060 0.044682
0 0.740296 0.394497 0.034923 0.044339
0 0.741160 0.394017 0.034786 0.043997
0 0.742023 0.393538 0.034649 0.043654
0 0.742887 0.393058 0.034512 0.043311
0 0.743750 0.392578 0.034375 0.042969
0 0.744640 0.392085 0.034390 0.043104
0 0.745529 0.391592 0.034406 0.043239
0 0.746419 0.391099 0.034421 0.043375
0 0.747308 0.390606 0.034437 0.043510
0 0.748198 0.390113 0.034452 0.043646
0 0.749087 0.389619 0.034468 0.043781
0 0.749977 0.389126 0.034483 0.043916
0 0.750866 0.388633 0.034499 0.044052
0 0.751756 0.388140 0.034514 0.044187
0 0.752645 0.387647 0.034530 0.044322
0 0.753535 0.387154 0.034545 0.044458
0 0.754425 0.386661 0.034561 0.044593
0 0.755314 0.386168 0.034576 0.044728
0 0.756204 0.385675 0.034592 0.044864
0 0.757093 0.385181 0.034607 0.044999
0 0.757983 0.384688 0.034623 0.045135
0 0.758872 0.384195 0.034638 0.045270
0 0.759762 0.383702 0.034653 0.045405
0 0.760651 0.383209 0.034669 0.045541
0 0.761541 0.382716 0.034684 0.045676
0 0.762430 0.382223 0.034700 0.045811
0 0.763320 0.381730 0.034715 0.045947
0 0.764209 0.381236 0.034731 0.046082
0 0.765099 0.380743 0.034746 0.046218
0 0.765989 0.380250 0.034762 0.046353
0 0.766878 0.379757 0.034777 0.046488
0 0.767768 0.379264 0.034793 0.046624
0 0.768657 0.378771 0.034808 0.046759
0 0.769547 0.378278 0.034824 0.046894
0 0.770436 0.377785 0.034839 0.047030
0 0.771326 0.377292 0.034855 0.047165
0 0.772215 0.376798 0.034870 0.047300
0 0.773105 0.376305 0.034886 0.047436
0 0.773994 0.375812 0.034901 0.047571
0 0.774884 0.375319 0.034916 0.047707
0 0.775774 0.374826 0.034932 0.047842
0 0.776663 0.374333 0.034947 0.047977
0 0.777553 0.373840 0.034963 0.048113
0 0.778442 0.373347 0.034978 0.048248
0 0.779332 0.372853 0.034994 0.048383
0 0.780221 0.372360 0.035009 0.048519
0 0.781111 0.371867 0.035025 0.048654
0 0.782000 0.371374 0.035040 0.048789
0 0.782890 0.370881 0.035056 0.048925
0 0.783779 0.370388 0.035071 0.049060
0 0.784669 0.369895 0.035087 0.049196
0 0.785558 0.369402 0.035102 0.049331
0 0.786448 0.368909 0.035118 0.049466
0 0.787338 0.368415 0.035133 0.049602
0 0.788227 0.367922 0.035149 0.049737
0 0.789117 0.367429 0.035164 0.049872
0 0.790006 0.366936 0.035179 0.050008
0 0.790896 0.366443 0.035195 0.050143
0 0.791785 0.365950 0.035210 0.050278
0 0.792675 0.365457 0.035226 0.050414
0 0.793564 0.364964 0.035241 0.050549
0 0.794454 0.364471 0.035257 0.050685
0 0.795343 0.363977 0.035272 0.050820
0 0.796233 0.363484 0.035288 0.050955
0 0.797123 0.362991 0.035303 0.051091
0 0.798012 0.362498 0.035319 0.051226
0 0.798902 0.362005 0.035334 0.051361
0 0.799791 0.361512 0.035350 0.051497
0 0.800681 0.361019 0.035365 0.051632
0 0.801570 0.360526 0.035381 0.051767
0 0.802460 0.360032 0.035396 0.051903
0 0.803349 0.359539 0.035412 0.052038
0 0.804239 0.359046 0.035427 0.052174
0 0.805128 0.358553 0.035442 0.052309
0 0.806018 0.358060 0.035458 0.052444
0 0.806907 0.357567 0.035473 0.052580
0 0.807797 0.357074 0.035489 0.052715
0 0.808687 0.356581 0.035504 0.052850
0 0.809576 0.356088 0.035520 0.052986
0 0.810466 0.355594 0.035535 0.053121
0 0.811355 0.355101 0.035551 0.053256
0 0.812245 0.354608 0.035566 0.053392
0 0.813134 0.354115 0.035582 0.053527
0 0.814024 0.353622 0.035597 0.053663
0 0.814913 0.353129 0.035613 0.053798
0 0.815803 0.352636 0.035628 0.053933
0 0.816692 0.352143 0.035644 0.054069
0 0.817582 0.351650 0.035659 0.054204
0 0.818472 0.351156 0.035675 0.054339
0 0.819361 0.350663 0.035690 0.054475
0 0.820251 0.350170 0.035705 0.054610
0 0.821140 0.349677 0.035721 0.054746
0 0.822030 0.349184 0.035736 0.054881
0 0.822919 0.348691 0.035752 0.055016
0 0.823809 0.348198 0.035767 0.055152
0 0.824698 0.347705 0.035783 0.055287
0 0.825588 0.347211 0.035798 0.055422
0 0.826477 0.346718 0.035814 0.055558
0 0.827367 0.346225 0.035829 0.055693
0 0.828256 0.345732 0.035845 0.055828
0 0.829146 0.345239 0.035860 0.055964
0 0.830036 0.344746 0.035876 0.056099
0 0.830925 0.344253 0.035891 0.056235
0 0.831815 0.343760 0.035907 0.056370
0 0.832704 0.343267 0.035922 0.056505
0 0.833594 0.342773 0.035937 0.056641
