0 0.464056 0.603965 0.131236 0.118085
0 0.464870 0.604537 0.131321 0.118131
0 0.465684 0.605109 0.131406 0.118176
0 0.466498 0.605681 0.131491 0.118222
0 0.467312 0.606253 0.131576 0.118267
0 0.468126 0.606825 0.131661 0.118313
0 0.468940 0.607397 0.131746 0.118358
0 0.469754 0.607969 0.131831 0.118404
0 0.470568 0.608541 0.131917 0.118449
0 0.471382 0.609113 0.132002 0.118495
0 0.472196 0.609685 0.132087 0.118540
0 0.473010 0.610257 0.132172 0.118586
0 0.473824 0.610829 0.132257 0.118631
0 0.474638 0.611401 0.132342 0.118677
0 0.475452 0.611973 0.132427 0.118722
0 0.476266 0.612545 0.132512 0.118768
0 0.477080 0.613118 0.132597 0.118813
0 0.477894 0.613690 0.132682 0.118859
0 0.478708 0.614262 0.132767 0.118904
0 0.479522 0.614834 0.132852 0.118950
0 0.480336 0.615406 0.132937 0.118995
0 0.481150 0.615978 0.133022 0.119041
0 0.481964 0.616550 0.133107 0.119086
0 0.482778 0.617122 0.133192 0.119132
0 0.483592 0.617694 0.133277 0.119177
0 0.484406 0.618266 0.133362 0.119223
0 0.485220 0.618838 0.133447 0.119268
0 0.486034 0.619410 0.133532 0.119314
0 0.486848 0.619982 0.133617 0.119359
0 0.487662 0.620554 0.133702 0.119405
0 0.488476 0.621126 0.133787 0.119450
0 0.489290 0.621698 0.133872 0.119495
0 0.490104 0.622270 0.133957 0.119541
0 0.490918 0.622843 0.134042 0.119586
0 0.491732 0.623415 0.134127 0.119632
0 0.492546 0.623987 0.134212 0.119677
0 0.493360 0.624559 0.134297 0.119723
0 0.494174 0.625131 0.134382 0.119768
0 0.494988 0.625703 0.134467 0.119814
0 0.495802 0.626275 0.134552 0.119859
0 0.496616 0.626847 0.134638 0.119905
0 0.497430 0.627419 0.134723 0.119950
0 0.498244 0.627991 0.134808 0.119996
0 0.499058 0.628563 0.134893 0.120041
0 0.499872 0.629135 0.134978 0.120087
0 0.500686 0.629707 0.135063 0.120132
0 0.501500 0.630279 0.135148 0.120178
0 0.502314 0.630851 0.135233 0.120223
0 0.503128 0.631423 0.135318 0.120269
0 0.503942 0.631995 0.135403 0.120314
0 0.504756 0.632568 0.135488 0.120360
0 0.505570 0.633140 0.135573 0.120405
0 0.506384 0.633712 0.135658 0.120451
0 0.507198 0.634284 0.135743 0.120496
0 0.508012 0.634856 0.135828 0.120542
0 0.508826 0.635428 0.135913 0.120587
0 0.509640 0.636000 0.135998 0.120633
0 0.510454 0.636572 0.136083 0.120678
0 0.511268 0.637144 0.136168 0.120724
0 0.512082 0.637716 0.136253 0.120769
0 0.512896 0.638288 0.136338 0.120815
0 0.513710 0.638860 0.136423 0.120860
0 0.514524 0.639432 0.136508 0.120906
0 0.515338 0.640004 0.136593 0.120951
0 0.516152 0.640576 0.136678 0.120997
0 0.516966 0.641148 0.136763 0.121042
0 0.517780 0.641721 0.136848 0.121087
0 0.518594 0.642293 0.136933 0.121133
0 0.519408 0.642865 0.137018 0.121178
0 0.520222 0.643437 0.137103 0.121224
0 0.521036 0.644009 0.137188 0.121269
0 0.521850 0.644581 0.137273 0.121315
0 0.522664 0.645153 0.137359 0.121360
0 0.523478 0.645725 0.137444 0.121406
0 0.524292 0.646297 0.137529 0.121451
0 0.525106 0.646869 0.137614 0.121497
0 0.525920 0.647441 0.137699 0.121542
0 0.526734 0.648013 0.137784 0.121588
0 0.527548 0.648585 0.137869 0.121633
0 0.528362 0.649157 0.137954 0.121679
0 0.529176 0.649729 0.138039 0.121724
0 0.529990 0.650301 0.138124 0.121770
0 0.530804 0.650873 0.138209 0.121815
0 0.531618 0.651446 0.138294 0.121861
0 0.532432 0.652018 0.138379 0.121906
0 0.533246 0.652590 0.138464 0.121952
0 0.534060 0.653162 0.138549 0.121997
0 0.534874 0.653734 0.138634 0.122043
0 0.535688 0.654306 0.138719 0.122088
0 0.536502 0.654878 0.138804 0.122134
0 0.537316 0.655450 0.138889 0.122179
0 0.538130 0.656022 0.138974 0.122225
0 0.538944 0.656594 0.139059 0.122270
0 0.539758 0.657166 0.139144 0.122316
0 0.540572 0.657738 0.139229 0.122361
0 0.541386 0.658310 0.139314 0.122407
0 0.542200 0.658882 0.139399 0.122452
0 0.543014 0.659454 0.139484 0.122498
0 0.543828 0.660026 0.139569 0.122543
0 0.544642 0.660598 0.139654 0.122589
0 0.545456 0.661171 0.139739 0.122634
0 0.546270 0.661743 0.139824 0.122680
0 0.547084 0.662315 0.139909 0.122725
0 0.547898 0.662887 0.139994 0.122770
0 0.548712 0.663459 0.140079 0.122816
0 0.549526 0.664031 0.140165 0.122861
0 0.550340 0.664603 0.140250 0.122907
0 0.551154 0.665175 0.140335 0.122952
0 0.551968 0.665747 0.140420 0.122998
0 0.552782 0.666319 0.140505 0.123043
0 0.553596 0.666891 0.140590 0.123089
0 0.554410 0.667463 0.140675 0.123134
0 0.555224 0.668035 0.140760 0.123180
0 0.556038 0.668607 0.140845 0.123225
0 0.556852 0.669179 0.140930 0.123271
0 0.557666 0.669751 0.141015 0.123316
0 0.558480 0.670323 0.141100 0.123362
0 0.559294 0.670896 0.141185 0.123407
0 0.560108 0.671468 0.141270 0.123453
0 0.560922 0.672040 0.141355 0.123498
0 0.561736 0.672612 0.141440 0.123544
0 0.562550 0.673184 0.141525 0.123589
0 0.563364 0.673756 0.141610 0.123635
0 0.564178 0.674328 0.141695 0.123680
0 0.564992 0.674900 0.141780 0.123726
0 0.565806 0.675472 0.141865 0.123771
0 0.566620 0.676044 0.141950 0.123817
0 0.567434 0.676616 0.142035 0.123862
0 0.568248 0.677188 0.142120 0.123908
0 0.569062 0.677760 0.142205 0.123953
0 0.569876 0.678332 0.142290 0.123999
0 0.570690 0.678904 0.142375 0.124044
0 0.571504 0.679476 0.142460 0.124090
0 0.572318 0.680048 0.142545 0.124135
0 0.573132 0.680621 0.142630 0.124181
0 0.573946 0.681193 0.142715 0.124226
0 0.574760 0.681765 0.142800 0.124272
0 0.575574 0.682337 0.142886 0.124317
0 0.576388 0.682909 0.142971 0.124362
0 0.577202 0.683481 0.143056 0.124408
0 0.578016 0.684053 0.143141 0.124453
0 0.578830 0.684625 0.143226 0.124499
0 0.579644 0.685197 0.143311 0.124544
0 0.580458 0.685769 0.143396 0.124590
0 0.581272 0.686341 0.143481 0.124635
0 0.582086 0.686913 0.143566 0.124681
0 0.582900 0.687485 0.143651 0.124726
0 0.583714 0.688057 0.143736 0.124772
0 0.584528 0.688629 0.143821 0.124817
0 0.585342 0.689201 0.143906 0.124863
0 0.586156 0.689773 0.143991 0.124908
0 0.586970 0.690346 0.144076 0.124954
0 0.587784 0.690918 0.144161 0.124999
0 0.588598 0.691490 0.144246 0.125045
0 0.589412 0.692062 0.144331 0.125090
0 0.590226 0.692634 0.144416 0.125136
0 0.591040 0.693206 0.144501 0.125181
0 0.591854 0.693778 0.144586 0.125227
0 0.592668 0.694350 0.144671 0.125272
0 0.593482 0.694922 0.144756 0.125318
0 0.594296 0.695494 0.144841 0.125363
0 0.595079 0.696033 0.144768 0.125366
0 0.595863 0.696571 0.144694 0.125369
0 0.596646 0.697110 0.144620 0.125372
0 0.597430 0.697648 0.144547 0.125374
0 0.598213 0.698187 0.144473 0.125377
0 0.598997 0.698725 0.144400 0.125380
0 0.599780 0.699264 0.144326 0.125383
0 0.600564 0.699802 0.144252 0.125385
0 0.601347 0.700341 0.144179 0.125388
0 0.602131 0.700879 0.144105 0.125391
0 0.602914 0.701418 0.144032 0.125394
0 0.603698 0.701956 0.143958 0.125397
0 0.604481 0.702495 0.143884 0.125399
0 0.605265 0.703033 0.143811 0.125402
0 0.606048 0.703572 0.143737 0.125405
0 0.606832 0.704110 0.143664 0.125408
0 0.607615 0.704649 0.143590 0.125411
0 0.608399 0.705187 0.143516 0.125413
0 0.609182 0.705726 0.143443 0.125416
0 0.609966 0.706264 0.143369 0.125419
0 0.610749 0.706803 0.143295 0.125422
0 0.611533 0.707341 0.143222 0.125425
0 0.612316 0.707880 0.143148 0.125427
0 0.613100 0.708418 0.143075 0.125430
0 0.613883 0.708957 0.143001 0.125433
0 0.614667 0.709495 0.142927 0.125436
0 0.615450 0.710034 0.142854 0.125438
0 0.616234 0.710572 0.142780 0.125441
0 0.617017 0.711111 0.142707 0.125444
0 0.617801 0.711649 0.142633 0.125447
0 0.618584 0.712188 0.142559 0.125450
0 0.619368 0.712726 0.142486 0.125452
0 0.620151 0.713265 0.142412 0.125455
0 0.620935 0.713803 0.142339 0.125458
0 0.621718 0.714342 0.142265 0.125461
0 0.622502 0.714880 0.142191 0.125464
0 0.623285 0.715419 0.142118 0.125466
0 0.624069 0.715957 0.142044 0.125469
0 0.624852 0.716496 0.141971 0.125472
0 0.625636 0.717034 0.141897 0.125475
0 0.626419 0.717573 0.141823 0.125477
0 0.627203 0.718111 0.141750 0.125480
0 0.627987 0.718650 0.141676 0.125483
0 0.628770 0.719188 0.141603 0.125486
0 0.629554 0.719727 0.141529 0.125489
0 0.630337 0.720265 0.141455 0.125491
0 0.631121 0.720804 0.141382 0.125494
0 0.631904 0.721342 0.141308 0.125497
0 0.632688 0.721881 0.141235 0.125500
0 0.633471 0.722419 0.141161 0.125503
0 0.634255 0.722958 0.141087 0.125505
0 0.635038 0.723496 0.141014 0.125508
0 0.635822 0.724035 0.140940 0.125511
0 0.636605 0.724573 0.140866 0.125514
0 0.637389 0.725112 0.140793 0.125517
0 0.638172 0.725650 0.140719 0.125519
0 0.638956 0.726189 0.140646 0.125522
0 0.639739 0.726727 0.140572 0.125525
0 0.640523 0.727266 0.140498 0.125528
0 0.641306 0.727804 0.140425 0.125530
0 0.642090 0.728343 0.140351 0.125533
0 0.642873 0.728881 0.140278 0.125536
0 0.643657 0.729420 0.140204 0.125539
0 0.644440 0.729958 0.140130 0.125542
0 0.645224 0.730497 0.140057 0.125544
0 0.646007 0.731035 0.139983 0.125547
0 0.646791 0.731574 0.139910 0.125550
0 0.647574 0.732112 0.139836 0.125553
0 0.648358 0.732651 0.139762 0.125556
0 0.649141 0.733189 0.139689 0.125558
0 0.649925 0.733728 0.139615 0.125561
0 0.650708 0.734266 0.139542 0.125564
0 0.651492 0.734805 0.139468 0.125567
0 0.652275 0.735343 0.139394 0.125569
0 0.653059 0.735882 0.139321 0.125572
0 0.653842 0.736420 0.139247 0.125575
0 0.654626 0.736959 0.139174 0.125578
0 0.655409 0.737497 0.139100 0.125581
0 0.656193 0.738036 0.139026 0.125583
0 0.656976 0.738574 0.138953 0.125586
0 0.657760 0.739113 0.138879 0.125589
0 0.658543 0.739651 0.138805 0.125592
0 0.659327 0.740190 0.138732 0.125595
0 0.660110 0.740728 0.138658 0.125597
0 0.660894 0.741267 0.138585 0.125600
0 0.661677 0.741805 0.138511 0.125603
0 0.662461 0.742344 0.138437 0.125606
0 0.663244 0.742882 0.138364 0.125609
0 0.664028 0.743421 0.138290 0.125611
0 0.664811 0.743959 0.138217 0.125614
0 0.665595 0.744498 0.138143 0.125617
0 0.666378 0.745036 0.138069 0.125620
0 0.667162 0.745575 0.137996 0.125622
0 0.667945 0.746113 0.137922 0.125625
0 0.668729 0.746652 0.137849 0.125628
0 0.669512 0.747190 0.137775 0.125631
0 0.670296 0.747729 0.137701 0.125634
0 0.671080 0.748267 0.137628 0.125636
0 0.671863 0.748806 0.137554 0.125639
0 0.672647 0.749344 0.137481 0.125642
0 0.673430 0.749883 0.137407 0.125645
0 0.674214 0.750421 0.137333 0.125648
0 0.674997 0.750960 0.137260 0.125650
0 0.675781 0.751498 0.137186 0.125653
0 0.676564 0.752037 0.137113 0.125656
0 0.677348 0.752575 0.137039 0.125659
0 0.678131 0.753114 0.136965 0.125662
0 0.678915 0.753652 0.136892 0.125664
0 0.679698 0.754191 0.136818 0.125667
0 0.680482 0.754729 0.136744 0.125670
0 0.681265 0.755268 0.136671 0.125673
0 0.682049 0.755806 0.136597 0.125675
0 0.682832 0.756345 0.136524 0.125678
0 0.683616 0.756883 0.136450 0.125681
0 0.684399 0.757422 0.136376 0.125684
0 0.685183 0.757960 0.136303 0.125687
0 0.685966 0.758499 0.136229 0.125689
0 0.686750 0.759037 0.136156 0.125692
0 0.687533 0.759576 0.136082 0.125695
0 0.688317 0.760114 0.136008 0.125698
0 0.689100 0.760653 0.135935 0.125701
0 0.689884 0.761192 0.135861 0.125703
0 0.690667 0.761730 0.135788 0.125706
0 0.691451 0.762269 0.135714 0.125709
0 0.692234 0.762807 0.135640 0.125712
0 0.693018 0.763346 0.135567 0.125714
0 0.693801 0.763884 0.135493 0.125717
0 0.694585 0.764423 0.135420 0.125720
0 0.695368 0.764961 0.135346 0.125723
0 0.696152 0.765500 0.135272 0.125726
0 0.696935 0.766038 0.135199 0.125728
0 0.697719 0.766577 0.135125 0.125731
0 0.698502 0.767115 0.135052 0.125734
0 0.699286 0.767654 0.134978 0.125737
0 0.700069 0.768192 0.134904 0.125740
0 0.700853 0.768731 0.134831 0.125742
0 0.701636 0.769269 0.134757 0.125745
0 0.702420 0.769808 0.134683 0.125748
0 0.703203 0.770346 0.134610 0.125751
0 0.703987 0.770885 0.134536 0.125754
0 0.704770 0.771423 0.134463 0.125756
0 0.705554 0.771962 0.134389 0.125759
0 0.706337 0.772500 0.134315 0.125762
0 0.707121 0.773039 0.134242 0.125765
0 0.707904 0.773577 0.134168 0.125767
0 0.708688 0.774116 0.134095 0.125770
0 0.709471 0.774654 0.134021 0.125773
0 0.710255 0.775193 0.133947 0.125776
0 0.711038 0.775731 0.133874 0.125779
0 0.711822 0.776270 0.133800 0.125781
0 0.712605 0.776808 0.133727 0.125784
0 0.713389 0.777347 0.133653 0.125787
0 0.714173 0.777885 0.133579 0.125790
0 0.714956 0.778424 0.133506 0.125793
0 0.715740 0.778962 0.133432 0.125795
0 0.716523 0.779501 0.133359 0.125798
0 0.717307 0.780039 0.133285 0.125801
0 0.718090 0.780578 0.133211 0.125804
0 0.718874 0.781116 0.133138 0.125806
0 0.719657 0.781655 0.133064 0.125809
