0 0.477758 0.530218 0.044231 0.038136
0 0.477090 0.530278 0.044059 0.038003
0 0.476848 0.530231 0.043896 0.037879
0 0.476021 0.529981 0.044533 0.038452
0 0.475707 0.529602 0.044258 0.038283
0 0.475488 0.529638 0.043862 0.037936
0 0.475172 0.529530 0.043710 0.037823
0 0.474079 0.529404 0.044069 0.038152
0 0.473772 0.529267 0.043730 0.037854
0 0.473404 0.528943 0.043673 0.037783
0 0.472845 0.529079 0.044488 0.038484
0 0.472997 0.529062 0.044246 0.038293
0 0.472118 0.529005 0.043795 0.037878
0 0.471742 0.529019 0.043842 0.037924
0 0.470629 0.528617 0.043794 0.037817
0 0.470214 0.528140 0.043797 0.037781
0 0.469821 0.528349 0.044635 0.038500
0 0.469781 0.528354 0.044621 0.038494
0 0.468974 0.528246 0.043839 0.037821
0 0.468546 0.528322 0.044076 0.038029
0 0.467813 0.528321 0.044267 0.038199
0 0.467115 0.528160 0.043910 0.037867
0 0.466347 0.528195 0.044519 0.038404
0 0.466867 0.528142 0.044335 0.038235
0 0.465982 0.528194 0.044031 0.037995
0 0.465394 0.528142 0.044296 0.038205
0 0.464791 0.528047 0.044729 0.038560
0 0.464367 0.527896 0.044002 0.038029
0 0.463339 0.527831 0.044844 0.038737
0 0.464086 0.527397 0.044114 0.038194
0 0.463231 0.527479 0.044830 0.038794
0 0.462517 0.527445 0.044114 0.038200
0 0.461723 0.527452 0.044890 0.038868
0 0.461186 0.527314 0.044029 0.038179
0 0.460844 0.527265 0.044101 0.038244
0 0.461006 0.527281 0.043920 0.038100
0 0.459935 0.526849 0.044268 0.038294
0 0.459464 0.527000 0.043913 0.038018
0 0.458711 0.526988 0.044742 0.038717
0 0.458022 0.526894 0.043970 0.038050
0 0.458022 0.526894 0.043970 0.038050
0 0.458031 0.526364 0.043873 0.037828
0 0.457359 0.526329 0.044558 0.038437
0 0.456598 0.526278 0.043983 0.037934
0 0.455927 0.526305 0.044220 0.038153
0 0.455076 0.526276 0.043950 0.037903
0 0.454741 0.526122 0.043895 0.037879
0 0.454979 0.525614 0.044018 0.038090
0 0.454224 0.525614 0.044720 0.038713
0 0.453690 0.525192 0.044401 0.038424
0 0.452951 0.525251 0.044321 0.038372
0 0.452278 0.525218 0.044727 0.038714
0 0.452128 0.525070 0.044519 0.038581
0 0.452114 0.525111 0.044545 0.038604
0 0.451693 0.525064 0.044223 0.038302
0 0.450729 0.525030 0.044834 0.038863
0 0.449958 0.525016 0.044263 0.038370
0 0.449250 0.525066 0.044947 0.038968
0 0.448915 0.524929 0.044323 0.038398
0 0.448948 0.524884 0.044457 0.038511
0 0.448296 0.524511 0.044252 0.038241
0 0.447436 0.524539 0.044483 0.038432
0 0.446937 0.524404 0.044033 0.038049
0 0.445976 0.524255 0.044689 0.038628
0 0.445334 0.524155 0.044130 0.038182
0 0.445465 0.524134 0.044062 0.038130
0 0.444862 0.524033 0.044746 0.038744
0 0.444298 0.523712 0.044462 0.038556
0 0.443615 0.523680 0.044277 0.038409
0 0.442832 0.523655 0.044648 0.038697
0 0.442127 0.523611 0.044171 0.038336
0 0.443096 0.522857 0.044944 0.038893
0 0.441602 0.522947 0.044928 0.038915
0 0.440855 0.522927 0.044082 0.038229
0 0.440184 0.522927 0.044638 0.038698
0 0.439686 0.523300 0.044482 0.038608
0 0.438945 0.522381 0.044106 0.038154
0 0.439082 0.522397 0.044019 0.038062
0 0.438351 0.522410 0.044783 0.038698
0 0.437574 0.522378 0.043985 0.038022
0 0.436794 0.522421 0.044791 0.038685
0 0.436279 0.522374 0.043998 0.038023
0 0.435547 0.522309 0.044569 0.038547
0 0.435698 0.522387 0.044351 0.038311
0 0.434894 0.522163 0.044334 0.038348
0 0.434217 0.522134 0.044233 0.038254
0 0.433768 0.521665 0.045005 0.039012
0 0.432953 0.521660 0.044164 0.038296
0 0.432826 0.521578 0.044228 0.038359
0 0.432826 0.521580 0.044265 0.038395
0 0.431801 0.521509 0.044589 0.038642
0 0.431177 0.521514 0.044346 0.038470
0 0.430676 0.521502 0.045152 0.039130
0 0.429901 0.521366 0.044287 0.038399
0 0.429254 0.521385 0.045031 0.039023
0 0.429437 0.521357 0.044587 0.038673
0 0.428610 0.521326 0.044490 0.038580
0 0.427760 0.521208 0.044793 0.038828
0 0.427118 0.520984 0.044513 0.038558
0 0.426566 0.520793 0.044165 0.038252
0 0.426190 0.520849 0.044758 0.038753
0 0.426244 0.520673 0.044458 0.038451
0 0.425210 0.520585 0.043933 0.037988
0 0.424925 0.520450 0.044016 0.038059
0 0.423879 0.520307 0.044167 0.038216
0 0.423308 0.520096 0.044185 0.038292
0 0.422803 0.519817 0.045040 0.039044
0 0.422958 0.519712 0.044751 0.038834
0 0.421976 0.519752 0.043930 0.038117
0 0.421540 0.519434 0.044537 0.038646
0 0.420608 0.519440 0.044066 0.038231
0 0.419935 0.519234 0.044602 0.038678
0 0.419119 0.519228 0.044085 0.038233
0 0.419313 0.519189 0.044544 0.038585
0 0.418547 0.518728 0.044334 0.038304
0 0.418071 0.518742 0.045112 0.038983
0 0.417212 0.518731 0.044131 0.038119
0 0.416380 0.518273 0.045056 0.038937
0 0.415629 0.518322 0.044192 0.038178
0 0.416392 0.518372 0.045047 0.038908
0 0.414855 0.518363 0.045094 0.038954
0 0.414388 0.518298 0.044223 0.038184
0 0.413736 0.518250 0.044712 0.038658
0 0.412918 0.517846 0.044432 0.038491
0 0.412335 0.517826 0.044427 0.038497
0 0.412757 0.517427 0.044242 0.038345
0 0.411613 0.517310 0.044840 0.038869
0 0.410897 0.517265 0.044328 0.038434
0 0.410363 0.517310 0.045222 0.039178
0 0.409580 0.517236 0.044291 0.038392
0 0.409329 0.516229 0.044294 0.038344
0 0.409462 0.516703 0.044098 0.038114
0 0.408300 0.516782 0.044326 0.038302
0 0.407917 0.516695 0.044104 0.038114
0 0.407181 0.516552 0.045089 0.038936
0 0.406384 0.516485 0.044197 0.038163
0 0.406020 0.516499 0.044596 0.038515
0 0.406031 0.516573 0.044645 0.038564
0 0.404874 0.515204 0.044356 0.038422
0 0.404496 0.516575 0.044567 0.038512
0 0.403655 0.516102 0.044734 0.038750
0 0.403000 0.515612 0.044609 0.038690
0 0.402835 0.515791 0.045250 0.039247
0 0.402816 0.515636 0.045179 0.039196
0 0.401635 0.515627 0.044547 0.038633
0 0.401192 0.515323 0.045095 0.039086
0 0.400141 0.515370 0.044634 0.038683
0 0.399608 0.515269 0.045241 0.039203
0 0.398987 0.515304 0.044986 0.038973
0 0.398967 0.515315 0.044964 0.038952
0 0.398137 0.515262 0.045116 0.039095
0 0.397361 0.514797 0.044873 0.038777
0 0.396549 0.514765 0.045178 0.039034
0 0.395590 0.514258 0.044746 0.038718
0 0.395426 0.514263 0.044676 0.038658
0 0.395430 0.514235 0.044679 0.038677
0 0.394679 0.514139 0.045739 0.039565
0 0.393889 0.514069 0.044604 0.038663
0 0.392910 0.513977 0.045282 0.039209
0 0.392387 0.513576 0.044620 0.038689
0 0.391943 0.513628 0.045058 0.039053
0 0.391826 0.513623 0.045121 0.039110
0 0.390731 0.513602 0.044570 0.038639
0 0.390309 0.513571 0.045163 0.039139
0 0.389424 0.513177 0.044756 0.038729
0 0.388759 0.513171 0.045194 0.039104
0 0.387887 0.513120 0.044798 0.038741
0 0.388480 0.513038 0.045700 0.039481
0 0.387560 0.512544 0.044531 0.038434
0 0.386784 0.512554 0.045806 0.039491
0 0.385971 0.512112 0.044724 0.038708
0 0.385493 0.512133 0.045512 0.039370
0 0.384704 0.512120 0.044834 0.038778
0 0.385138 0.512126 0.045698 0.039500
0 0.383996 0.512120 0.045513 0.039365
0 0.383340 0.511598 0.045205 0.039114
0 0.382668 0.511585 0.045040 0.038992
0 0.381627 0.511490 0.044900 0.038863
0 0.380954 0.510872 0.045194 0.038998
0 0.381378 0.510998 0.044689 0.038617
0 0.380185 0.510982 0.044951 0.038838
0 0.379477 0.511046 0.045019 0.038916
0 0.378690 0.510572 0.045199 0.039009
0 0.377850 0.510435 0.045222 0.039101
0 0.376854 0.510595 0.044855 0.038756
0 0.377000 0.510711 0.044993 0.038840
0 0.376463 0.510332 0.044964 0.038901
0 0.375629 0.510242 0.045467 0.039311
0 0.374675 0.510203 0.045473 0.039350
0 0.373619 0.510166 0.044896 0.038875
0 0.373580 0.510142 0.044880 0.038871
0 0.373647 0.510056 0.044976 0.038952
0 0.372401 0.509753 0.045219 0.039211
0 0.371799 0.509635 0.044915 0.038979
0 0.371144 0.509656 0.045723 0.039637
0 0.370535 0.509103 0.044724 0.038759
0 0.369855 0.509131 0.045538 0.039406
0 0.369888 0.509115 0.045394 0.039313
0 0.368706 0.508973 0.044554 0.038637
0 0.367870 0.509016 0.045476 0.039334
0 0.367109 0.508963 0.044716 0.038743
0 0.366759 0.508442 0.045469 0.039396
0 0.366679 0.508260 0.045756 0.039632
0 0.366715 0.508060 0.045785 0.039674
0 0.365152 0.509153 0.045742 0.039532
0 0.365014 0.507810 0.046129 0.039907
0 0.364196 0.507868 0.044931 0.038937
0 0.363501 0.508279 0.045992 0.039759
0 0.362046 0.507326 0.045875 0.039612
0 0.362822 0.507474 0.045061 0.038961
0 0.361683 0.507534 0.046146 0.039785
0 0.360949 0.507433 0.045047 0.038884
0 0.359764 0.507030 0.045379 0.039213
0 0.359422 0.507015 0.045072 0.038917
0 0.358293 0.506714 0.045585 0.039401
0 0.358691 0.506709 0.046469 0.040177
0 0.357962 0.506605 0.045116 0.038927
0 0.357306 0.506532 0.046424 0.040124
0 0.356402 0.506388 0.045189 0.038969
0 0.355334 0.505635 0.046322 0.039988
0 0.355119 0.505827 0.045392 0.039184
0 0.355112 0.505829 0.045372 0.039176
0 0.354001 0.505868 0.046372 0.040021
0 0.353081 0.505289 0.045060 0.038888
0 0.352282 0.505721 0.046170 0.039837
0 0.351958 0.505448 0.045257 0.039067
0 0.350812 0.504062 0.046226 0.039897
0 0.351287 0.504406 0.045353 0.039151
0 0.350400 0.504620 0.045134 0.038918
0 0.349479 0.504729 0.046099 0.039819
0 0.348655 0.503996 0.045047 0.038985
0 0.347850 0.505234 0.046206 0.039833
0 0.347157 0.504852 0.045209 0.039034
0 0.347461 0.505545 0.045918 0.039652
0 0.345859 0.502990 0.045956 0.039776
0 0.344851 0.504993 0.046283 0.040059
0 0.343830 0.503690 0.045067 0.038944
0 0.343546 0.502330 0.045332 0.039160
0 0.342585 0.503544 0.045322 0.039108
0 0.342690 0.503409 0.045529 0.039258
0 0.341962 0.503436 0.045337 0.039100
0 0.341700 0.501949 0.046161 0.039863
0 0.340768 0.503031 0.045184 0.038985
0 0.339961 0.503611 0.046448 0.040075
0 0.339049 0.501814 0.045149 0.039064
0 0.339129 0.502710 0.045085 0.038918
0 0.338367 0.502738 0.046543 0.040197
0 0.337141 0.503481 0.045770 0.039497
0 0.336248 0.501977 0.045218 0.039077
0 0.336180 0.502056 0.045241 0.039068
0 0.334723 0.502870 0.045417 0.039251
0 0.334812 0.502855 0.045727 0.039558
0 0.333345 0.501836 0.045825 0.039512
0 0.333324 0.501837 0.045792 0.039485
0 0.332603 0.501900 0.045478 0.039269
0 0.331733 0.501854 0.045730 0.039448
0 0.331067 0.501470 0.045441 0.039191
0 0.331196 0.501455 0.045091 0.038933
0 0.330208 0.501455 0.045539 0.039267
0 0.329338 0.501176 0.045721 0.039492
0 0.328219 0.501113 0.045052 0.038901
0 0.327253 0.501061 0.045765 0.039596
0 0.326728 0.501053 0.044877 0.038789
0 0.326767 0.501075 0.044916 0.038818
0 0.325908 0.500492 0.045754 0.039469
0 0.325108 0.500391 0.044719 0.038609
0 0.324119 0.500408 0.045185 0.039006
0 0.323193 0.500295 0.044783 0.038708
0 0.323095 0.500231 0.044922 0.038843
0 0.323095 0.500231 0.044922 0.038843
0 0.321596 0.500052 0.044850 0.038794
0 0.320820 0.499553 0.044926 0.038803
0 0.320066 0.499441 0.044712 0.038601
0 0.319031 0.499641 0.044597 0.038549
0 0.318346 0.499101 0.045108 0.038936
0 0.318569 0.499140 0.044540 0.038418
0 0.317897 0.498681 0.045203 0.038969
0 0.316970 0.499981 0.044584 0.038585
0 0.316550 0.498565 0.045268 0.039065
0 0.315251 0.497489 0.044776 0.038614
0 0.314444 0.498592 0.044554 0.038438
0 0.314464 0.498204 0.044815 0.038698
0 0.313687 0.498212 0.045089 0.038944
0 0.313678 0.497797 0.045099 0.038918
0 0.312826 0.498613 0.044648 0.038493
0 0.311664 0.497709 0.045364 0.039118
0 0.311227 0.497639 0.044601 0.038485
0 0.311520 0.497308 0.045177 0.039033
0 0.310385 0.498112 0.045377 0.039152
0 0.309325 0.496971 0.044800 0.038734
0 0.308521 0.496980 0.045722 0.039587
0 0.307400 0.497029 0.045425 0.039318
0 0.306156 0.496075 0.044357 0.038295
0 0.306479 0.497052 0.044460 0.038431
0 0.305404 0.496238 0.045253 0.039022
0 0.305011 0.496632 0.044519 0.038392
0 0.304042 0.494782 0.045418 0.039235
0 0.303844 0.495806 0.045189 0.038981
0 0.303277 0.497142 0.044455 0.038480
0 0.303321 0.497226 0.044561 0.038553
0 0.302552 0.494933 0.045273 0.039176
0 0.302628 0.494492 0.045007 0.038825
0 0.301683 0.496819 0.044555 0.038516
0 0.301282 0.494810 0.044874 0.038772
0 0.299721 0.493416 0.044991 0.038915
0 0.300885 0.493417 0.045883 0.039754
0 0.298112 0.495416 0.044963 0.038860
0 0.297251 0.493471 0.044879 0.038796
0 0.296714 0.493346 0.044784 0.038718
0 0.295862 0.495321 0.045216 0.039129
0 0.295500 0.492422 0.044500 0.038382
0 0.295762 0.493959 0.044794 0.038628
0 0.294231 0.492984 0.045054 0.038994
0 0.294244 0.494706 0.044650 0.038508
0 0.293815 0.493017 0.044381 0.038347
0 0.292194 0.492480 0.044297 0.038219
0 0.292149 0.495941 0.044331 0.038260
0 0.292122 0.494068 0.044386 0.038297
0 0.291406 0.494141 0.045312 0.039062
