0 0.079687 0.646484 0.050000 0.050781
0 0.081705 0.646596 0.050079 0.050855
0 0.083722 0.646707 0.050158 0.050930
0 0.085740 0.646818 0.050237 0.051004
0 0.087757 0.646929 0.050316 0.051078
0 0.089775 0.647041 0.050396 0.051152
0 0.091792 0.647152 0.050475 0.051226
0 0.093809 0.647263 0.050554 0.051300
0 0.095827 0.647374 0.050633 0.051375
0 0.097844 0.647486 0.050712 0.051449
0 0.099862 0.647597 0.050791 0.051523
0 0.101879 0.647708 0.050870 0.051597
0 0.103896 0.647819 0.050949 0.051671
0 0.105914 0.647931 0.051028 0.051745
0 0.107931 0.648042 0.051108 0.051820
0 0.109949 0.648153 0.051187 0.051894
0 0.111966 0.648264 0.051266 0.051968
0 0.113983 0.648376 0.051345 0.052042
0 0.116001 0.648487 0.051424 0.052116
0 0.118018 0.648598 0.051503 0.052190
0 0.120036 0.648709 0.051582 0.052265
0 0.122053 0.648821 0.051661 0.052339
0 0.124070 0.648932 0.051741 0.052413
0 0.126088 0.649043 0.051820 0.052487
0 0.128105 0.649154 0.051899 0.052561
0 0.130123 0.649266 0.051978 0.052635
0 0.132140 0.649377 0.052057 0.052710
0 0.134157 0.649488 0.052136 0.052784
0 0.136175 0.649599 0.052215 0.052858
0 0.138192 0.649711 0.052294 0.052932
0 0.140210 0.649822 0.052373 0.053006
0 0.142227 0.649933 0.052453 0.053080
0 0.144244 0.650045 0.052532 0.053155
0 0.146262 0.650156 0.052611 0.053229
0 0.148279 0.650267 0.052690 0.053303
0 0.150297 0.650378 0.052769 0.053377
0 0.152314 0.650490 0.052848 0.053451
0 0.154331 0.650601 0.052927 0.053526
0 0.156349 0.650712 0.053006 0.053600
0 0.158366 0.650823 0.053085 0.053674
0 0.160384 0.650935 0.053165 0.053748
0 0.162401 0.651046 0.053244 0.053822
0 0.164419 0.651157 0.053323 0.053896
0 0.166436 0.651268 0.053402 0.053971
0 0.168453 0.651380 0.053481 0.054045
0 0.170471 0.651491 0.053560 0.054119
0 0.172488 0.651602 0.053639 0.054193
0 0.174506 0.651713 0.053718 0.054267
0 0.176523 0.651825 0.053797 0.054341
0 0.178540 0.651936 0.053877 0.054416
0 0.180558 0.652047 0.053956 0.054490
0 0.182575 0.652158 0.054035 0.054564
0 0.184593 0.652270 0.054114 0.054638
0 0.186610 0.652381 0.054193 0.054712
0 0.188627 0.652492 0.054272 0.054786
0 0.190645 0.652603 0.054351 0.054861
0 0.192662 0.652715 0.054430 0.054935
0 0.194680 0.652826 0.054509 0.055009
0 0.196697 0.652937 0.054589 0.055083
0 0.198714 0.653048 0.054668 0.055157
0 0.200732 0.653160 0.054747 0.055231
0 0.202749 0.653271 0.054826 0.055306
0 0.204767 0.653382 0.054905 0.055380
0 0.206784 0.653493 0.054984 0.055454
0 0.208801 0.653605 0.055063 0.055528
0 0.210819 0.653716 0.055142 0.055602
0 0.212836 0.653827 0.055222 0.055676
0 0.214854 0.653938 0.055301 0.055751
0 0.216871 0.654050 0.055380 0.055825
0 0.218888 0.654161 0.055459 0.055899
0 0.220906 0.654272 0.055538 0.055973
0 0.222923 0.654383 0.055617 0.056047
0 0.224941 0.654495 0.055696 0.056121
0 0.226958 0.654606 0.055775 0.056196
0 0.228975 0.654717 0.055854 0.056270
0 0.230993 0.654828 0.055934 0.056344
0 0.233010 0.654940 0.056013 0.056418
0 0.235028 0.655051 0.056092 0.056492
0 0.237045 0.655162 0.056171 0.056566
0 0.239063 0.655273 0.056250 0.056641
0 0.241501 0.655485 0.056356 0.056746
0 0.243940 0.655696 0.056461 0.056852
0 0.246379 0.655907 0.056567 0.056957
0 0.248818 0.656118 0.056672 0.057063
0 0.251256 0.656329 0.056778 0.057168
0 0.253695 0.656540 0.056883 0.057274
0 0.256134 0.656751 0.056989 0.057380
0 0.258573 0.656963 0.057095 0.057485
0 0.261011 0.657174 0.057200 0.057591
0 0.263450 0.657385 0.057306 0.057696
0 0.265889 0.657596 0.057411 0.057802
0 0.268328 0.657807 0.057517 0.057908
0 0.270766 0.658018 0.057622 0.058013
0 0.273205 0.658230 0.057728 0.058119
0 0.275644 0.658441 0.057834 0.058224
0 0.278083 0.658652 0.057939 0.058330
0 0.280522 0.658863 0.058045 0.058435
0 0.282960 0.659074 0.058150 0.058541
0 0.285399 0.659285 0.058256 0.058647
0 0.287838 0.659496 0.058361 0.058752
0 0.290277 0.659708 0.058467 0.058858
0 0.292715 0.659919 0.058573 0.058963
0 0.295154 0.660130 0.058678 0.059069
0 0.297593 0.660341 0.058784 0.059174
0 0.300032 0.660552 0.058889 0.059280
0 0.302470 0.660763 0.058995 0.059386
0 0.304909 0.660974 0.059101 0.059491
0 0.307348 0.661186 0.059206 0.059597
0 0.309787 0.661397 0.059312 0.059702
0 0.312226 0.661608 0.059417 0.059808
0 0.314664 0.661819 0.059523 0.059913
0 0.317103 0.662030 0.059628 0.060019
0 0.319542 0.662241 0.059734 0.060125
0 0.321981 0.662452 0.059840 0.060230
0 0.324419 0.662664 0.059945 0.060336
0 0.326858 0.662875 0.060051 0.060441
0 0.329297 0.663086 0.060156 0.060547
0 0.331736 0.663297 0.060262 0.060652
0 0.334174 0.663508 0.060367 0.060758
0 0.336613 0.663719 0.060473 0.060864
0 0.339052 0.663931 0.060579 0.060969
0 0.341491 0.664142 0.060684 0.061075
0 0.343929 0.664353 0.060790 0.061180
0 0.346368 0.664564 0.060895 0.061286
0 0.348807 0.664775 0.061001 0.061391
0 0.351246 0.664986 0.061106 0.061497
0 0.353685 0.665197 0.061212 0.061603
0 0.356123 0.665409 0.061318 0.061708
0 0.358562 0.665620 0.061423 0.061814
0 0.361001 0.665831 0.061529 0.061919
0 0.363440 0.666042 0.061634 0.062025
0 0.365878 0.666253 0.061740 0.062130
0 0.368317 0.666464 0.061845 0.062236
0 0.370756 0.666675 0.061951 0.062342
0 0.373195 0.666887 0.062057 0.062447
0 0.375633 0.667098 0.062162 0.062553
0 0.378072 0.667309 0.062268 0.062658
0 0.380511 0.667520 0.062373 0.062764
0 0.382950 0.667731 0.062479 0.062870
0 0.385389 0.667942 0.062584 0.062975
0 0.387827 0.668154 0.062690 0.063081
0 0.390266 0.668365 0.062796 0.063186
0 0.392705 0.668576 0.062901 0.063292
0 0.395144 0.668787 0.063007 0.063397
0 0.397582 0.668998 0.063112 0.063503
0 0.400021 0.669209 0.063218 0.063609
0 0.402460 0.669420 0.063323 0.063714
0 0.404899 0.669632 0.063429 0.063820
0 0.407337 0.669843 0.063535 0.063925
0 0.409776 0.670054 0.063640 0.064031
0 0.412215 0.670265 0.063746 0.064136
0 0.414654 0.670476 0.063851 0.064242
0 0.417092 0.670687 0.063957 0.064348
0 0.419531 0.670898 0.064062 0.064453
0 0.422388 0.671052 0.064152 0.064481
0 0.425246 0.671205 0.064241 0.064509
0 0.428103 0.671359 0.064330 0.064537
0 0.430960 0.671512 0.064420 0.064565
0 0.433817 0.671666 0.064509 0.064593
0 0.436674 0.671819 0.064598 0.064621
0 0.439531 0.671973 0.064687 0.064648
0 0.442388 0.672126 0.064777 0.064676
0 0.445246 0.672280 0.064866 0.064704
0 0.448103 0.672433 0.064955 0.064732
0 0.450960 0.672586 0.065045 0.064760
0 0.453817 0.672740 0.065134 0.064788
0 0.456674 0.672893 0.065223 0.064816
0 0.459531 0.673047 0.065312 0.064844
0 0.462388 0.673200 0.065402 0.064872
0 0.465246 0.673354 0.065491 0.064900
0 0.468103 0.673507 0.065580 0.064927
0 0.470960 0.673661 0.065670 0.064955
0 0.473817 0.673814 0.065759 0.064983
0 0.476674 0.673968 0.065848 0.065011
0 0.479531 0.674121 0.065937 0.065039
0 0.482388 0.674275 0.066027 0.065067
0 0.485246 0.674428 0.066116 0.065095
0 0.488103 0.674581 0.066205 0.065123
0 0.490960 0.674735 0.066295 0.065151
0 0.493817 0.674888 0.066384 0.065179
0 0.496674 0.675042 0.066473 0.065206
0 0.499531 0.675195 0.066562 0.065234
0 0.502388 0.675349 0.066652 0.065262
0 0.505246 0.675502 0.066741 0.065290
0 0.508103 0.675656 0.066830 0.065318
0 0.510960 0.675809 0.066920 0.065346
0 0.513817 0.675963 0.067009 0.065374
0 0.516674 0.676116 0.067098 0.065402
0 0.519531 0.676270 0.067187 0.065430
0 0.522388 0.676423 0.067277 0.065458
0 0.525246 0.676576 0.067366 0.065485
0 0.528103 0.676730 0.067455 0.065513
0 0.530960 0.676883 0.067545 0.065541
0 0.533817 0.677037 0.067634 0.065569
0 0.536674 0.677190 0.067723 0.065597
0 0.539531 0.677344 0.067812 0.065625
0 0.542388 0.677497 0.067902 0.065653
0 0.545246 0.677651 0.067991 0.065681
0 0.548103 0.677804 0.068080 0.065709
0 0.550960 0.677958 0.068170 0.065737
0 0.553817 0.678111 0.068259 0.065765
0 0.556674 0.678265 0.068348 0.065792
0 0.559531 0.678418 0.068437 0.065820
0 0.562388 0.678571 0.068527 0.065848
0 0.565246 0.678725 0.068616 0.065876
0 0.568103 0.678878 0.068705 0.065904
0 0.570960 0.679032 0.068795 0.065932
0 0.573817 0.679185 0.068884 0.065960
0 0.576674 0.679339 0.068973 0.065988
0 0.579531 0.679492 0.069062 0.066016
0 0.582388 0.679646 0.069152 0.066044
0 0.585246 0.679799 0.069241 0.066071
0 0.588103 0.679953 0.069330 0.066099
0 0.590960 0.680106 0.069420 0.066127
0 0.593817 0.680259 0.069509 0.066155
0 0.596674 0.680413 0.069598 0.066183
0 0.599531 0.680566 0.069687 0.066211
0 0.602388 0.680720 0.069777 0.066239
0 0.605246 0.680873 0.069866 0.066267
0 0.608103 0.681027 0.069955 0.066295
0 0.610960 0.681180 0.070045 0.066323
0 0.613817 0.681334 0.070134 0.066350
0 0.616674 0.681487 0.070223 0.066378
0 0.619531 0.681641 0.070312 0.066406
0 0.623107 0.681733 0.070441 0.066406
0 0.626682 0.681824 0.070570 0.066406
0 0.630257 0.681916 0.070699 0.066406
0 0.633833 0.682008 0.070827 0.066406
0 0.637408 0.682100 0.070956 0.066406
0 0.640983 0.682192 0.071085 0.066406
0 0.644559 0.682284 0.071213 0.066406
0 0.648134 0.682376 0.071342 0.066406
0 0.651710 0.682468 0.071471 0.066406
0 0.655285 0.682560 0.071599 0.066406
0 0.658860 0.682652 0.071728 0.066406
0 0.662436 0.682744 0.071857 0.066406
0 0.666011 0.682835 0.071985 0.066406
0 0.669586 0.682927 0.072114 0.066406
0 0.673162 0.683019 0.072243 0.066406
0 0.676737 0.683111 0.072371 0.066406
0 0.680312 0.683203 0.072500 0.066406
0 0.683888 0.683295 0.072629 0.066406
0 0.687463 0.683387 0.072757 0.066406
0 0.691039 0.683479 0.072886 0.066406
0 0.694614 0.683571 0.073015 0.066406
0 0.698189 0.683663 0.073143 0.066406
0 0.701765 0.683755 0.073272 0.066406
0 0.705340 0.683847 0.073401 0.066406
0 0.708915 0.683938 0.073529 0.066406
0 0.712491 0.684030 0.073658 0.066406
0 0.716066 0.684122 0.073787 0.066406
0 0.719642 0.684214 0.073915 0.066406
0 0.723217 0.684306 0.074044 0.066406
0 0.726792 0.684398 0.074173 0.066406
0 0.730368 0.684490 0.074301 0.066406
0 0.733943 0.684582 0.074430 0.066406
0 0.737518 0.684674 0.074559 0.066406
0 0.741094 0.684766 0.074687 0.066406
0 0.744669 0.684858 0.074816 0.066406
0 0.748244 0.684949 0.074945 0.066406
0 0.751820 0.685041 0.075074 0.066406
0 0.755395 0.685133 0.075202 0.066406
0 0.758971 0.685225 0.075331 0.066406
0 0.762546 0.685317 0.075460 0.066406
0 0.766121 0.685409 0.075588 0.066406
0 0.769697 0.685501 0.075717 0.066406
0 0.773272 0.685593 0.075846 0.066406
0 0.776847 0.685685 0.075974 0.066406
0 0.780423 0.685777 0.076103 0.066406
0 0.783998 0.685869 0.076232 0.066406
0 0.787574 0.685960 0.076360 0.066406
0 0.791149 0.686052 0.076489 0.066406
0 0.794724 0.686144 0.076618 0.066406
0 0.798300 0.686236 0.076746 0.066406
0 0.801875 0.686328 0.076875 0.066406
0 0.805450 0.686420 0.077004 0.066406
0 0.809026 0.686512 0.077132 0.066406
0 0.812601 0.686604 0.077261 0.066406
0 0.816176 0.686696 0.077390 0.066406
0 0.819752 0.686788 0.077518 0.066406
0 0.823327 0.686880 0.077647 0.066406
0 0.826903 0.686972 0.077776 0.066406
0 0.830478 0.687063 0.077904 0.066406
0 0.834053 0.687155 0.078033 0.066406
0 0.837629 0.687247 0.078162 0.066406
0 0.841204 0.687339 0.078290 0.066406
0 0.844779 0.687431 0.078419 0.066406
0 0.848355 0.687523 0.078548 0.066406
0 0.851930 0.687615 0.078676 0.066406
0 0.855506 0.687707 0.078805 0.066406
0 0.859081 0.687799 0.078934 0.066406
0 0.862656 0.687891 0.079062 0.066406
0 0.866232 0.687983 0.079191 0.066406
0 0.869807 0.688074 0.079320 0.066406
0 0.873382 0.688166 0.079449 0.066406
0 0.876958 0.688258 0.079577 0.066406
0 0.880533 0.688350 0.079706 0.066406
0 0.884108 0.688442 0.079835 0.066406
0 0.887684 0.688534 0.079963 0.066406
0 0.891259 0.688626 0.080092 0.066406
0 0.894835 0.688718 0.080221 0.066406
0 0.898410 0.688810 0.080349 0.066406
0 0.901985 0.688902 0.080478 0.066406
0 0.905561 0.688994 0.080607 0.066406
0 0.909136 0.689085 0.080735 0.066406
0 0.912711 0.689177 0.080864 0.066406
0 0.916287 0.689269 0.080993 0.066406
0 0.919862 0.689361 0.081121 0.066406
0 0.923438 0.689453 0.081250 0.066406
