1 0.857031 0.685547 0.032813 0.050781
1 0.856463 0.685369 0.033381 0.051136
1 0.855895 0.685192 0.033949 0.051491
1 0.855327 0.685014 0.034517 0.051847
1 0.854759 0.684837 0.035085 0.052202
1 0.854190 0.684659 0.035653 0.052557
1 0.853622 0.684482 0.036222 0.052912
1 0.853054 0.684304 0.036790 0.053267
1 0.852486 0.684126 0.037358 0.053622
1 0.851918 0.683949 0.037926 0.053977
1 0.851349 0.683771 0.038494 0.054332
1 0.850781 0.683594 0.039062 0.054688
1 0.845313 0.683301 0.038438 0.053711
1 0.839844 0.683008 0.037813 0.052734
1 0.834375 0.682715 0.037188 0.051758
1 0.828906 0.682422 0.036563 0.050781
1 0.823438 0.682129 0.035938 0.049805
1 0.817969 0.681836 0.035313 0.048828
1 0.812500 0.681543 0.034688 0.047852
1 0.807031 0.681250 0.034063 0.046875
1 0.801563 0.680957 0.033438 0.045898
1 0.796094 0.680664 0.032813 0.044922
1 0.791094 0.680176 0.034375 0.045508
1 0.786094 0.679687 0.035938 0.046094
1 0.781094 0.679199 0.037500 0.046680
1 0.776094 0.678711 0.039063 0.047266
1 0.771094 0.678223 0.040625 0.047852
1 0.766094 0.677734 0.042188 0.048438
1 0.761094 0.677246 0.043750 0.049023
1 0.756094 0.676758 0.045313 0.049609
1 0.751094 0.676270 0.046875 0.050195
1 0.746094 0.675781 0.048438 0.050781
1 0.743359 0.675293 0.047396 0.049805
1 0.740625 0.674805 0.046354 0.048828
1 0.737891 0.674316 0.045313 0.047852
1 0.735156 0.673828 0.044271 0.046875
1 0.732422 0.673340 0.043229 0.045898
1 0.729688 0.672852 0.042188 0.044922
1 0.726953 0.672363 0.041146 0.043945
1 0.724219 0.671875 0.040104 0.042969
1 0.721484 0.671387 0.039063 0.041992
1 0.718750 0.670898 0.038021 0.041016
1 0.716016 0.670410 0.036979 0.040039
1 0.713281 0.669922 0.035937 0.039062
1 0.710511 0.669656 0.037216 0.039950
1 0.707741 0.669389 0.038494 0.040838
1 0.704972 0.669123 0.039773 0.041726
1 0.702202 0.668857 0.041051 0.042614
1 0.699432 0.668590 0.042330 0.043501
1 0.696662 0.668324 0.043608 0.044389
1 0.693892 0.668058 0.044886 0.045277
1 0.691122 0.667791 0.046165 0.046165
1 0.688352 0.667525 0.047443 0.047053
1 0.685582 0.667259 0.048722 0.047940
1 0.682813 0.666992 0.050000 0.048828
1 0.680078 0.666309 0.050156 0.049023
1 0.677344 0.665625 0.050313 0.049219
1 0.674609 0.664941 0.050469 0.049414
1 0.671875 0.664258 0.050625 0.049609
1 0.669141 0.663574 0.050781 0.049805
1 0.666406 0.662891 0.050938 0.050000
1 0.663672 0.662207 0.051094 0.050195
1 0.660937 0.661523 0.051250 0.050391
1 0.658203 0.660840 0.051406 0.050586
1 0.655469 0.660156 0.051562 0.050781
1 0.652699 0.659801 0.050568 0.050426
1 0.649929 0.659446 0.049574 0.050071
1 0.647159 0.659091 0.048580 0.049716
1 0.644389 0.658736 0.047585 0.049361
1 0.641619 0.658381 0.046591 0.049006
1 0.638849 0.658026 0.045597 0.048651
1 0.636080 0.657670 0.044602 0.048295
1 0.633310 0.657315 0.043608 0.047940
1 0.630540 0.656960 0.042614 0.047585
1 0.627770 0.656605 0.041619 0.047230
1 0.625000 0.656250 0.040625 0.046875
1 0.622309 0.655707 0.041493 0.047526
1 0.619618 0.655165 0.042361 0.048177
1 0.616927 0.654622 0.043229 0.048828
1 0.614236 0.654080 0.044097 0.049479
1 0.611545 0.653537 0.044965 0.050130
1 0.608854 0.652995 0.045833 0.050781
1 0.606163 0.652452 0.046701 0.051432
1 0.603472 0.651910 0.047569 0.052083
1 0.600781 0.651367 0.048438 0.052734
1 0.597656 0.651190 0.047869 0.052024
1 0.594531 0.651012 0.047301 0.051314
1 0.591406 0.650835 0.046733 0.050604
1 0.588281 0.650657 0.046165 0.049893
1 0.585156 0.650479 0.045597 0.049183
1 0.582031 0.650302 0.045028 0.048473
1 0.578906 0.650124 0.044460 0.047763
1 0.575781 0.649947 0.043892 0.047053
1 0.572656 0.649769 0.043324 0.046342
1 0.569531 0.649592 0.042756 0.045632
1 0.566406 0.649414 0.042188 0.044922
1 0.563477 0.648315 0.042188 0.046143
1 0.560547 0.647217 0.042188 0.047363
1 0.557617 0.646118 0.042188 0.048584
1 0.554688 0.645020 0.042188 0.049805
1 0.551758 0.643921 0.042188 0.051025
1 0.548828 0.642822 0.042188 0.052246
1 0.545898 0.641724 0.042188 0.053467
1 0.542969 0.640625 0.042188 0.054688
1 0.539062 0.640403 0.041903 0.054599
1 0.535156 0.640181 0.041619 0.054510
1 0.755682 0.620117 0.490199 0.740234
1 0.751847 0.617920 0.490057 0.740072
1 0.748011 0.615723 0.489915 0.739909
1 0.744176 0.613525 0.489773 0.739746
1 0.740341 0.611328 0.489631 0.739583
1 0.736506 0.609131 0.489489 0.739421
1 0.732670 0.606934 0.489347 0.739258
1 0.728835 0.604736 0.489205 0.739095
1 0.725000 0.602539 0.489062 0.738932
1 0.721165 0.600342 0.488920 0.738770
1 0.717330 0.598145 0.488778 0.738607
1 0.713494 0.595947 0.488636 0.738444
1 0.709659 0.593750 0.488494 0.738281
1 0.705824 0.591797 0.488352 0.738064
1 0.701989 0.589844 0.488210 0.737847
1 0.698153 0.587891 0.488068 0.737630
1 0.694318 0.585938 0.487926 0.737413
1 0.690483 0.583984 0.487784 0.737196
1 0.686648 0.582031 0.487642 0.736979
1 0.682813 0.580078 0.487500 0.736762
1 0.679190 0.578125 0.487358 0.736545
1 0.675568 0.576172 0.487216 0.736328
1 0.671946 0.574219 0.487074 0.736111
1 0.668324 0.572266 0.486932 0.735894
1 0.664702 0.570313 0.486790 0.735677
1 0.661080 0.568359 0.486648 0.735460
1 0.657457 0.566406 0.486506 0.735243
1 0.653835 0.564453 0.486364 0.735026
1 0.650213 0.562500 0.486222 0.734809
1 0.646591 0.560547 0.486080 0.734592
1 0.642969 0.558594 0.485938 0.734375
1 0.639896 0.556296 0.486042 0.733915
1 0.636823 0.553998 0.486146 0.733456
1 0.633750 0.551700 0.486250 0.732996
1 0.630677 0.549403 0.486354 0.732537
1 0.627604 0.547105 0.486458 0.732077
1 0.624531 0.544807 0.486562 0.731618
1 0.621458 0.542509 0.486667 0.731158
1 0.618385 0.540211 0.486771 0.730699
1 0.615313 0.537914 0.486875 0.730239
1 0.612240 0.535616 0.486979 0.729779
1 0.609167 0.533318 0.487083 0.729320
1 0.606094 0.531020 0.487187 0.728860
1 0.603021 0.528722 0.487292 0.728401
1 0.599948 0.526425 0.487396 0.727941
1 0.596875 0.524127 0.487500 0.727482
1 0.593203 0.521829 0.487344 0.727022
1 0.589531 0.519531 0.487187 0.726562
1 0.585859 0.517253 0.487031 0.726562
1 0.582187 0.514974 0.486875 0.726562
1 0.578516 0.512695 0.486719 0.726562
1 0.574844 0.510417 0.486562 0.726562
1 0.571172 0.508138 0.486406 0.726562
1 0.567500 0.505859 0.486250 0.726562
1 0.563828 0.503581 0.486094 0.726562
1 0.560156 0.501302 0.485938 0.726562
1 0.557096 0.499023 0.486068 0.726562
1 0.554036 0.496745 0.486198 0.726562
1 0.550977 0.494466 0.486328 0.726562
1 0.547917 0.492188 0.486458 0.726562
1 0.544857 0.489909 0.486589 0.726562
1 0.541797 0.487630 0.486719 0.726562
1 0.538737 0.485352 0.486849 0.726562
1 0.535677 0.483073 0.486979 0.726562
1 0.532617 0.480794 0.487109 0.726562
1 0.529557 0.478516 0.487240 0.726562
1 0.526497 0.475886 0.487370 0.725811
1 0.523438 0.473257 0.487500 0.725060
1 0.520145 0.470628 0.487612 0.724309
1 0.516853 0.467999 0.487723 0.723558
1 0.513560 0.465370 0.487835 0.722806
1 0.510268 0.462740 0.487946 0.722055
1 0.506975 0.460111 0.488058 0.721304
1 0.503683 0.457482 0.488170 0.720553
1 0.500391 0.454853 0.488281 0.719802
1 0.497098 0.452224 0.488393 0.719050
1 0.493806 0.449594 0.488504 0.718299
1 0.490513 0.446965 0.488616 0.717548
1 0.487221 0.444336 0.488728 0.716797
1 0.483929 0.442383 0.488839 0.716276
1 0.480636 0.440430 0.488951 0.715755
1 0.477344 0.438477 0.489063 0.715234
1 0.475071 0.436523 0.489063 0.714714
1 0.472798 0.434570 0.489063 0.714193
1 0.470526 0.432617 0.489063 0.713672
1 0.468253 0.430664 0.489063 0.713151
1 0.465980 0.428711 0.489063 0.712630
1 0.463707 0.426758 0.489063 0.712109
1 0.461435 0.424805 0.489063 0.711589
1 0.459162 0.422852 0.489063 0.711068
1 0.456889 0.420898 0.489063 0.710547
1 0.454616 0.418945 0.489063 0.710026
1 0.452344 0.416992 0.489063 0.709505
1 0.449219 0.415039 0.489631 0.708984
1 0.446094 0.413612 0.490199 0.707632
1 0.442969 0.412184 0.490767 0.706280
1 0.439844 0.410757 0.491335 0.704928
1 0.436719 0.409330 0.491903 0.703576
1 0.433594 0.407903 0.492472 0.702224
1 0.430469 0.406475 0.493040 0.700871
1 0.427344 0.405048 0.493608 0.699519
1 0.424219 0.403621 0.494176 0.698167
1 0.421094 0.402194 0.494744 0.696815
1 0.417969 0.400766 0.495312 0.695463
1 0.414964 0.399339 0.494832 0.694111
1 0.411959 0.397912 0.494351 0.692758
1 0.408954 0.396484 0.493870 0.691406
1 0.405950 0.395583 0.493389 0.689904
1 0.402945 0.394681 0.492909 0.688401
1 0.399940 0.393780 0.492428 0.686899
1 0.396935 0.392879 0.491947 0.685397
1 0.393930 0.391977 0.491466 0.683894
1 0.390925 0.391076 0.490986 0.682392
1 0.387921 0.390174 0.490505 0.680889
1 0.384916 0.389273 0.490024 0.679387
1 0.381911 0.388371 0.489543 0.677885
1 0.378906 0.387470 0.489063 0.676382
1 0.059375 0.700947 0.040144 0.052133
1 0.059375 0.699594 0.040385 0.052434
1 0.059375 0.698242 0.040625 0.052734
1 0.059162 0.697443 0.040483 0.052557
1 0.058949 0.696644 0.040341 0.052379
1 0.058736 0.695845 0.040199 0.052202
1 0.058523 0.695046 0.040057 0.052024
1 0.058310 0.694247 0.039915 0.051847
1 0.058097 0.693448 0.039773 0.051669
1 0.057884 0.692649 0.039631 0.051491
1 0.057670 0.691850 0.039489 0.051314
1 0.057457 0.691051 0.039347 0.051136
1 0.057244 0.690252 0.039205 0.050959
1 0.057031 0.689453 0.039062 0.050781
1 0.057648 0.688322 0.039474 0.051192
1 0.058265 0.687192 0.039885 0.051604
1 0.058882 0.686061 0.040296 0.052015
1 0.059498 0.684930 0.040707 0.052426
1 0.060115 0.683799 0.041118 0.052837
1 0.060732 0.682669 0.041530 0.053248
1 0.061349 0.681538 0.041941 0.053660
1 0.061965 0.680407 0.042352 0.054071
1 0.062582 0.679276 0.042763 0.054482
1 0.063199 0.678146 0.043174 0.054893
1 0.063816 0.677015 0.043586 0.055304
1 0.064433 0.675884 0.043997 0.055715
1 0.065049 0.674753 0.044408 0.056127
1 0.065666 0.673623 0.044819 0.056538
1 0.066283 0.672492 0.045230 0.056949
1 0.066900 0.671361 0.045641 0.057360
1 0.067516 0.670230 0.046053 0.057771
1 0.068133 0.669100 0.046464 0.058183
1 0.068750 0.667969 0.046875 0.058594
1 0.000000 0.000000 0.000000 0.000000
1 0.000000 0.000000 0.000000 0.000000
1 0.000000 0.000000 0.000000 0.000000
1 0.000000 0.000000 0.000000 0.000000
1 0.000000 0.000000 0.000000 0.000000
1 0.000000 0.000000 0.000000 0.000000
1 0.000000 0.000000 0.000000 0.000000
1 0.000000 0.000000 0.000000 0.000000
1 0.000000 0.000000 0.000000 0.000000
1 0.000000 0.000000 0.000000 0.000000
1 0.000000 0.000000 0.000000 0.000000
1 0.000000 0.000000 0.000000 0.000000
1 0.000000 0.000000 0.000000 0.000000
1 0.000000 0.000000 0.000000 0.000000
1 0.000000 0.000000 0.000000 0.000000
1 0.000000 0.000000 0.000000 0.000000
1 0.000000 0.000000 0.000000 0.000000
1 0.000000 0.000000 0.000000 0.000000
1 0.000000 0.000000 0.000000 0.000000
1 0.000000 0.000000 0.000000 0.000000
1 0.000000 0.000000 0.000000 0.000000
1 0.000000 0.000000 0.000000 0.000000
1 0.000000 0.000000 0.000000 0.000000
1 0.000000 0.000000 0.000000 0.000000
1 0.000000 0.000000 0.000000 0.000000
1 0.000000 0.000000 0.000000 0.000000
1 0.000000 0.000000 0.000000 0.000000
1 0.000000 0.000000 0.000000 0.000000
1 0.000000 0.000000 0.000000 0.000000
1 0.000000 0.000000 0.000000 0.000000
1 0.000000 0.000000 0.000000 0.000000
1 0.000000 0.000000 0.000000 0.000000
1 0.000000 0.000000 0.000000 0.000000
1 0.000000 0.000000 0.000000 0.000000
1 0.000000 0.000000 0.000000 0.000000
1 0.000000 0.000000 0.000000 0.000000
1 0.000000 0.000000 0.000000 0.000000
1 0.000000 0.000000 0.000000 0.000000
1 0.000000 0.000000 0.000000 0.000000
1 0.000000 0.000000 0.000000 0.000000
1 0.000000 0.000000 0.000000 0.000000
1 0.000000 0.000000 0.000000 0.000000
1 0.000000 0.000000 0.000000 0.000000
1 0.000000 0.000000 0.000000 0.000000
1 0.000000 0.000000 0.000000 0.000000
1 0.000000 0.000000 0.000000 0.000000
1 0.000000 0.000000 0.000000 0.000000
1 0.000000 0.000000 0.000000 0.000000
1 0.000000 0.000000 0.000000 0.000000
1 0.000000 0.000000 0.000000 0.000000
1 0.000000 0.000000 0.000000 0.000000
1 0.000000 0.000000 0.000000 0.000000
1 0.000000 0.000000 0.000000 0.000000
1 0.000000 0.000000 0.000000 0.000000
1 0.000000 0.000000 0.000000 0.000000
1 0.000000 0.000000 0.000000 0.000000
