1 0.432812 0.575195 0.040625 0.048828
1 0.432705 0.574555 0.040517 0.048895
1 0.432597 0.573916 0.040409 0.048963
1 0.432489 0.573276 0.040302 0.049030
1 0.432381 0.572636 0.040194 0.049098
1 0.432274 0.571996 0.040086 0.049165
1 0.432166 0.571356 0.039978 0.049232
1 0.432058 0.570717 0.039871 0.049300
1 0.431950 0.570077 0.039763 0.049367
1 0.431843 0.569437 0.039655 0.049434
1 0.431735 0.568797 0.039547 0.049502
1 0.431627 0.568157 0.039440 0.049569
1 0.431519 0.567518 0.039332 0.049636
1 0.431412 0.566878 0.039224 0.049704
1 0.431304 0.566238 0.039116 0.049771
1 0.431196 0.565598 0.039009 0.049838
1 0.431088 0.564958 0.038901 0.049906
1 0.430981 0.564318 0.038793 0.049973
1 0.430873 0.563679 0.038685 0.050040
1 0.430765 0.563039 0.038578 0.050108
1 0.430657 0.562399 0.038470 0.050175
1 0.430550 0.561759 0.038362 0.050242
1 0.430442 0.561119 0.038254 0.050310
1 0.430334 0.560480 0.038147 0.050377
1 0.430226 0.559840 0.038039 0.050445
1 0.430119 0.559200 0.037931 0.050512
1 0.430011 0.558560 0.037823 0.050579
1 0.429903 0.557920 0.037716 0.050647
1 0.429795 0.557280 0.037608 0.050714
1 0.429688 0.556641 0.037500 0.050781
1 0.429167 0.556763 0.038021 0.050863
1 0.428646 0.556885 0.038542 0.050944
1 0.428125 0.557007 0.039063 0.051025
1 0.427604 0.557129 0.039583 0.051107
1 0.427083 0.557251 0.040104 0.051188
1 0.426562 0.557373 0.040625 0.051270
1 0.426042 0.557495 0.041146 0.051351
1 0.425521 0.557617 0.041667 0.051432
1 0.425000 0.557739 0.042188 0.051514
1 0.424479 0.557861 0.042708 0.051595
1 0.423958 0.557983 0.043229 0.051676
1 0.423437 0.558105 0.043750 0.051758
1 0.422917 0.558228 0.044271 0.051839
1 0.422396 0.558350 0.044792 0.051921
1 0.421875 0.558472 0.045313 0.052002
1 0.421354 0.558594 0.045833 0.052083
1 0.420833 0.558716 0.046354 0.052165
1 0.420312 0.558838 0.046875 0.052246
1 0.419792 0.558960 0.047396 0.052327
1 0.419271 0.559082 0.047917 0.052409
1 0.418750 0.559204 0.048438 0.052490
1 0.418229 0.559326 0.048958 0.052572
1 0.417708 0.559448 0.049479 0.052653
1 0.417188 0.559570 0.050000 0.052734
1 0.417086 0.559495 0.049796 0.053093
1 0.416984 0.559420 0.049592 0.053453
1 0.416882 0.559345 0.049389 0.053812
1 0.416780 0.559269 0.049185 0.054171
1 0.416678 0.559194 0.048981 0.054530
1 0.416576 0.559119 0.048777 0.054889
1 0.416474 0.559044 0.048573 0.055248
1 0.416372 0.558969 0.048370 0.055607
1 0.416270 0.558893 0.048166 0.055966
1 0.416168 0.558818 0.047962 0.056325
1 0.416067 0.558743 0.047758 0.056684
1 0.415965 0.558668 0.047554 0.057043
1 0.415863 0.558592 0.047351 0.057402
1 0.415761 0.558517 0.047147 0.057761
1 0.415659 0.558442 0.046943 0.058120
1 0.415557 0.558367 0.046739 0.058479
1 0.415455 0.558292 0.046535 0.058839
1 0.415353 0.558216 0.046332 0.059198
1 0.415251 0.558141 0.046128 0.059557
1 0.415149 0.558066 0.045924 0.059916
1 0.415048 0.557991 0.045720 0.060275
1 0.414946 0.557915 0.045516 0.060634
1 0.414844 0.557840 0.045312 0.060993
1 0.415872 0.558908 0.045395 0.060661
1 0.416900 0.559975 0.045477 0.060329
1 0.417928 0.561043 0.045559 0.059997
1 0.418956 0.562111 0.045641 0.059666
1 0.419984 0.563178 0.045724 0.059334
1 0.421012 0.564246 0.045806 0.059002
1 0.422039 0.565314 0.045888 0.058670
1 0.423067 0.566381 0.045970 0.058338
1 0.424095 0.567449 0.046053 0.058006
1 0.425123 0.568516 0.046135 0.057674
1 0.426151 0.569584 0.046217 0.057342
1 0.427179 0.570652 0.046299 0.057011
1 0.428207 0.571719 0.046382 0.056679
1 0.429235 0.572787 0.046464 0.056347
1 0.430263 0.573855 0.046546 0.056015
1 0.431291 0.574922 0.046628 0.055683
1 0.432319 0.575990 0.046711 0.055351
1 0.433347 0.577057 0.046793 0.055019
1 0.434375 0.578125 0.046875 0.054688
1 0.436068 0.579346 0.046875 0.054850
1 0.437760 0.580566 0.046875 0.055013
1 0.439453 0.581787 0.046875 0.055176
1 0.441146 0.583008 0.046875 0.055339
1 0.442839 0.584229 0.046875 0.055501
1 0.444531 0.585449 0.046875 0.055664
1 0.446224 0.586670 0.046875 0.055827
1 0.447917 0.587891 0.046875 0.055990
1 0.449609 0.589111 0.046875 0.056152
1 0.451302 0.590332 0.046875 0.056315
1 0.452995 0.591553 0.046875 0.056478
1 0.454688 0.592773 0.046875 0.056641
1 0.456953 0.593945 0.046719 0.055859
1 0.459219 0.595117 0.046562 0.055078
1 0.461484 0.596289 0.046406 0.054297
1 0.463750 0.597461 0.046250 0.053516
1 0.466016 0.598633 0.046094 0.052734
1 0.468281 0.599805 0.045937 0.051953
1 0.470547 0.600977 0.045781 0.051172
1 0.472813 0.602148 0.045625 0.050391
1 0.475078 0.603320 0.045469 0.049609
1 0.477344 0.604492 0.045312 0.048828
1 0.480295 0.605577 0.045312 0.048828
1 0.483247 0.606662 0.045312 0.048828
1 0.486198 0.607747 0.045312 0.048828
1 0.489149 0.608832 0.045312 0.048828
1 0.492101 0.609918 0.045312 0.048828
1 0.495052 0.611003 0.045312 0.048828
1 0.498003 0.612088 0.045312 0.048828
1 0.500955 0.613173 0.045312 0.048828
1 0.503906 0.614258 0.045312 0.048828
1 0.506250 0.614160 0.045312 0.048242
1 0.508594 0.614063 0.045312 0.047656
1 0.510937 0.613965 0.045312 0.047070
1 0.513281 0.613867 0.045312 0.046484
1 0.515625 0.613770 0.045312 0.045898
1 0.517969 0.613672 0.045312 0.045313
1 0.520312 0.613574 0.045312 0.044727
1 0.522656 0.613477 0.045312 0.044141
1 0.525000 0.613379 0.045312 0.043555
1 0.527344 0.613281 0.045312 0.042969
1 0.529327 0.612079 0.045673 0.043570
1 0.531310 0.610877 0.046034 0.044171
1 0.533293 0.609675 0.046394 0.044772
1 0.535276 0.608474 0.046755 0.045373
1 0.537260 0.607272 0.047115 0.045974
1 0.539243 0.606070 0.047476 0.046575
1 0.541226 0.604868 0.047837 0.047175
1 0.543209 0.603666 0.048197 0.047776
1 0.545192 0.602464 0.048558 0.048377
1 0.547175 0.601262 0.048918 0.048978
1 0.549159 0.600060 0.049279 0.049579
1 0.551142 0.598858 0.049639 0.050180
1 0.553125 0.597656 0.050000 0.050781
1 0.554567 0.596304 0.050000 0.051082
1 0.556010 0.594952 0.050000 0.051382
1 0.557452 0.593600 0.050000 0.051683
1 0.558894 0.592248 0.050000 0.051983
1 0.560337 0.590895 0.050000 0.052284
1 0.561779 0.589543 0.050000 0.052584
1 0.563221 0.588191 0.050000 0.052885
1 0.564663 0.586839 0.050000 0.053185
1 0.566106 0.585487 0.050000 0.053486
1 0.567548 0.584135 0.050000 0.053786
1 0.568990 0.582782 0.050000 0.054087
1 0.570433 0.581430 0.050000 0.054387
1 0.571875 0.580078 0.050000 0.054688
1 0.572917 0.578532 0.049479 0.054850
1 0.573958 0.576986 0.048958 0.055013
1 0.575000 0.575439 0.048437 0.055176
1 0.576042 0.573893 0.047917 0.055339
1 0.577083 0.572347 0.047396 0.055501
1 0.578125 0.570801 0.046875 0.055664
1 0.579167 0.569255 0.046354 0.055827
1 0.580208 0.567708 0.045833 0.055990
1 0.581250 0.566162 0.045312 0.056152
1 0.582292 0.564616 0.044792 0.056315
1 0.583333 0.563070 0.044271 0.056478
1 0.584375 0.561523 0.043750 0.056641
1 0.584635 0.559570 0.044010 0.056966
1 0.584896 0.557617 0.044271 0.057292
1 0.585156 0.555664 0.044531 0.057617
1 0.585417 0.553711 0.044792 0.057943
1 0.585677 0.551758 0.045052 0.058268
1 0.585938 0.549805 0.045313 0.058594
1 0.586198 0.547852 0.045573 0.058919
1 0.586458 0.545898 0.045833 0.059245
1 0.586719 0.543945 0.046094 0.059570
1 0.586979 0.541992 0.046354 0.059896
1 0.587240 0.540039 0.046615 0.060221
1 0.587500 0.538086 0.046875 0.060547
1 0.587435 0.536540 0.046745 0.060710
1 0.587370 0.534993 0.046615 0.060872
1 0.587305 0.533447 0.046484 0.061035
1 0.587240 0.531901 0.046354 0.061198
1 0.587174 0.530355 0.046224 0.061361
1 0.587109 0.528809 0.046094 0.061523
1 0.587044 0.527262 0.045964 0.061686
1 0.586979 0.525716 0.045833 0.061849
1 0.586914 0.524170 0.045703 0.062012
1 0.586849 0.522624 0.045573 0.062174
1 0.586784 0.521077 0.045443 0.062337
1 0.586719 0.519531 0.045312 0.062500
1 0.586080 0.519176 0.045455 0.062322
1 0.585440 0.518821 0.045597 0.062145
1 0.584801 0.518466 0.045739 0.061967
1 0.584162 0.518111 0.045881 0.061790
1 0.583523 0.517756 0.046023 0.061612
1 0.582884 0.517401 0.046165 0.061435
1 0.582244 0.517045 0.046307 0.061257
1 0.581605 0.516690 0.046449 0.061080
1 0.580966 0.516335 0.046591 0.060902
1 0.580327 0.515980 0.046733 0.060724
1 0.579688 0.515625 0.046875 0.060547
1 0.579048 0.515270 0.047017 0.060369
1 0.578409 0.514915 0.047159 0.060192
1 0.577770 0.514560 0.047301 0.060014
1 0.577131 0.514205 0.047443 0.059837
1 0.576491 0.513849 0.047585 0.059659
1 0.575852 0.513494 0.047727 0.059482
1 0.575213 0.513139 0.047869 0.059304
1 0.574574 0.512784 0.048011 0.059126
1 0.573935 0.512429 0.048153 0.058949
1 0.573295 0.512074 0.048295 0.058771
1 0.572656 0.511719 0.048438 0.058594
1 0.571628 0.511770 0.048355 0.059108
1 0.570600 0.511822 0.048273 0.059622
1 0.569572 0.511873 0.048191 0.060136
1 0.568544 0.511924 0.048109 0.060650
1 0.567516 0.511976 0.048026 0.061164
1 0.566488 0.512027 0.047944 0.061678
1 0.565461 0.512079 0.047862 0.062192
1 0.564433 0.512130 0.047780 0.062706
1 0.563405 0.512181 0.047697 0.063220
1 0.562377 0.512233 0.047615 0.063734
1 0.561349 0.512284 0.047533 0.064248
1 0.560321 0.512336 0.047451 0.064762
1 0.559293 0.512387 0.047368 0.065275
1 0.558265 0.512438 0.047286 0.065789
1 0.557237 0.512490 0.047204 0.066303
1 0.556209 0.512541 0.047122 0.066817
1 0.555181 0.512593 0.047039 0.067331
1 0.554153 0.512644 0.046957 0.067845
1 0.553125 0.512695 0.046875 0.068359
1 0.551953 0.513306 0.046875 0.067383
1 0.550781 0.513916 0.046875 0.066406
1 0.549609 0.514526 0.046875 0.065430
1 0.548437 0.515137 0.046875 0.064453
1 0.547266 0.515747 0.046875 0.063477
1 0.546094 0.516357 0.046875 0.062500
1 0.544922 0.516968 0.046875 0.061523
1 0.543750 0.517578 0.046875 0.060547
1 0.542578 0.518188 0.046875 0.059570
1 0.541406 0.518799 0.046875 0.058594
1 0.540234 0.519409 0.046875 0.057617
1 0.539062 0.520020 0.046875 0.056641
1 0.537891 0.520630 0.046875 0.055664
1 0.536719 0.521240 0.046875 0.054687
1 0.535547 0.521851 0.046875 0.053711
1 0.534375 0.522461 0.046875 0.052734
1 0.533061 0.522195 0.046662 0.052912
1 0.531747 0.521928 0.046449 0.053089
1 0.530433 0.521662 0.046236 0.053267
1 0.529119 0.521396 0.046023 0.053445
1 0.527805 0.521129 0.045810 0.053622
1 0.526491 0.520863 0.045597 0.053800
1 0.525178 0.520597 0.045384 0.053977
1 0.523864 0.520330 0.045170 0.054155
1 0.522550 0.520064 0.044957 0.054332
1 0.521236 0.519798 0.044744 0.054510
1 0.519922 0.519531 0.044531 0.054687
1 0.518608 0.519265 0.044318 0.054865
1 0.517294 0.518999 0.044105 0.055043
1 0.515980 0.518732 0.043892 0.055220
1 0.514666 0.518466 0.043679 0.055398
1 0.513352 0.518200 0.043466 0.055575
1 0.512038 0.517933 0.043253 0.055753
1 0.510724 0.517667 0.043040 0.055930
1 0.509411 0.517401 0.042827 0.056108
1 0.508097 0.517134 0.042614 0.056286
1 0.506783 0.516868 0.042401 0.056463
1 0.505469 0.516602 0.042188 0.056641
1 0.504477 0.515362 0.042608 0.056716
1 0.503486 0.514123 0.043029 0.056791
1 0.502494 0.512883 0.043450 0.056866
1 0.501502 0.511644 0.043870 0.056941
1 0.500511 0.510404 0.044291 0.057016
1 0.499519 0.509165 0.044712 0.057091
1 0.498528 0.507925 0.045132 0.057166
1 0.497536 0.506686 0.045553 0.057242
1 0.496544 0.505446 0.045974 0.057317
1 0.495553 0.504207 0.046394 0.057392
1 0.494561 0.502967 0.046815 0.057467
1 0.493570 0.501728 0.047236 0.057542
1 0.492578 0.500488 0.047656 0.057617
1 0.491587 0.499249 0.048077 0.057692
1 0.490595 0.498009 0.048498 0.057767
1 0.489603 0.496770 0.048918 0.057843
1 0.488612 0.495530 0.049339 0.057918
1 0.487620 0.494291 0.049760 0.057993
1 0.486629 0.493051 0.050180 0.058068
1 0.485637 0.491812 0.050601 0.058143
1 0.484645 0.490572 0.051022 0.058218
1 0.483654 0.489333 0.051442 0.058293
1 0.482662 0.488093 0.051863 0.058368
1 0.481671 0.486854 0.052284 0.058444
1 0.480679 0.485614 0.052704 0.058519
1 0.479687 0.484375 0.053125 0.058594
1 0.479119 0.483176 0.052841 0.058683
1 0.478551 0.481978 0.052557 0.058771
1 0.477983 0.480779 0.052273 0.058860
1 0.477415 0.479581 0.051989 0.058949
1 0.476847 0.478382 0.051705 0.059038
1 0.476278 0.477184 0.051420 0.059126
1 0.475710 0.475985 0.051136 0.059215
1 0.475142 0.474787 0.050852 0.059304
1 0.474574 0.473588 0.050568 0.059393
1 0.474006 0.472390 0.050284 0.059482
1 0.473438 0.471191 0.050000 0.059570
1 0.472869 0.469993 0.049716 0.059659
1 0.472301 0.468794 0.049432 0.059748
1 0.471733 0.467596 0.049148 0.059837
1 0.471165 0.466397 0.048864 0.059925
1 0.470597 0.465199 0.048580 0.060014
1 0.470028 0.464000 0.048295 0.060103
1 0.469460 0.462802 0.048011 0.060192
1 0.468892 0.461603 0.047727 0.060281
1 0.468324 0.460405 0.047443 0.060369
1 0.467756 0.459206 0.047159 0.060458
1 0.467187 0.458008 0.046875 0.060547
