1 0.814063 0.993164 0.425000 0.517578
1 0.812537 0.992570 0.425298 0.517238
1 0.811012 0.991975 0.425595 0.516899
1 0.809487 0.991381 0.425893 0.516559
1 0.807961 0.990786 0.426190 0.516219
1 0.806436 0.990192 0.426488 0.515880
1 0.804911 0.989597 0.426786 0.515540
1 0.803385 0.989003 0.427083 0.515200
1 0.801860 0.988409 0.427381 0.514861
1 0.800335 0.987814 0.427679 0.514521
1 0.798810 0.987220 0.427976 0.514181
1 0.797284 0.986625 0.428274 0.513842
1 0.795759 0.986031 0.428571 0.513502
1 0.794234 0.985436 0.428869 0.513162
1 0.792708 0.984842 0.429167 0.512823
1 0.791183 0.984248 0.429464 0.512483
1 0.975558 0.996183 0.801562 0.537202
1 0.973696 0.995944 0.801187 0.537574
1 0.971835 0.995706 0.800812 0.537946
1 0.969973 0.995467 0.800437 0.538318
1 0.968112 0.995228 0.800062 0.538690
1 0.966250 0.994990 0.799687 0.539063
1 0.964388 0.994751 0.799312 0.539435
1 0.962527 0.994513 0.798937 0.539807
1 0.960665 0.993094 0.798562 0.540179
1 0.958804 0.991676 0.798187 0.540551
1 0.956942 0.990258 0.797812 0.540923
1 0.955080 0.988839 0.797437 0.541295
1 0.953219 0.987421 0.797062 0.541667
1 0.951357 0.986003 0.796687 0.542039
1 0.949496 0.984584 0.796312 0.542411
1 0.947634 0.983166 0.795937 0.542783
1 0.945772 0.981748 0.795562 0.543155
1 0.943911 0.980329 0.795187 0.543527
1 0.942049 0.978911 0.794812 0.543899
1 0.940187 0.977493 0.794437 0.544271
1 0.938326 0.976074 0.794062 0.544643
1 0.936464 0.974656 0.793687 0.545015
1 0.934603 0.973238 0.793312 0.545387
1 0.932741 0.971819 0.792937 0.545759
1 0.930879 0.970401 0.792562 0.546131
1 0.929018 0.968983 0.792188 0.546503
1 0.926953 0.967564 0.791406 0.546875
1 0.924826 0.966032 0.790625 0.547020
1 0.922700 0.964500 0.789844 0.547164
1 0.920573 0.962968 0.789063 0.547309
1 0.918446 0.961436 0.788281 0.547454
1 0.916319 0.959904 0.787500 0.547598
1 0.914193 0.958372 0.786719 0.547743
1 0.912066 0.956840 0.785938 0.547888
1 0.909939 0.955308 0.785156 0.548032
1 0.907813 0.953776 0.784375 0.548177
1 0.905686 0.952470 0.783594 0.548322
1 0.903559 0.951163 0.782813 0.548466
1 0.901432 0.949857 0.782031 0.548611
1 0.899306 0.948551 0.781250 0.548756
1 0.897179 0.947244 0.780469 0.548900
1 0.895052 0.945938 0.779688 0.549045
1 0.892925 0.944632 0.778906 0.549190
1 0.890799 0.943325 0.778125 0.549334
1 0.888672 0.942019 0.777344 0.549479
1 0.886545 0.940713 0.776563 0.549624
1 0.884579 0.939406 0.776103 0.549769
1 0.882613 0.938100 0.775643 0.549913
1 0.880647 0.936794 0.775184 0.550058
1 0.878682 0.935487 0.774724 0.550203
1 0.876716 0.934181 0.774265 0.550347
1 0.874750 0.932875 0.773805 0.550492
1 0.872784 0.931568 0.773346 0.550637
1 0.870818 0.929688 0.772886 0.550781
1 0.869416 0.927856 0.772426 0.551025
1 0.868015 0.926025 0.771967 0.551270
1 0.866613 0.924194 0.771507 0.551514
1 0.865211 0.922363 0.771048 0.551758
1 0.863810 0.920532 0.770588 0.552002
1 0.862408 0.918701 0.770129 0.552246
1 0.861006 0.916870 0.769669 0.552490
1 0.859605 0.915039 0.769210 0.552734
1 0.858203 0.913208 0.768750 0.552979
1 0.856979 0.911377 0.768646 0.553223
1 0.855755 0.909546 0.768542 0.553467
1 0.854531 0.907715 0.768437 0.553711
1 0.853307 0.905884 0.768333 0.553955
1 0.852083 0.904053 0.768229 0.554199
1 0.688672 1.105078 0.443750 0.960156
1 0.688036 1.103060 0.444821 0.960026
1 0.880833 0.815179 0.767917 0.515625
1 0.879219 0.816518 0.767812 0.515625
1 0.877604 0.817857 0.767708 0.515625
1 0.875990 0.819196 0.767604 0.515625
1 0.874375 0.820536 0.767500 0.515625
1 0.872760 1.043555 0.767396 0.958984
1 0.871146 1.045565 0.767292 0.960327
1 0.869531 1.047576 0.767187 0.961670
1 0.867917 1.049587 0.767083 0.963013
1 0.866302 1.051597 0.766979 0.964355
1 0.864687 1.053608 0.766875 0.965698
1 0.863073 1.055619 0.766771 0.967041
1 0.861458 1.057629 0.766667 0.968384
1 0.859844 1.059640 0.766562 0.969727
1 0.858229 1.061651 0.766458 0.971069
1 0.856615 1.063661 0.766354 0.972412
1 0.855000 1.065672 0.766250 0.973755
1 0.853757 1.067683 0.766146 0.975098
1 0.852515 1.069693 0.766042 0.976440
1 0.851272 1.071704 0.765937 0.977783
1 0.850030 1.073715 0.765833 0.979126
1 0.848787 1.075725 0.765729 0.980469
1 0.847545 1.077467 0.765625 0.981273
1 0.846302 1.079208 0.765521 0.982077
1 0.845060 1.080950 0.765417 0.982881
1 0.843817 1.082691 0.765312 0.983686
1 0.842574 1.084432 0.765208 0.984490
1 0.841332 1.086174 0.765104 0.985294
1 0.840089 1.087915 0.765000 0.986098
1 0.838847 1.089657 0.764896 0.986903
1 0.837604 1.091398 0.764792 0.987707
1 0.836362 1.093139 0.764687 0.988511
1 0.835119 1.094881 0.764583 0.989315
1 0.833876 1.096622 0.764479 0.990119
1 0.832634 1.098772 0.764375 0.990924
1 0.831391 1.100922 0.764271 0.991728
1 0.830149 1.103071 0.764167 0.992532
1 0.828906 1.105221 0.764062 0.993336
1 0.828259 1.107370 0.763958 0.994141
1 0.827612 1.109432 0.763854 0.994768
1 0.826964 1.111493 0.763750 0.995396
1 0.826317 1.113555 0.763646 0.996024
1 0.826317 1.113555 0.763646 0.996024
1 0.826317 1.113555 0.763646 0.996024
1 0.826317 1.113555 0.763646 0.996024
1 0.826317 1.113555 0.763646 0.996024
1 0.826317 1.113555 0.763646 0.996024
1 0.826317 1.113555 0.763646 0.996024
1 0.826317 1.113555 0.763646 0.996024
1 0.826317 1.113555 0.763646 0.996024
1 0.826317 1.113555 0.763646 0.996024
1 0.826317 1.113555 0.763646 0.996024
1 0.826317 1.113555 0.763646 0.996024
1 0.826317 1.113555 0.763646 0.996024
1 0.826317 1.113555 0.763646 0.996024
1 0.826317 1.113555 0.763646 0.996024
1 0.826317 1.113555 0.763646 0.996024
1 0.826317 1.113555 0.763646 0.996024
1 0.826317 1.113555 0.763646 0.996024
1 0.826317 1.113555 0.763646 0.996024
1 0.826317 1.113555 0.763646 0.996024
1 0.826317 1.113555 0.763646 0.996024
1 0.826317 1.113555 0.763646 0.996024
1 0.826317 1.113555 0.763646 0.996024
1 0.826317 1.113555 0.763646 0.996024
1 0.826317 1.113555 0.763646 0.996024
1 0.826317 1.113555 0.763646 0.996024
1 0.826317 1.113555 0.763646 0.996024
1 0.826317 1.113555 0.763646 0.996024
1 0.826317 1.113555 0.763646 0.996024
1 0.826317 1.113555 0.763646 0.996024
1 0.826317 1.113555 0.763646 0.996024
1 0.826317 1.113555 0.763646 0.996024
1 0.826317 1.113555 0.763646 0.996024
1 0.826317 1.113555 0.763646 0.996024
1 0.826317 1.113555 0.763646 0.996024
1 0.826317 1.113555 0.763646 0.996024
1 0.826317 1.113555 0.763646 0.996024
1 0.826317 1.113555 0.763646 0.996024
1 0.826317 1.113555 0.763646 0.996024
1 0.826317 1.113555 0.763646 0.996024
1 0.826317 1.113555 0.763646 0.996024
1 0.826317 1.113555 0.763646 0.996024
1 0.826317 1.113555 0.763646 0.996024
1 0.826317 1.113555 0.763646 0.996024
1 0.826317 1.113555 0.763646 0.996024
1 0.826317 1.113555 0.763646 0.996024
1 0.826317 1.113555 0.763646 0.996024
1 0.826317 1.113555 0.763646 0.996024
1 0.826317 1.113555 0.763646 0.996024
1 0.826317 1.113555 0.763646 0.996024
1 0.826317 1.113555 0.763646 0.996024
1 0.826317 1.113555 0.763646 0.996024
1 0.826317 1.113555 0.763646 0.996024
1 0.826317 1.113555 0.763646 0.996024
1 0.826317 1.113555 0.763646 0.996024
1 0.826317 1.113555 0.763646 0.996024
1 0.826317 1.113555 0.763646 0.996024
1 0.826317 1.113555 0.763646 0.996024
1 0.826317 1.113555 0.763646 0.996024
1 0.826317 1.113555 0.763646 0.996024
1 0.826317 1.113555 0.763646 0.996024
1 0.826317 1.113555 0.763646 0.996024
1 0.826317 1.113555 0.763646 0.996024
1 0.826317 1.113555 0.763646 0.996024
1 0.826317 1.113555 0.763646 0.996024
1 0.826317 1.113555 0.763646 0.996024
1 0.826317 1.113555 0.763646 0.996024
1 0.826317 1.113555 0.763646 0.996024
1 0.826317 1.113555 0.763646 0.996024
1 0.826317 1.113555 0.763646 0.996024
1 0.826317 1.113555 0.763646 0.996024
1 0.826317 1.113555 0.763646 0.996024
1 0.826317 1.113555 0.763646 0.996024
1 0.826317 1.113555 0.763646 0.996024
1 0.826317 1.113555 0.763646 0.996024
1 0.826317 1.113555 0.763646 0.996024
1 0.991068 1.222886 0.810262 1.030779
1 0.989667 1.223942 0.810769 1.030846
1 0.988266 1.224999 0.811275 1.030913
1 0.986865 1.226056 0.811782 1.030981
1 0.985464 1.227113 0.812289 1.031048
1 0.984063 1.228169 0.812796 1.031115
1 0.982662 1.229226 0.813302 1.031183
1 0.981261 1.230283 0.813809 1.031250
1 0.979860 1.231323 0.814316 1.031284
1 0.978459 1.232363 0.814823 1.031317
1 0.977058 1.233402 0.815329 1.031351
1 0.975657 1.234442 0.815836 1.031385
1 0.974256 1.235482 0.816343 1.031418
1 0.972855 1.236522 0.816850 1.031452
1 0.971454 1.237562 0.817356 1.031486
1 0.970053 1.238602 0.817863 1.031519
1 0.968652 1.239642 0.818370 1.031553
1 0.967251 1.240682 0.818877 1.031587
1 0.966528 1.241722 0.819383 1.031620
1 0.965804 1.242762 0.819890 1.031654
1 0.965081 1.243801 0.820397 1.031688
1 0.964358 1.244841 0.820904 1.031721
1 0.963635 1.245881 0.821410 1.031755
1 0.962912 1.246921 0.821917 1.031789
1 0.962189 1.247961 0.822424 1.031822
1 0.961465 1.249001 0.822931 1.031856
1 0.960742 1.250041 0.823438 1.031890
1 0.959814 1.251081 0.823535 1.031923
1 0.958887 1.252121 0.823633 1.031957
1 0.957959 1.253161 0.823730 1.031991
1 0.957031 1.254201 0.823828 1.032025
1 0.956104 1.255240 0.823926 1.032058
1 0.955176 1.256280 0.824023 1.032092
1 0.954248 1.257531 0.824121 1.032126
1 0.953320 1.258781 0.824219 1.032159
1 0.952393 1.260031 0.824316 1.032193
1 0.951465 1.261282 0.824414 1.032227
1 0.950537 1.262532 0.824512 1.032260
1 0.949609 1.263783 0.824609 1.032294
1 0.948682 1.265033 0.824707 1.032328
1 0.947754 1.266283 0.824805 1.032361
1 0.946826 1.267534 0.824902 1.032395
1 0.945898 1.268784 0.825000 1.032429
1 0.944971 1.270035 0.825098 1.032462
1 0.944043 1.271285 0.825195 1.032496
1 0.943115 1.272535 0.825293 1.032530
1 0.942188 1.273786 0.825391 1.032563
1 0.941260 1.275036 0.825488 1.032597
1 0.940332 1.276287 0.825586 1.032631
1 0.939404 1.277537 0.825684 1.032664
1 0.937444 1.278787 0.825781 1.032698
1 0.935484 1.280038 0.825879 1.032732
1 0.933524 1.281288 0.825977 1.032765
1 0.931564 1.282538 0.826074 1.032799
1 0.929604 1.283789 0.826172 1.032833
1 0.927644 1.285039 0.826270 1.032866
1 0.925684 1.286290 0.826367 1.032900
1 0.923723 1.287540 0.826465 1.032934
1 0.921763 1.288790 0.826563 1.032967
1 0.919803 1.290041 0.826660 1.033001
1 0.917843 1.291291 0.826758 1.033035
1 0.915883 1.292542 0.826855 1.033068
1 0.913923 1.293792 0.826953 1.033102
1 0.911963 1.295042 0.827051 1.033136
1 1.037034 1.406006 0.826536 0.744141
1 1.038035 1.405151 0.826562 0.742188
1 1.039376 1.404346 0.827273 0.740332
1 1.040718 1.403540 0.827983 0.738477
1 1.042060 1.402734 0.828693 0.736621
1 1.043402 1.401929 0.829403 0.734766
1 1.044744 1.401123 0.830114 0.732910
1 1.045933 1.400317 0.830824 0.731055
1 1.047121 1.399512 0.831534 0.729199
1 1.048310 1.398706 0.832244 0.727344
1 1.049498 1.397900 0.832955 0.725488
1 1.050687 1.397056 0.833665 0.723633
1 1.051875 1.396211 0.834375 0.721777
1 1.053063 1.395367 0.835085 0.719922
1 1.054252 1.394522 0.835795 0.718066
1 1.055440 1.393677 0.836506 0.716211
1 1.056629 1.392833 0.837216 0.714355
1 1.057817 1.391988 0.837926 0.712500
1 1.059006 1.391143 0.838636 0.710645
1 1.060194 1.390299 0.839347 0.708789
1 1.061383 1.389454 0.840057 0.706934
1 1.062571 1.388610 0.840767 0.705078
1 1.063759 1.387613 0.841477 0.702919
1 1.064948 1.386617 0.842187 0.700761
1 1.066116 1.385621 0.842857 0.698602
1 1.067284 1.384625 0.843527 0.696443
1 1.068452 1.383628 0.844196 0.694285
1 1.069621 1.382632 0.844866 0.692126
1 1.070789 1.381636 0.845536 0.689967
1 1.071957 1.380640 0.846205 0.687808
1 1.073125 1.379643 0.846875 0.685650
1 1.074293 1.378647 0.847545 0.683491
1 1.075461 1.377651 0.848214 0.681332
1 1.076629 1.376655 0.848884 0.679174
1 1.077798 1.375658 0.849554 0.677015
1 1.078966 1.374662 0.850223 0.674856
1 1.080134 1.373666 0.850893 0.672697
1 1.098136 1.198782 0.536431 0.268659
1 0.937350 0.935547 0.214727 0.534334
1 0.937317 0.933594 0.214528 0.534745
1 0.937284 0.931641 0.214328 0.535156
1 0.937251 0.929917 0.214129 0.536075
1 0.937217 0.928194 0.213930 0.536994
1 0.937184 0.926471 0.213730 0.537914
1 0.937151 0.924747 0.213531 0.538833
1 0.937118 0.923024 0.213331 0.539752
1 0.937084 0.921301 0.213132 0.540671
1 0.937051 0.919577 0.212932 0.541590
1 0.937018 0.917854 0.212733 0.542509
1 0.936985 0.916131 0.212533 0.543428
1 0.936951 0.914407 0.212334 0.544347
1 0.936918 0.912684 0.212134 0.545267
1 0.936885 0.910960 0.211935 0.546186
1 0.936852 0.909237 0.211735 0.547105
1 0.936818 0.907514 0.211536 0.548024
1 0.936785 0.905790 0.211336 0.548943
1 0.936752 0.904067 0.211137 0.549862
1 0.936719 0.902344 0.210938 0.550781
