1 0.523438 0.442383 0.037500 0.044922
1 0.524349 0.440485 0.037587 0.045032
1 0.525260 0.438587 0.037674 0.045143
1 0.526172 0.436689 0.037760 0.045253
1 0.527083 0.434791 0.037847 0.045364
1 0.527995 0.432893 0.037934 0.045474
1 0.528906 0.430995 0.038021 0.045584
1 0.529818 0.429097 0.038108 0.045695
1 0.530729 0.427199 0.038194 0.045805
1 0.531641 0.425302 0.038281 0.045916
1 0.532552 0.423404 0.038368 0.046026
1 0.533464 0.421506 0.038455 0.046136
1 0.534375 0.419608 0.038542 0.046247
1 0.535286 0.417710 0.038628 0.046357
1 0.536198 0.415812 0.038715 0.046468
1 0.537109 0.413914 0.038802 0.046578
1 0.538021 0.412016 0.038889 0.046688
1 0.538932 0.410118 0.038976 0.046799
1 0.539844 0.408220 0.039062 0.046909
1 0.540264 0.405364 0.038942 0.046907
1 0.540685 0.402509 0.038822 0.046904
1 0.541106 0.399653 0.038702 0.046901
1 0.541526 0.396797 0.038582 0.046899
1 0.541947 0.393941 0.038462 0.046896
1 0.542368 0.391085 0.038341 0.046893
1 0.542788 0.388229 0.038221 0.046891
1 0.543209 0.385373 0.038101 0.046888
1 0.543630 0.382517 0.037981 0.046886
1 0.544050 0.379661 0.037861 0.046883
1 0.544471 0.376806 0.037740 0.046880
1 0.544892 0.373950 0.037620 0.046878
1 0.545313 0.371094 0.037500 0.046875
1 0.546317 0.368862 0.036830 0.046317
1 0.547321 0.366629 0.036161 0.045759
1 0.548326 0.364397 0.035491 0.045201
1 0.549330 0.362165 0.034821 0.044643
1 0.550335 0.359933 0.034152 0.044085
1 0.551339 0.357701 0.033482 0.043527
1 0.552344 0.355469 0.032813 0.042969
1 0.552734 0.353760 0.033203 0.043457
1 0.553125 0.352051 0.033594 0.043945
1 0.553516 0.350342 0.033984 0.044434
1 0.553906 0.348633 0.034375 0.044922
1 0.554297 0.346924 0.034766 0.045410
1 0.554688 0.345215 0.035156 0.045898
1 0.555078 0.343506 0.035547 0.046387
1 0.555469 0.341797 0.035937 0.046875
1 0.555409 0.341346 0.035817 0.046875
1 0.555349 0.340895 0.035697 0.046875
1 0.555288 0.340445 0.035577 0.046875
1 0.555228 0.339994 0.035457 0.046875
1 0.555168 0.339543 0.035337 0.046875
1 0.555108 0.339093 0.035216 0.046875
1 0.555048 0.338642 0.035096 0.046875
1 0.554988 0.338191 0.034976 0.046875
1 0.554928 0.337740 0.034856 0.046875
1 0.554868 0.337290 0.034736 0.046875
1 0.554808 0.336839 0.034615 0.046875
1 0.554748 0.336388 0.034495 0.046875
1 0.554688 0.335938 0.034375 0.046875
1 0.555013 0.335938 0.034375 0.046875
1 0.555339 0.335938 0.034375 0.046875
1 0.555664 0.335938 0.034375 0.046875
1 0.555990 0.335938 0.034375 0.046875
1 0.556315 0.335938 0.034375 0.046875
1 0.556641 0.335938 0.034375 0.046875
1 0.556966 0.335938 0.034375 0.046875
1 0.557292 0.335938 0.034375 0.046875
1 0.557617 0.335938 0.034375 0.046875
1 0.557943 0.335938 0.034375 0.046875
1 0.558268 0.335938 0.034375 0.046875
1 0.558594 0.335938 0.034375 0.046875
1 0.558919 0.335938 0.034375 0.046875
1 0.559245 0.335938 0.034375 0.046875
1 0.559570 0.335938 0.034375 0.046875
1 0.559896 0.335938 0.034375 0.046875
1 0.560221 0.335938 0.034375 0.046875
1 0.560547 0.335938 0.034375 0.046875
1 0.560872 0.335938 0.034375 0.046875
1 0.561198 0.335938 0.034375 0.046875
1 0.561523 0.335938 0.034375 0.046875
1 0.561849 0.335938 0.034375 0.046875
1 0.562174 0.335938 0.034375 0.046875
1 0.562500 0.335938 0.034375 0.046875
1 0.562744 0.336060 0.034863 0.047119
1 0.562988 0.336182 0.035352 0.047363
1 0.563232 0.336304 0.035840 0.047607
1 0.563477 0.336426 0.036328 0.047852
1 0.563721 0.336548 0.036816 0.048096
1 0.563965 0.336670 0.037305 0.048340
1 0.564209 0.336792 0.037793 0.048584
1 0.564453 0.336914 0.038281 0.048828
1 0.564697 0.337036 0.038770 0.049072
1 0.564941 0.337158 0.039258 0.049316
1 0.565186 0.337280 0.039746 0.049561
1 0.565430 0.337402 0.040234 0.049805
1 0.565674 0.337524 0.040723 0.050049
1 0.565918 0.337646 0.041211 0.050293
1 0.566162 0.337769 0.041699 0.050537
1 0.566406 0.337891 0.042188 0.050781
1 0.566264 0.338068 0.041903 0.050781
1 0.566122 0.338246 0.041619 0.050781
1 0.565980 0.338423 0.041335 0.050781
1 0.565838 0.338601 0.041051 0.050781
1 0.565696 0.338778 0.040767 0.050781
1 0.565554 0.338956 0.040483 0.050781
1 0.565412 0.339134 0.040199 0.050781
1 0.565270 0.339311 0.039915 0.050781
1 0.565128 0.339489 0.039631 0.050781
1 0.564986 0.339666 0.039347 0.050781
1 0.564844 0.339844 0.039062 0.050781
1 0.564795 0.339783 0.039355 0.050903
1 0.564746 0.339722 0.039648 0.051025
1 0.564697 0.339661 0.039941 0.051147
1 0.564648 0.339600 0.040234 0.051270
1 0.564600 0.339539 0.040527 0.051392
1 0.564551 0.339478 0.040820 0.051514
1 0.564502 0.339417 0.041113 0.051636
1 0.564453 0.339355 0.041406 0.051758
1 0.564404 0.339294 0.041699 0.051880
1 0.564355 0.339233 0.041992 0.052002
1 0.564307 0.339172 0.042285 0.052124
1 0.564258 0.339111 0.042578 0.052246
1 0.564209 0.339050 0.042871 0.052368
1 0.564160 0.338989 0.043164 0.052490
1 0.564111 0.338928 0.043457 0.052612
1 0.564063 0.338867 0.043750 0.052734
1 0.564164 0.338910 0.043682 0.052649
1 0.564266 0.338952 0.043614 0.052565
1 0.564368 0.338995 0.043546 0.052480
1 0.564470 0.339037 0.043478 0.052395
1 0.564572 0.339079 0.043410 0.052310
1 0.564674 0.339122 0.043342 0.052225
1 0.564776 0.339164 0.043274 0.052140
1 0.564878 0.339207 0.043207 0.052055
1 0.564980 0.339249 0.043139 0.051970
1 0.565082 0.339292 0.043071 0.051885
1 0.565183 0.339334 0.043003 0.051800
1 0.565285 0.339377 0.042935 0.051715
1 0.565387 0.339419 0.042867 0.051630
1 0.565489 0.339462 0.042799 0.051546
1 0.565591 0.339504 0.042731 0.051461
1 0.565693 0.339547 0.042663 0.051376
1 0.565795 0.339589 0.042595 0.051291
1 0.565897 0.339631 0.042527 0.051206
1 0.565999 0.339674 0.042459 0.051121
1 0.566101 0.339716 0.042391 0.051036
1 0.566202 0.339759 0.042323 0.050951
1 0.566304 0.339801 0.042255 0.050866
1 0.566406 0.339844 0.042188 0.050781
1 0.566556 0.339844 0.042007 0.050631
1 0.566707 0.339844 0.041827 0.050481
1 0.566857 0.339844 0.041647 0.050331
1 0.567007 0.339844 0.041466 0.050180
1 0.567157 0.339844 0.041286 0.050030
1 0.567308 0.339844 0.041106 0.049880
1 0.567458 0.339844 0.040925 0.049730
1 0.567608 0.339844 0.040745 0.049579
1 0.567758 0.339844 0.040565 0.049429
1 0.567909 0.339844 0.040385 0.049279
1 0.568059 0.339844 0.040204 0.049129
1 0.568209 0.339844 0.040024 0.048978
1 0.568359 0.339844 0.039844 0.048828
1 0.568510 0.339844 0.039663 0.048678
1 0.568660 0.339844 0.039483 0.048528
1 0.568810 0.339844 0.039303 0.048377
1 0.568960 0.339844 0.039123 0.048227
1 0.569111 0.339844 0.038942 0.048077
1 0.569261 0.339844 0.038762 0.047927
1 0.569411 0.339844 0.038582 0.047776
1 0.569561 0.339844 0.038401 0.047626
1 0.569712 0.339844 0.038221 0.047476
1 0.569862 0.339844 0.038041 0.047326
1 0.570012 0.339844 0.037861 0.047175
1 0.570162 0.339844 0.037680 0.047025
1 0.570312 0.339844 0.037500 0.046875
1 0.570508 0.339948 0.037667 0.047224
1 0.570703 0.340053 0.037835 0.047573
1 0.570898 0.340158 0.038002 0.047921
1 0.571094 0.340262 0.038170 0.048270
1 0.571289 0.340367 0.038337 0.048619
1 0.571484 0.340472 0.038504 0.048968
1 0.571680 0.340576 0.038672 0.049316
1 0.571875 0.340681 0.038839 0.049665
1 0.572070 0.340785 0.039007 0.050014
1 0.572266 0.340890 0.039174 0.050363
1 0.572461 0.340995 0.039342 0.050711
1 0.572656 0.341099 0.039509 0.051060
1 0.572852 0.341204 0.039676 0.051409
1 0.573047 0.341309 0.039844 0.051758
1 0.573242 0.341413 0.040011 0.052107
1 0.573437 0.341518 0.040179 0.052455
1 0.573633 0.341622 0.040346 0.052804
1 0.573828 0.341727 0.040513 0.053153
1 0.574023 0.341832 0.040681 0.053502
1 0.574219 0.341936 0.040848 0.053850
1 0.574414 0.342041 0.041016 0.054199
1 0.574609 0.342146 0.041183 0.054548
1 0.574805 0.342250 0.041350 0.054897
1 0.575000 0.342355 0.041518 0.055246
1 0.575195 0.342460 0.041685 0.055594
1 0.575391 0.342564 0.041853 0.055943
1 0.575586 0.342669 0.042020 0.056292
1 0.575781 0.342773 0.042188 0.056641
1 0.575781 0.342623 0.042308 0.056641
1 0.575781 0.342473 0.042428 0.056641
1 0.575781 0.342323 0.042548 0.056641
1 0.575781 0.342172 0.042668 0.056641
1 0.575781 0.342022 0.042788 0.056641
1 0.575781 0.341872 0.042909 0.056641
1 0.575781 0.341722 0.043029 0.056641
1 0.575781 0.341572 0.043149 0.056641
1 0.575781 0.341421 0.043269 0.056641
1 0.575781 0.341271 0.043389 0.056641
1 0.575781 0.341121 0.043510 0.056641
1 0.575781 0.340971 0.043630 0.056641
1 0.575781 0.340820 0.043750 0.056641
1 0.575781 0.340670 0.043870 0.056641
1 0.575781 0.340520 0.043990 0.056641
1 0.575781 0.340370 0.044111 0.056641
1 0.575781 0.340219 0.044231 0.056641
1 0.575781 0.340069 0.044351 0.056641
1 0.575781 0.339919 0.044471 0.056641
1 0.575781 0.339769 0.044591 0.056641
1 0.575781 0.339618 0.044712 0.056641
1 0.575781 0.339468 0.044832 0.056641
1 0.575781 0.339318 0.044952 0.056641
1 0.575781 0.339168 0.045072 0.056641
1 0.575781 0.339017 0.045192 0.056641
1 0.575781 0.338867 0.045312 0.056641
1 0.575852 0.338867 0.045170 0.056641
1 0.575923 0.338867 0.045028 0.056641
1 0.575994 0.338867 0.044886 0.056641
1 0.576065 0.338867 0.044744 0.056641
1 0.576136 0.338867 0.044602 0.056641
1 0.576207 0.338867 0.044460 0.056641
1 0.576278 0.338867 0.044318 0.056641
1 0.576349 0.338867 0.044176 0.056641
1 0.576420 0.338867 0.044034 0.056641
1 0.576491 0.338867 0.043892 0.056641
1 0.576562 0.338867 0.043750 0.056641
1 0.576634 0.338867 0.043608 0.056641
1 0.576705 0.338867 0.043466 0.056641
1 0.576776 0.338867 0.043324 0.056641
1 0.576847 0.338867 0.043182 0.056641
1 0.576918 0.338867 0.043040 0.056641
1 0.576989 0.338867 0.042898 0.056641
1 0.577060 0.338867 0.042756 0.056641
1 0.577131 0.338867 0.042614 0.056641
1 0.577202 0.338867 0.042472 0.056641
1 0.577273 0.338867 0.042330 0.056641
1 0.577344 0.338867 0.042188 0.056641
1 0.577360 0.338908 0.042090 0.056641
1 0.577376 0.338949 0.041992 0.056641
1 0.577393 0.338989 0.041895 0.056641
1 0.577409 0.339030 0.041797 0.056641
1 0.577425 0.339071 0.041699 0.056641
1 0.577441 0.339111 0.041602 0.056641
1 0.577458 0.339152 0.041504 0.056641
1 0.577474 0.339193 0.041406 0.056641
1 0.577490 0.339233 0.041309 0.056641
1 0.577507 0.339274 0.041211 0.056641
1 0.577523 0.339315 0.041113 0.056641
1 0.577539 0.339355 0.041016 0.056641
1 0.577555 0.339396 0.040918 0.056641
1 0.577572 0.339437 0.040820 0.056641
1 0.577588 0.339478 0.040723 0.056641
1 0.577604 0.339518 0.040625 0.056641
1 0.577620 0.339559 0.040527 0.056641
1 0.577637 0.339600 0.040430 0.056641
1 0.577653 0.339640 0.040332 0.056641
1 0.577669 0.339681 0.040234 0.056641
1 0.577686 0.339722 0.040137 0.056641
1 0.577702 0.339762 0.040039 0.056641
1 0.577718 0.339803 0.039941 0.056641
1 0.577734 0.339844 0.039844 0.056641
1 0.577751 0.339884 0.039746 0.056641
1 0.577767 0.339925 0.039648 0.056641
1 0.577783 0.339966 0.039551 0.056641
1 0.577799 0.340007 0.039453 0.056641
1 0.577816 0.340047 0.039355 0.056641
1 0.577832 0.340088 0.039258 0.056641
1 0.577848 0.340129 0.039160 0.056641
1 0.577865 0.340169 0.039062 0.056641
1 0.577881 0.340210 0.038965 0.056641
1 0.577897 0.340251 0.038867 0.056641
1 0.577913 0.340291 0.038770 0.056641
1 0.577930 0.340332 0.038672 0.056641
1 0.577946 0.340373 0.038574 0.056641
1 0.577962 0.340413 0.038477 0.056641
1 0.577979 0.340454 0.038379 0.056641
1 0.577995 0.340495 0.038281 0.056641
1 0.578011 0.340535 0.038184 0.056641
1 0.578027 0.340576 0.038086 0.056641
1 0.578044 0.340617 0.037988 0.056641
1 0.578060 0.340658 0.037891 0.056641
1 0.578076 0.340698 0.037793 0.056641
1 0.578092 0.340739 0.037695 0.056641
1 0.578109 0.340780 0.037598 0.056641
1 0.578125 0.340820 0.037500 0.056641
1 0.578183 0.340784 0.037731 0.056568
1 0.578241 0.340748 0.037963 0.056496
1 0.578299 0.340712 0.038194 0.056424
1 0.578356 0.340676 0.038426 0.056351
1 0.578414 0.340639 0.038657 0.056279
1 0.578472 0.340603 0.038889 0.056207
1 0.578530 0.340567 0.039120 0.056134
1 0.578588 0.340531 0.039352 0.056062
1 0.578646 0.340495 0.039583 0.055990
1 0.578704 0.340459 0.039815 0.055917
1 0.578762 0.340422 0.040046 0.055845
1 0.578819 0.340386 0.040278 0.055773
1 0.578877 0.340350 0.040509 0.055700
1 0.578935 0.340314 0.040741 0.055628
1 0.578993 0.340278 0.040972 0.055556
1 0.579051 0.340242 0.041204 0.055483
1 0.579109 0.340205 0.041435 0.055411
1 0.579167 0.340169 0.041667 0.055339
1 0.579225 0.340133 0.041898 0.055266
1 0.579282 0.340097 0.042130 0.055194
1 0.579340 0.340061 0.042361 0.055122
1 0.579398 0.340025 0.042593 0.055049
1 0.579456 0.339988 0.042824 0.054977
1 0.579514 0.339952 0.043056 0.054905
1 0.579572 0.339916 0.043287 0.054832
1 0.579630 0.339880 0.043519 0.054760
1 0.579688 0.339844 0.043750 0.054688
