1 0.167187 0.208008 0.046875 0.072266
1 0.172476 0.209585 0.047115 0.072416
1 0.177764 0.211163 0.047356 0.072566
1 0.183053 0.212740 0.047596 0.072716
1 0.188341 0.214318 0.047837 0.072867
1 0.193630 0.215895 0.048077 0.073017
1 0.198918 0.217473 0.048317 0.073167
1 0.204207 0.219050 0.048558 0.073317
1 0.209495 0.220628 0.048798 0.073468
1 0.214784 0.222206 0.049038 0.073618
1 0.220072 0.223783 0.049279 0.073768
1 0.225361 0.225361 0.049519 0.073918
1 0.230649 0.226938 0.049760 0.074069
1 0.235937 0.228516 0.050000 0.074219
1 0.241176 0.230296 0.050184 0.074104
1 0.246415 0.232077 0.050368 0.073989
1 0.251654 0.233858 0.050551 0.073874
1 0.256893 0.235639 0.050735 0.073759
1 0.262132 0.237420 0.050919 0.073644
1 0.267371 0.239200 0.051103 0.073529
1 0.272610 0.240981 0.051287 0.073415
1 0.277849 0.242762 0.051471 0.073300
1 0.283088 0.244543 0.051654 0.073185
1 0.288327 0.246324 0.051838 0.073070
1 0.293566 0.248104 0.052022 0.072955
1 0.298805 0.249885 0.052206 0.072840
1 0.304044 0.251666 0.052390 0.072725
1 0.309283 0.253447 0.052574 0.072610
1 0.314522 0.255227 0.052757 0.072495
1 0.319761 0.257008 0.052941 0.072381
1 0.325000 0.258789 0.053125 0.072266
1 0.330744 0.261891 0.053217 0.072266
1 0.336489 0.264993 0.053309 0.072266
1 0.342233 0.268095 0.053401 0.072266
1 0.347978 0.271197 0.053493 0.072266
1 0.353722 0.274299 0.053585 0.072266
1 0.359467 0.277401 0.053676 0.072266
1 0.365211 0.280503 0.053768 0.072266
1 0.370956 0.283605 0.053860 0.072266
1 0.376700 0.286707 0.053952 0.072266
1 0.382445 0.289809 0.054044 0.072266
1 0.388189 0.292911 0.054136 0.072266
1 0.393934 0.296013 0.054228 0.072266
1 0.399678 0.299115 0.054320 0.072266
1 0.405423 0.302217 0.054412 0.072266
1 0.411167 0.305319 0.054504 0.072266
1 0.416912 0.308421 0.054596 0.072266
1 0.422656 0.311523 0.054688 0.072266
1 0.428365 0.314678 0.054327 0.072266
1 0.434075 0.317834 0.053966 0.072266
1 0.439784 0.320989 0.053606 0.072266
1 0.445493 0.324144 0.053245 0.072266
1 0.451202 0.327299 0.052885 0.072266
1 0.456911 0.330454 0.052524 0.072266
1 0.462620 0.333609 0.052163 0.072266
1 0.468329 0.336764 0.051803 0.072266
1 0.474038 0.339919 0.051442 0.072266
1 0.479748 0.343074 0.051082 0.072266
1 0.485457 0.346229 0.050721 0.072266
1 0.491166 0.349384 0.050361 0.072266
1 0.496875 0.352539 0.050000 0.072266
1 0.503190 0.356771 0.049609 0.072266
1 0.509505 0.361003 0.049219 0.072266
1 0.515820 0.365234 0.048828 0.072266
1 0.522135 0.369466 0.048437 0.072266
1 0.528451 0.373698 0.048047 0.072266
1 0.534766 0.377930 0.047656 0.072266
1 0.541081 0.382161 0.047266 0.072266
1 0.547396 0.386393 0.046875 0.072266
1 0.553711 0.390625 0.046484 0.072266
1 0.560026 0.394857 0.046094 0.072266
1 0.566341 0.399089 0.045703 0.072266
1 0.572656 0.403320 0.045312 0.072266
1 0.578125 0.407617 0.045625 0.072266
1 0.583594 0.411914 0.045937 0.072266
1 0.589062 0.416211 0.046250 0.072266
1 0.594531 0.420508 0.046562 0.072266
1 0.600000 0.424805 0.046875 0.072266
1 0.605469 0.429102 0.047187 0.072266
1 0.610937 0.433398 0.047500 0.072266
1 0.616406 0.437695 0.047812 0.072266
1 0.621875 0.441992 0.048125 0.072266
1 0.627344 0.446289 0.048438 0.072266
1 0.633854 0.451931 0.048264 0.071398
1 0.640365 0.457574 0.048090 0.070530
1 0.646875 0.463216 0.047917 0.069661
1 0.653385 0.468859 0.047743 0.068793
1 0.659896 0.474501 0.047569 0.067925
1 0.666406 0.480143 0.047396 0.067057
1 0.672917 0.485786 0.047222 0.066189
1 0.679427 0.491428 0.047049 0.065321
1 0.685937 0.497070 0.046875 0.064453
1 0.692318 0.503255 0.047135 0.065104
1 0.698698 0.509440 0.047396 0.065755
1 0.705078 0.515625 0.047656 0.066406
1 0.711458 0.521810 0.047917 0.067057
1 0.717839 0.527995 0.048177 0.067708
1 0.724219 0.534180 0.048438 0.068359
1 0.729102 0.537842 0.046484 0.067871
1 0.733984 0.541504 0.044531 0.067383
1 0.738867 0.545166 0.042578 0.066895
1 0.743750 0.548828 0.040625 0.066406
1 0.527344 0.359375 0.048438 0.070312
1 0.525521 0.357747 0.046875 0.069010
1 0.523698 0.356120 0.045312 0.067708
1 0.521875 0.354492 0.043750 0.066406
1 0.520052 0.352865 0.042188 0.065104
1 0.518229 0.351237 0.040625 0.063802
1 0.516406 0.349609 0.039062 0.062500
1 0.514509 0.348075 0.039286 0.063337
1 0.512612 0.346540 0.039509 0.064174
1 0.510714 0.345006 0.039732 0.065011
1 0.508817 0.343471 0.039955 0.065848
1 0.506920 0.341936 0.040179 0.066685
1 0.505022 0.340402 0.040402 0.067522
1 0.503125 0.338867 0.040625 0.068359
1 0.503906 0.337305 0.040625 0.067578
1 0.504687 0.335742 0.040625 0.066797
1 0.505469 0.334180 0.040625 0.066016
1 0.506250 0.332617 0.040625 0.065234
1 0.507031 0.331055 0.040625 0.064453
1 0.507812 0.329492 0.040625 0.063672
1 0.508594 0.327930 0.040625 0.062891
1 0.509375 0.326367 0.040625 0.062109
1 0.510156 0.324805 0.040625 0.061328
1 0.510937 0.323242 0.040625 0.060547
1 0.513465 0.322438 0.040533 0.060547
1 0.515993 0.321634 0.040441 0.060547
1 0.518520 0.320830 0.040349 0.060547
1 0.521048 0.320025 0.040257 0.060547
1 0.523575 0.319221 0.040165 0.060547
1 0.526103 0.318417 0.040074 0.060547
1 0.528631 0.317613 0.039982 0.060547
1 0.531158 0.316808 0.039890 0.060547
1 0.533686 0.316004 0.039798 0.060547
1 0.536213 0.315200 0.039706 0.060547
1 0.538741 0.314396 0.039614 0.060547
1 0.541268 0.313591 0.039522 0.060547
1 0.543796 0.312787 0.039430 0.060547
1 0.546324 0.311983 0.039338 0.060547
1 0.548851 0.311179 0.039246 0.060547
1 0.551379 0.310375 0.039154 0.060547
1 0.553906 0.309570 0.039062 0.060547
1 0.557118 0.310221 0.038889 0.060764
1 0.560330 0.310872 0.038715 0.060981
1 0.563542 0.311523 0.038542 0.061198
1 0.566753 0.312174 0.038368 0.061415
1 0.569965 0.312826 0.038194 0.061632
1 0.573177 0.313477 0.038021 0.061849
1 0.576389 0.314128 0.037847 0.062066
1 0.579601 0.314779 0.037674 0.062283
1 0.582813 0.315430 0.037500 0.062500
1 0.586024 0.316081 0.037326 0.062717
1 0.589236 0.316732 0.037153 0.062934
1 0.592448 0.317383 0.036979 0.063151
1 0.595660 0.318034 0.036806 0.063368
1 0.598872 0.318685 0.036632 0.063585
1 0.602083 0.319336 0.036458 0.063802
1 0.605295 0.319987 0.036285 0.064019
1 0.608507 0.320638 0.036111 0.064236
1 0.611719 0.321289 0.035937 0.064453
1 0.614893 0.322327 0.036426 0.064331
1 0.618066 0.323364 0.036914 0.064209
1 0.621240 0.324402 0.037402 0.064087
1 0.624414 0.325439 0.037891 0.063965
1 0.627588 0.326477 0.038379 0.063843
1 0.630762 0.327515 0.038867 0.063721
1 0.633936 0.328552 0.039355 0.063599
1 0.637109 0.329590 0.039844 0.063477
1 0.640283 0.330627 0.040332 0.063354
1 0.643457 0.331665 0.040820 0.063232
1 0.646631 0.332703 0.041309 0.063110
1 0.649805 0.333740 0.041797 0.062988
1 0.652979 0.334778 0.042285 0.062866
1 0.656152 0.335815 0.042773 0.062744
1 0.659326 0.336853 0.043262 0.062622
1 0.662500 0.337891 0.043750 0.062500
1 0.665104 0.340820 0.043056 0.062717
1 0.667708 0.343750 0.042361 0.062934
1 0.670312 0.346680 0.041667 0.063151
1 0.672917 0.349609 0.040972 0.063368
1 0.675521 0.352539 0.040278 0.063585
1 0.678125 0.355469 0.039583 0.063802
1 0.680729 0.358398 0.038889 0.064019
1 0.683333 0.361328 0.038194 0.064236
1 0.685938 0.364258 0.037500 0.064453
1 0.689509 0.367048 0.038839 0.063895
1 0.693080 0.369838 0.040179 0.063337
1 0.696652 0.372628 0.041518 0.062779
1 0.700223 0.375419 0.042857 0.062221
1 0.703795 0.378209 0.044196 0.061663
1 0.707366 0.380999 0.045536 0.061105
1 0.710938 0.383789 0.046875 0.060547
1 0.968750 0.328125 0.043750 0.093750
1 0.956152 0.333374 0.044336 0.092041
1 0.943555 0.338623 0.044922 0.090332
1 0.930957 0.343872 0.045508 0.088623
1 0.918359 0.349121 0.046094 0.086914
1 0.905762 0.354370 0.046680 0.085205
1 0.893164 0.359619 0.047266 0.083496
1 0.880566 0.364868 0.047852 0.081787
1 0.867969 0.370117 0.048438 0.080078
1 0.855022 0.373605 0.047991 0.082031
1 0.842076 0.377093 0.047545 0.083984
1 0.829129 0.380580 0.047098 0.085937
1 0.816183 0.384068 0.046652 0.087891
1 0.803237 0.387556 0.046205 0.089844
1 0.790290 0.391044 0.045759 0.091797
1 0.777344 0.394531 0.045312 0.093750
1 0.763170 0.400949 0.045536 0.090402
1 0.748996 0.407366 0.045759 0.087054
1 0.734821 0.413783 0.045982 0.083705
1 0.720647 0.420201 0.046205 0.080357
1 0.706473 0.426618 0.046429 0.077009
1 0.692299 0.433036 0.046652 0.073661
1 0.678125 0.439453 0.046875 0.070312
1 0.665278 0.442600 0.047569 0.071832
1 0.652431 0.445747 0.048264 0.073351
1 0.639583 0.448893 0.048958 0.074870
1 0.626736 0.452040 0.049653 0.076389
1 0.613889 0.455187 0.050347 0.077908
1 0.601042 0.458333 0.051042 0.079427
1 0.588194 0.461480 0.051736 0.080946
1 0.575347 0.464627 0.052431 0.082465
1 0.562500 0.467773 0.053125 0.083984
1 0.549826 0.469944 0.053472 0.083550
1 0.537153 0.472114 0.053819 0.083116
1 0.524479 0.474284 0.054167 0.082682
1 0.511806 0.476454 0.054514 0.082248
1 0.499132 0.478624 0.054861 0.081814
1 0.486458 0.480794 0.055208 0.081380
1 0.473785 0.482964 0.055556 0.080946
1 0.461111 0.485135 0.055903 0.080512
1 0.448437 0.487305 0.056250 0.080078
1 0.438672 0.488647 0.057813 0.080322
1 0.428906 0.489990 0.059375 0.080566
1 0.419141 0.491333 0.060938 0.080811
1 0.409375 0.492676 0.062500 0.081055
1 0.399609 0.494019 0.064063 0.081299
1 0.389844 0.495361 0.065625 0.081543
1 0.380078 0.496704 0.067188 0.081787
1 0.370312 0.498047 0.068750 0.082031
1 0.361384 0.497907 0.066964 0.083426
1 0.352455 0.497768 0.065179 0.084821
1 0.343527 0.497628 0.063393 0.086217
1 0.334598 0.497489 0.061607 0.087612
1 0.325670 0.497349 0.059821 0.089007
1 0.316741 0.497210 0.058036 0.090402
1 0.307812 0.497070 0.056250 0.091797
1 0.302945 0.494967 0.055889 0.090895
1 0.298077 0.492864 0.055529 0.089994
1 0.293209 0.490760 0.055168 0.089093
1 0.288341 0.488657 0.054808 0.088191
1 0.283474 0.486553 0.054447 0.087290
1 0.278606 0.484450 0.054087 0.086388
1 0.273738 0.482347 0.053726 0.085487
1 0.268870 0.480243 0.053365 0.084585
1 0.264002 0.478140 0.053005 0.083684
1 0.259135 0.476037 0.052644 0.082782
1 0.254267 0.473933 0.052284 0.081881
1 0.249399 0.471830 0.051923 0.080980
1 0.244531 0.469727 0.051562 0.080078
1 0.528125 0.784180 0.050000 0.048828
1 0.526562 0.784180 0.043750 0.056641
1 0.527539 0.786987 0.044531 0.057861
1 0.528516 0.789795 0.045313 0.059082
1 0.529492 0.792603 0.046094 0.060303
1 0.530469 0.795410 0.046875 0.061523
1 0.531445 0.798218 0.047656 0.062744
1 0.532422 0.801025 0.048438 0.063965
1 0.533398 0.803833 0.049219 0.065186
1 0.534375 0.806641 0.050000 0.066406
1 0.537440 0.803861 0.050601 0.065956
1 0.540505 0.801082 0.051202 0.065505
1 0.543570 0.798302 0.051803 0.065054
1 0.546635 0.795523 0.052404 0.064603
1 0.549700 0.792743 0.053005 0.064153
1 0.552764 0.789964 0.053606 0.063702
1 0.555829 0.787184 0.054207 0.063251
1 0.558894 0.784405 0.054808 0.062800
1 0.561959 0.781626 0.055409 0.062350
1 0.565024 0.778846 0.056010 0.061899
1 0.568089 0.776067 0.056611 0.061448
1 0.571154 0.773287 0.057212 0.060998
1 0.574219 0.770508 0.057813 0.060547
1 0.578038 0.764865 0.056771 0.060981
1 0.581858 0.759223 0.055729 0.061415
1 0.585677 0.753581 0.054687 0.061849
1 0.589497 0.747938 0.053646 0.062283
1 0.593316 0.742296 0.052604 0.062717
1 0.597135 0.736654 0.051562 0.063151
1 0.600955 0.731011 0.050521 0.063585
1 0.604774 0.725369 0.049479 0.064019
1 0.608594 0.719727 0.048438 0.064453
1 0.612734 0.712793 0.048594 0.064648
1 0.616875 0.705859 0.048750 0.064844
1 0.621016 0.698926 0.048906 0.065039
1 0.625156 0.691992 0.049063 0.065234
1 0.629297 0.685059 0.049219 0.065430
1 0.633438 0.678125 0.049375 0.065625
1 0.637578 0.671191 0.049531 0.065820
1 0.641719 0.664258 0.049688 0.066016
1 0.645859 0.657324 0.049844 0.066211
1 0.650000 0.650391 0.050000 0.066406
1 0.655556 0.642904 0.051736 0.068793
1 0.661111 0.635417 0.053472 0.071181
1 0.666667 0.627930 0.055208 0.073568
1 0.672222 0.620443 0.056944 0.075955
1 0.677778 0.612956 0.058681 0.078342
1 0.683333 0.605469 0.060417 0.080729
1 0.688889 0.597982 0.062153 0.083116
1 0.694444 0.590495 0.063889 0.085503
1 0.700000 0.583008 0.065625 0.087891
