1 0.454201 0.419423 0.046482 0.056099
1 0.451596 0.419354 0.044065 0.053111
1 0.445756 0.418936 0.043976 0.053130
1 0.439891 0.418022 0.045957 0.055394
1 0.437122 0.418021 0.047083 0.056808
1 0.431017 0.417826 0.045752 0.055176
1 0.428186 0.417262 0.043068 0.051855
1 0.422399 0.417264 0.042901 0.051684
1 0.416197 0.416338 0.043792 0.052751
1 0.413419 0.416270 0.048039 0.058068
1 0.407314 0.415256 0.048096 0.058199
1 0.404123 0.415248 0.048064 0.058160
1 0.397856 0.414755 0.048263 0.058402
1 0.394817 0.414723 0.048235 0.058364
1 0.389046 0.414234 0.045033 0.054252
1 0.385910 0.413708 0.044738 0.053925
1 0.379803 0.413239 0.043330 0.052181
1 0.376711 0.412820 0.043482 0.052355
1 0.370459 0.412472 0.043872 0.052819
1 0.364205 0.411663 0.043627 0.052523
1 0.361101 0.411395 0.043435 0.052285
1 0.354906 0.409527 0.043704 0.052632
1 0.351843 0.409517 0.043697 0.052635
1 0.345599 0.407700 0.043898 0.052877
1 0.339014 0.406720 0.046207 0.055770
1 0.335861 0.406179 0.046452 0.056059
1 0.329614 0.404626 0.046151 0.055704
1 0.326539 0.404480 0.046035 0.055534
1 0.323412 0.403436 0.045601 0.055066
1 0.316756 0.401984 0.048980 0.059320
1 0.310296 0.400464 0.049463 0.059887
1 0.306911 0.400012 0.047334 0.057235
1 0.300665 0.397727 0.047047 0.056913
1 0.294388 0.396363 0.046329 0.055969
1 0.287770 0.394465 0.043403 0.052253
1 0.284209 0.393873 0.047087 0.056969
1 0.277889 0.391995 0.047317 0.057264
1 0.274377 0.391094 0.048442 0.058681
1 0.267804 0.389129 0.045043 0.054377
1 0.264295 0.388117 0.042870 0.051631
1 0.257807 0.386151 0.044642 0.053887
1 0.250930 0.383760 0.047608 0.057668
1 0.244413 0.382166 0.044925 0.054267
1 0.240977 0.381958 0.041962 0.050517
1 0.234489 0.380580 0.043010 0.051789
1 0.231486 0.379606 0.042726 0.051466
1 0.224669 0.376258 0.046527 0.056239
1 0.218396 0.372766 0.047586 0.057534
1 0.215275 0.370413 0.047781 0.057816
1 0.208850 0.365576 0.049202 0.059570
1 0.205443 0.363816 0.047369 0.057301
1 0.198372 0.361958 0.046249 0.055887
1 0.194898 0.361444 0.048421 0.058590
1 0.188381 0.360402 0.048101 0.058221
1 0.185032 0.359749 0.047266 0.057141
1 0.172603 0.359832 0.041525 0.050010
1 0.169978 0.359523 0.043781 0.052810
1 0.164844 0.357422 0.042188 0.050781
1 0.166629 0.352269 0.029450 0.033552
1 0.160674 0.347375 0.028568 0.032846
1 0.156504 0.342792 0.031466 0.036045
1 0.150417 0.339473 0.031877 0.036577
1 0.147627 0.337136 0.031290 0.035686
1 0.161591 0.332999 0.031363 0.035646
1 0.172526 0.334750 0.031250 0.035500
1 0.173879 0.335006 0.056781 0.065490
1 0.186444 0.335178 0.058284 0.067269
1 0.211054 0.331041 0.058634 0.067357
1 0.221966 0.329569 0.059112 0.067723
1 0.250619 0.332406 0.057421 0.066150
1 0.280756 0.331124 0.057588 0.065847
1 0.300754 0.325824 0.057389 0.065599
1 0.306784 0.323633 0.058434 0.066806
1 0.317201 0.320133 0.058485 0.066927
1 0.325396 0.318085 0.059241 0.067780
1 0.326987 0.318597 0.059614 0.068593
1 0.326139 0.318323 0.057649 0.066161
1 0.325801 0.316573 0.057753 0.066434
1 0.327395 0.315641 0.059112 0.067620
1 0.328260 0.317512 0.063111 0.072391
1 0.328645 0.316965 0.064221 0.074031
1 0.328541 0.311943 0.064845 0.074458
1 0.329261 0.309423 0.058701 0.067025
1 0.332822 0.307683 0.060472 0.068872
1 0.333357 0.305897 0.060183 0.068403
1 0.332847 0.305285 0.060439 0.068912
1 0.332085 0.305226 0.058172 0.066123
1 0.336301 0.303813 0.061782 0.070385
1 0.338264 0.302782 0.058371 0.066164
1 0.339655 0.304274 0.061122 0.069704
1 0.341596 0.302546 0.056803 0.064486
1 0.343447 0.301265 0.058218 0.066604
1 0.344915 0.299323 0.057492 0.065765
1 0.342706 0.298792 0.061094 0.069911
1 0.336142 0.293362 0.060770 0.069475
1 0.332154 0.290959 0.056413 0.063838
1 0.324188 0.288227 0.057165 0.064772
1 0.315445 0.287134 0.057960 0.065776
1 0.311542 0.285936 0.058579 0.066709
1 0.303445 0.284775 0.060657 0.069062
1 0.295869 0.282562 0.060414 0.068842
1 0.292507 0.280938 0.060975 0.069524
1 0.286433 0.279107 0.058443 0.066462
1 0.283053 0.277557 0.060187 0.068907
1 0.275924 0.272878 0.054758 0.061966
1 0.272157 0.270626 0.058765 0.066961
1 0.264098 0.267599 0.057786 0.065874
1 0.259950 0.265906 0.057486 0.065705
1 0.251211 0.263105 0.056029 0.063483
1 0.242924 0.262310 0.056463 0.064239
1 0.237815 0.261459 0.058010 0.065735
1 0.226997 0.259700 0.057272 0.064798
1 0.222619 0.258066 0.054770 0.062079
1 0.215172 0.256254 0.053408 0.059566
1 0.212045 0.253968 0.053173 0.058962
1 0.205158 0.249449 0.054750 0.060824
1 0.197490 0.243132 0.056491 0.062912
1 0.194358 0.240359 0.055661 0.061714
1 0.187636 0.236833 0.057481 0.063889
1 0.179699 0.233519 0.056800 0.062972
1 0.175572 0.232406 0.056592 0.062889
1 0.172443 0.231996 0.056849 0.063195
1 0.173226 0.228289 0.056526 0.062756
1 0.186340 0.229090 0.056373 0.062447
1 0.200485 0.232088 0.055825 0.061810
1 0.229053 0.229320 0.054321 0.060416
1 0.244903 0.228230 0.055053 0.061062
1 0.280469 0.225586 0.054688 0.060547
1 0.298767 0.229749 0.039062 0.048828
1 0.341529 0.216485 0.045312 0.056641
1 0.356680 0.217778 0.046875 0.058594
1 0.387235 0.217669 0.046875 0.058594
1 0.397742 0.218830 0.043750 0.054688
1 0.421434 0.219144 0.042188 0.052734
1 0.442987 0.221877 0.043750 0.054688
1 0.446264 0.216683 0.042188 0.052734
1 0.460533 0.217947 0.042188 0.052734
1 0.465836 0.215838 0.042188 0.052734
1 0.462821 0.205279 0.040625 0.050781
1 0.479272 0.203904 0.040625 0.050781
1 0.485736 0.201064 0.040625 0.050781
1 0.490184 0.200050 0.040625 0.050781
1 0.493811 0.193277 0.040625 0.050781
1 0.505802 0.198131 0.040625 0.050781
1 0.511853 0.202037 0.040625 0.050781
1 0.512547 0.194272 0.043750 0.054688
1 0.511233 0.204075 0.045023 0.056278
1 0.522127 0.202989 0.044771 0.055964
1 0.529713 0.194952 0.044353 0.055441
1 0.540675 0.189861 0.044409 0.055511
1 0.552997 0.186232 0.044226 0.055282
1 0.558202 0.182340 0.044734 0.055918
1 0.567563 0.176005 0.044776 0.055970
1 0.580728 0.177803 0.044700 0.055875
1 0.587937 0.178293 0.044942 0.056178
1 0.598858 0.172606 0.044938 0.056173
1 0.604923 0.171848 0.044811 0.056014
1 0.619956 0.171065 0.044458 0.055572
1 0.636224 0.166784 0.045035 0.056294
1 0.641344 0.163175 0.045067 0.056334
1 0.644376 0.159447 0.045042 0.056303
1 0.648349 0.154713 0.044415 0.055518
1 0.655104 0.150175 0.044604 0.055755
1 0.656669 0.146674 0.044319 0.055399
1 0.657475 0.145860 0.044008 0.055009
1 0.658673 0.145075 0.044302 0.055378
1 0.663069 0.142946 0.044438 0.055547
1 0.663607 0.140176 0.043684 0.054606
1 0.663719 0.139390 0.043417 0.054272
1 0.670121 0.134320 0.043519 0.054399
1 0.674236 0.130199 0.043914 0.054892
1 0.678593 0.122528 0.043963 0.054954
1 0.679171 0.119348 0.043653 0.054567
1 0.680813 0.113161 0.043675 0.054594
1 0.678409 0.107713 0.044056 0.055070
1 0.669633 0.107275 0.043787 0.054734
1 0.664055 0.106725 0.044113 0.055142
1 0.658246 0.105422 0.044121 0.055151
1 0.646300 0.103699 0.043917 0.054896
1 0.636060 0.102660 0.044097 0.055121
1 0.631623 0.101318 0.043886 0.054858
1 0.620868 0.094074 0.043851 0.054814
1 0.615156 0.091077 0.043983 0.054979
1 0.604823 0.085666 0.044639 0.055799
1 0.596166 0.084686 0.044693 0.055866
1 0.592678 0.084420 0.044572 0.055715
1 0.580807 0.080848 0.044649 0.055812
1 0.575582 0.081804 0.044425 0.055531
1 0.566850 0.080532 0.044246 0.055308
1 0.564203 0.080223 0.044005 0.055007
1 0.556099 0.079407 0.044072 0.055090
1 0.550130 0.077601 0.043987 0.054983
1 0.548221 0.074693 0.043824 0.054780
1 0.543319 0.068178 0.043782 0.054727
1 0.539039 0.064343 0.043841 0.054801
1 0.527887 0.056686 0.043759 0.054699
1 0.521468 0.052830 0.043765 0.054707
1 0.507812 0.050781 0.043750 0.054688
1 0.493004 0.055211 0.055134 0.063238
1 0.480545 0.054267 0.054801 0.062805
1 0.466898 0.054186 0.056211 0.064496
1 0.460429 0.054034 0.055846 0.064056
1 0.448377 0.057180 0.056311 0.064580
1 0.442806 0.070289 0.055796 0.064030
1 0.430520 0.082284 0.055973 0.064252
1 0.424036 0.093374 0.055880 0.064121
1 0.410590 0.107833 0.056185 0.064454
1 0.403544 0.111761 0.056040 0.064307
1 0.389750 0.112607 0.056505 0.064919
1 0.376824 0.110659 0.056550 0.064928
1 0.369747 0.110030 0.055792 0.063990
1 0.355582 0.110556 0.057368 0.065985
1 0.349129 0.110765 0.057095 0.065651
1 0.336671 0.122985 0.057207 0.065794
1 0.329910 0.125086 0.057423 0.065986
1 0.316349 0.131335 0.056350 0.064680
1 0.310561 0.135971 0.057224 0.065738
1 0.297366 0.149691 0.056625 0.064987
1 0.289566 0.150473 0.056264 0.064531
1 0.274206 0.145883 0.055770 0.063903
1 0.259957 0.144792 0.055984 0.064238
1 0.252239 0.142765 0.055854 0.064054
1 0.236889 0.140598 0.055944 0.064111
1 0.221668 0.136659 0.056462 0.064714
1 0.213815 0.134360 0.056673 0.064995
1 0.196353 0.131524 0.056048 0.064240
1 0.187774 0.129596 0.056139 0.064351
1 0.169468 0.121559 0.055765 0.063914
1 0.151925 0.121691 0.055961 0.064150
1 0.132811 0.120419 0.056509 0.064787
1 0.123443 0.120144 0.056257 0.064463
1 0.107812 0.118164 0.056250 0.064453
1 0.745194 0.544413 0.029283 0.049780
1 0.751636 0.530504 0.037482 0.054173
1 0.748178 0.478531 0.044467 0.048762
1 0.745943 0.451746 0.053941 0.059357
1 0.743350 0.423782 0.041804 0.045143
1 0.743436 0.424928 0.044419 0.047889
1 0.740140 0.429293 0.038627 0.040459
1 0.735041 0.431526 0.038454 0.040520
1 0.735920 0.436114 0.047169 0.050122
1 0.742697 0.449034 0.035194 0.036136
1 0.756493 0.469921 0.041381 0.041750
1 0.766508 0.493493 0.036024 0.036261
1 0.778265 0.514430 0.036033 0.035305
1 0.779884 0.511761 0.030656 0.030182
1 0.775768 0.511553 0.031702 0.031573
1 0.769618 0.512268 0.037756 0.038076
1 0.768003 0.512073 0.034740 0.034339
1 0.763645 0.512820 0.043766 0.044945
1 0.760106 0.512915 0.040923 0.041631
1 0.756528 0.513296 0.034702 0.033968
1 0.749151 0.513843 0.032964 0.032508
1 0.743135 0.511677 0.036728 0.037394
1 0.739924 0.510392 0.038821 0.038972
1 0.735156 0.509766 0.035937 0.035156
1 0.730469 0.514648 0.039062 0.041016
1 0.728125 0.512695 0.034375 0.037109
1 0.724219 0.516602 0.032813 0.048828
1 0.722656 0.519531 0.032813 0.039062
1 0.722656 0.532227 0.035937 0.044922
1 0.723437 0.542969 0.028125 0.042969
1 0.729688 0.552734 0.021875 0.031250
1 0.416406 0.813477 0.020313 0.025391
1 0.418750 0.833008 0.018750 0.025391
1 0.426562 0.843750 0.028125 0.039062
1 0.424219 0.841797 0.032813 0.039062
1 0.423438 0.842773 0.034375 0.029297
1 0.432812 0.812500 0.031250 0.042969
1 0.426562 0.807617 0.028125 0.029297
1 0.423438 0.813477 0.031250 0.033203
1 0.414844 0.814453 0.032813 0.046875
1 0.694920 0.588861 0.028289 0.032813
1 0.690140 0.589070 0.027951 0.032345
1 0.687965 0.588111 0.038673 0.043416
1 0.682764 0.587516 0.034573 0.039306
1 0.675953 0.583143 0.033720 0.038563
1 0.672027 0.581802 0.038753 0.044694
1 0.664886 0.578923 0.036220 0.041613
1 0.660607 0.578352 0.047812 0.056732
1 0.652077 0.573957 0.040489 0.046165
1 0.644884 0.571223 0.037593 0.043410
1 0.641727 0.568626 0.046803 0.055026
1 0.633826 0.564916 0.039903 0.046867
1 0.627104 0.560225 0.034002 0.038727
1 0.620028 0.556346 0.036954 0.042607
1 0.616512 0.556174 0.036450 0.041663
1 0.610233 0.554416 0.035355 0.041839
1 0.601908 0.552481 0.035176 0.041150
1 0.595770 0.550162 0.031284 0.036566
1 0.592621 0.548639 0.033862 0.039832
1 0.585932 0.545462 0.033712 0.040414
1 0.582412 0.542336 0.028874 0.033777
1 0.576233 0.539640 0.033214 0.039199
1 0.569540 0.537064 0.034631 0.040645
1 0.562155 0.536363 0.027362 0.032493
1 0.555421 0.534075 0.028849 0.034062
1 0.548552 0.531681 0.040077 0.047015
1 0.542143 0.528467 0.038413 0.043413
1 0.532617 0.522531 0.039070 0.043186
1 0.522788 0.517349 0.045048 0.051081
1 0.512985 0.514039 0.050485 0.057010
1 0.509350 0.513421 0.044223 0.050324
1 0.495947 0.512030 0.044511 0.047638
1 0.492936 0.509966 0.045066 0.048888
1 0.485858 0.505490 0.040911 0.045304
1 0.567624 0.499274 0.218750 0.479018
1 0.557899 0.491721 0.214062 0.471722
1 0.548533 0.468088 0.207813 0.467426
1 0.538475 0.454194 0.204687 0.463076
1 0.526845 0.464644 0.192188 0.460538
1 0.522751 0.446191 0.196875 0.466602
1 0.506584 0.441360 0.182812 0.460846
1 0.491990 0.434479 0.176563 0.450990
1 0.483566 0.422165 0.168750 0.449798
1 0.471461 0.407909 0.168750 0.440818
1 0.469343 0.402074 0.162500 0.444773
1 0.457685 0.400412 0.156250 0.441450
1 0.442984 0.378163 0.146875 0.436014
1 0.437866 0.366797 0.145313 0.440626
1 0.420235 0.365902 0.132812 0.438835
1 0.409584 0.355244 0.132812 0.433144
1 0.400344 0.349825 0.126562 0.434024
1 0.392669 0.341607 0.123438 0.433213
1 0.383587 0.335936 0.121875 0.426751
1 0.374001 0.320741 0.112500 0.428571
1 0.357883 0.311977 0.100000 0.425184
1 0.354566 0.303065 0.103125 0.424904
1 0.347656 0.301758 0.095312 0.431641
