1 0.121094 0.469727 0.039062 0.169922
1 0.134609 0.475320 0.042656 0.174006
1 0.148125 0.480913 0.046250 0.178089
1 0.161641 0.486506 0.049844 0.182173
1 0.175156 0.492099 0.053438 0.186257
1 0.188672 0.497692 0.057031 0.190341
1 0.202188 0.503285 0.060625 0.194425
1 0.215703 0.508878 0.064219 0.198509
1 0.229219 0.514471 0.067813 0.202592
1 0.242734 0.520064 0.071406 0.206676
1 0.256250 0.525657 0.075000 0.210760
1 0.270410 0.531250 0.079102 0.214844
1 0.284570 0.537679 0.083203 0.218587
1 0.298730 0.544108 0.087305 0.222331
1 0.312891 0.550537 0.091406 0.226074
1 0.327051 0.556966 0.095508 0.229818
1 0.341211 0.563395 0.099609 0.233561
1 0.355371 0.569824 0.103711 0.237305
1 0.369531 0.576253 0.107813 0.241048
1 0.380208 0.582682 0.112153 0.244792
1 0.390885 0.589111 0.116493 0.248535
1 0.401562 0.595540 0.120833 0.252279
1 0.412240 0.601969 0.125174 0.256022
1 0.422917 0.608398 0.129514 0.259766
1 0.387240 0.189453 0.041146 0.044271
1 0.396181 0.194661 0.042014 0.043837
1 0.405122 0.199870 0.042882 0.043403
1 0.414062 0.205078 0.043750 0.042969
1 0.422852 0.210693 0.042969 0.042969
1 0.431641 0.216309 0.042187 0.042969
1 0.440430 0.221924 0.041406 0.042969
1 0.449219 0.227539 0.040625 0.042969
1 0.458008 0.233154 0.039844 0.042969
1 0.466797 0.238770 0.039062 0.042969
1 0.475586 0.244385 0.038281 0.042969
1 0.484375 0.250000 0.037500 0.042969
1 0.492812 0.255566 0.037500 0.043164
1 0.501250 0.261133 0.037500 0.043359
1 0.509687 0.266699 0.037500 0.043555
1 0.518125 0.272266 0.037500 0.043750
1 0.526562 0.277832 0.037500 0.043945
1 0.535000 0.283398 0.037500 0.044141
1 0.543437 0.288965 0.037500 0.044336
1 0.551875 0.294531 0.037500 0.044531
1 0.560312 0.300098 0.037500 0.044727
1 0.568750 0.305664 0.037500 0.044922
1 0.576875 0.310352 0.037813 0.044922
1 0.585000 0.315039 0.038125 0.044922
1 0.593125 0.319727 0.038438 0.044922
1 0.601250 0.324414 0.038750 0.044922
1 0.609375 0.329102 0.039063 0.044922
1 0.617500 0.333789 0.039375 0.044922
1 0.625625 0.338477 0.039688 0.044922
1 0.633750 0.343164 0.040000 0.044922
1 0.641875 0.347852 0.040313 0.044922
1 0.650000 0.352539 0.040625 0.044922
1 0.657344 0.354102 0.038438 0.042578
1 0.664687 0.355664 0.036250 0.040234
1 0.672031 0.357227 0.034063 0.037891
1 0.679375 0.358789 0.031875 0.035547
1 0.686719 0.360352 0.029687 0.033203
1 0.698177 0.362467 0.030729 0.034831
1 0.709635 0.364583 0.031771 0.036458
1 0.721094 0.366699 0.032812 0.038086
1 0.732552 0.368815 0.033854 0.039714
1 0.744010 0.370931 0.034896 0.041341
1 0.755469 0.373047 0.035937 0.042969
1 0.761545 0.373915 0.035590 0.042969
1 0.767622 0.374783 0.035243 0.042969
1 0.773698 0.375651 0.034896 0.042969
1 0.779774 0.376519 0.034549 0.042969
1 0.785851 0.377387 0.034201 0.042969
1 0.791927 0.378255 0.033854 0.042969
1 0.798003 0.379123 0.033507 0.042969
1 0.804080 0.379991 0.033160 0.042969
1 0.810156 0.380859 0.032813 0.042969
1 0.812500 0.380981 0.032813 0.043701
1 0.814844 0.381104 0.032813 0.044434
1 0.817188 0.381226 0.032813 0.045166
1 0.819531 0.381348 0.032813 0.045898
1 0.821875 0.381470 0.032813 0.046631
1 0.824219 0.381592 0.032813 0.047363
1 0.826563 0.381714 0.032813 0.048096
1 0.828906 0.381836 0.032813 0.048828
1 0.833838 0.380310 0.033301 0.048950
1 0.838770 0.378784 0.033789 0.049072
1 0.843701 0.377258 0.034277 0.049194
1 0.848633 0.375732 0.034766 0.049316
1 0.853564 0.374207 0.035254 0.049438
1 0.858496 0.372681 0.035742 0.049561
1 0.863428 0.371155 0.036230 0.049683
1 0.868359 0.369629 0.036719 0.049805
1 0.873291 0.368103 0.037207 0.049927
1 0.878223 0.366577 0.037695 0.050049
1 0.883154 0.365051 0.038184 0.050171
1 0.888086 0.363525 0.038672 0.050293
1 0.893018 0.362000 0.039160 0.050415
1 0.897949 0.360474 0.039648 0.050537
1 0.902881 0.358948 0.040137 0.050659
1 0.907812 0.357422 0.040625 0.050781
1 0.910391 0.355176 0.041406 0.052148
1 0.912969 0.352930 0.042188 0.053516
1 0.915547 0.350684 0.042969 0.054883
1 0.918125 0.348437 0.043750 0.056250
1 0.920703 0.346191 0.044531 0.057617
1 0.923281 0.343945 0.045313 0.058984
1 0.925859 0.341699 0.046094 0.060352
1 0.928438 0.339453 0.046875 0.061719
1 0.931016 0.337207 0.047656 0.063086
1 0.933594 0.334961 0.048438 0.064453
1 0.934922 0.334766 0.047031 0.062891
1 0.936250 0.334570 0.045625 0.061328
1 0.937578 0.334375 0.044219 0.059766
1 0.938906 0.334180 0.042812 0.058203
1 0.940234 0.333984 0.041406 0.056641
1 0.941563 0.333789 0.040000 0.055078
1 0.942891 0.333594 0.038594 0.053516
1 0.944219 0.333398 0.037187 0.051953
1 0.945547 0.333203 0.035781 0.050391
1 0.946875 0.333008 0.034375 0.048828
1 0.947917 0.333008 0.033333 0.048828
1 0.948958 0.333008 0.032292 0.048828
1 0.950000 0.333008 0.031250 0.048828
1 0.951042 0.333008 0.030208 0.048828
1 0.952083 0.333008 0.029167 0.048828
1 0.953125 0.333008 0.028125 0.048828
1 0.953906 0.332632 0.028245 0.048978
1 0.954687 0.332257 0.028365 0.049129
1 0.955469 0.331881 0.028486 0.049279
1 0.956250 0.331505 0.028606 0.049429
1 0.957031 0.331130 0.028726 0.049579
1 0.957812 0.330754 0.028846 0.049730
1 0.958594 0.330379 0.028966 0.049880
1 0.959375 0.330003 0.029087 0.050030
1 0.960156 0.329627 0.029207 0.050180
1 0.960937 0.329252 0.029327 0.050331
1 0.961719 0.328876 0.029447 0.050481
1 0.962500 0.328501 0.029567 0.050631
1 0.963281 0.328125 0.029687 0.050781
1 0.965234 0.329346 0.028906 0.048340
1 0.967188 0.330566 0.028125 0.045898
1 0.969141 0.331787 0.027344 0.043457
1 0.971094 0.333008 0.026562 0.041016
1 0.971484 0.332910 0.026094 0.040820
1 0.971875 0.332812 0.025625 0.040625
1 0.972266 0.332715 0.025156 0.040430
1 0.972656 0.332617 0.024687 0.040234
1 0.973047 0.332520 0.024219 0.040039
1 0.973438 0.332422 0.023750 0.039844
1 0.973828 0.332324 0.023281 0.039648
1 0.974219 0.332227 0.022812 0.039453
1 0.974609 0.332129 0.022344 0.039258
1 0.975000 0.332031 0.021875 0.039062
1 0.975893 0.333287 0.022321 0.039900
1 0.976786 0.334542 0.022768 0.040737
1 0.977679 0.335798 0.023214 0.041574
1 0.978571 0.337054 0.023661 0.042411
1 0.979464 0.338309 0.024107 0.043248
1 0.980357 0.339565 0.024554 0.044085
1 0.981250 0.340820 0.025000 0.044922
1 0.983594 0.339844 0.023438 0.039062
1 0.983824 0.341682 0.023162 0.039522
1 0.984053 0.343520 0.022886 0.039982
1 0.984283 0.345358 0.022610 0.040441
1 0.984513 0.347197 0.022335 0.040901
1 0.984743 0.349035 0.022059 0.041360
1 0.984972 0.350873 0.021783 0.041820
1 0.985202 0.352711 0.021507 0.042279
1 0.985432 0.354550 0.021232 0.042739
1 0.985662 0.356388 0.020956 0.043199
1 0.985892 0.358226 0.020680 0.043658
1 0.986121 0.360064 0.020404 0.044118
1 0.986351 0.361903 0.020129 0.044577
1 0.986581 0.363741 0.019853 0.045037
1 0.986811 0.365579 0.019577 0.045496
1 0.987040 0.367417 0.019301 0.045956
1 0.000000 0.000000 0.000000 0.000000
1 0.000000 0.000000 0.000000 0.000000
1 0.000000 0.000000 0.000000 0.000000
1 0.000000 0.000000 0.000000 0.000000
1 0.000000 0.000000 0.000000 0.000000
1 0.000000 0.000000 0.000000 0.000000
1 0.000000 0.000000 0.000000 0.000000
1 0.000000 0.000000 0.000000 0.000000
1 0.000000 0.000000 0.000000 0.000000
1 0.000000 0.000000 0.000000 0.000000
1 0.000000 0.000000 0.000000 0.000000
1 0.000000 0.000000 0.000000 0.000000
1 0.000000 0.000000 0.000000 0.000000
1 0.000000 0.000000 0.000000 0.000000
1 0.000000 0.000000 0.000000 0.000000
1 0.000000 0.000000 0.000000 0.000000
1 0.000000 0.000000 0.000000 0.000000
1 0.000000 0.000000 0.000000 0.000000
1 0.000000 0.000000 0.000000 0.000000
1 0.000000 0.000000 0.000000 0.000000
1 0.000000 0.000000 0.000000 0.000000
1 0.032031 0.499023 0.029687 0.044922
1 0.051116 0.513393 0.032143 0.046875
1 0.070201 0.527762 0.034598 0.048828
1 0.089286 0.542132 0.037054 0.050781
1 0.108371 0.556501 0.039509 0.052734
1 0.127455 0.570871 0.041964 0.054687
1 0.146540 0.585240 0.044420 0.056641
1 0.165625 0.599609 0.046875 0.058594
1 0.182422 0.611206 0.046094 0.057373
1 0.199219 0.622803 0.045312 0.056152
1 0.216016 0.634399 0.044531 0.054932
1 0.232813 0.645996 0.043750 0.053711
1 0.249609 0.657593 0.042969 0.052490
1 0.266406 0.669189 0.042187 0.051270
1 0.283203 0.680786 0.041406 0.050049
1 0.300000 0.692383 0.040625 0.048828
1 0.316276 0.701986 0.042448 0.050456
1 0.332552 0.711589 0.044271 0.052083
1 0.348828 0.721191 0.046094 0.053711
1 0.365104 0.730794 0.047917 0.055339
1 0.381380 0.740397 0.049740 0.056966
1 0.397656 0.750000 0.051562 0.058594
1 0.408594 0.754883 0.050781 0.057617
1 0.419531 0.759766 0.050000 0.056641
1 0.430469 0.764648 0.049219 0.055664
1 0.441406 0.769531 0.048438 0.054688
1 0.452344 0.774414 0.047656 0.053711
1 0.463281 0.779297 0.046875 0.052734
1 0.474219 0.784180 0.046094 0.051758
1 0.485156 0.789062 0.045312 0.050781
1 0.495000 0.791406 0.045312 0.050781
1 0.504844 0.793750 0.045312 0.050781
1 0.514688 0.796094 0.045312 0.050781
1 0.524531 0.798438 0.045312 0.050781
1 0.534375 0.800781 0.045312 0.050781
1 0.544219 0.803125 0.045312 0.050781
1 0.554063 0.805469 0.045312 0.050781
1 0.563906 0.807813 0.045312 0.050781
1 0.573750 0.810156 0.045312 0.050781
1 0.583594 0.812500 0.045312 0.050781
1 0.591875 0.815332 0.044375 0.049805
1 0.600156 0.818164 0.043438 0.048828
1 0.608437 0.820996 0.042500 0.047852
1 0.616719 0.823828 0.041563 0.046875
1 0.625000 0.826660 0.040625 0.045898
1 0.633281 0.829492 0.039688 0.044922
1 0.641562 0.832324 0.038750 0.043945
1 0.649844 0.835156 0.037813 0.042969
1 0.658125 0.837988 0.036875 0.041992
1 0.666406 0.840820 0.035937 0.041016
1 0.673307 0.842285 0.035417 0.040039
1 0.680208 0.843750 0.034896 0.039062
1 0.687109 0.845215 0.034375 0.038086
1 0.694010 0.846680 0.033854 0.037109
1 0.700911 0.848145 0.033333 0.036133
1 0.707812 0.849609 0.032813 0.035156
1 0.714714 0.851074 0.032292 0.034180
1 0.721615 0.852539 0.031771 0.033203
1 0.728516 0.854004 0.031250 0.032227
1 0.735417 0.855469 0.030729 0.031250
1 0.742318 0.856934 0.030208 0.030273
1 0.749219 0.858398 0.029687 0.029297
1 0.753125 0.857617 0.029375 0.029688
1 0.757031 0.856836 0.029062 0.030078
1 0.760938 0.856055 0.028750 0.030469
1 0.764844 0.855273 0.028437 0.030859
1 0.768750 0.854492 0.028125 0.031250
1 0.772656 0.853711 0.027812 0.031641
1 0.776563 0.852930 0.027500 0.032031
1 0.780469 0.852148 0.027187 0.032422
1 0.784375 0.851367 0.026875 0.032813
1 0.788281 0.850586 0.026562 0.033203
1 0.789453 0.847656 0.027344 0.033691
1 0.790625 0.844727 0.028125 0.034180
1 0.791797 0.841797 0.028906 0.034668
1 0.792969 0.838867 0.029687 0.035156
1 0.794141 0.835938 0.030469 0.035645
1 0.795312 0.833008 0.031250 0.036133
1 0.796484 0.830078 0.032031 0.036621
1 0.797656 0.827148 0.032813 0.037109
1 0.798828 0.824585 0.032422 0.037354
1 0.800000 0.822021 0.032031 0.037598
1 0.801172 0.819458 0.031641 0.037842
1 0.802344 0.816895 0.031250 0.038086
1 0.803516 0.814331 0.030859 0.038330
1 0.804688 0.811768 0.030469 0.038574
1 0.805859 0.809204 0.030078 0.038818
1 0.807031 0.806641 0.029687 0.039062
1 0.808523 0.803977 0.030114 0.039062
1 0.810014 0.801314 0.030540 0.039062
1 0.811506 0.798651 0.030966 0.039062
1 0.812997 0.795987 0.031392 0.039062
1 0.814489 0.793324 0.031818 0.039062
1 0.815980 0.790661 0.032244 0.039062
1 0.817472 0.787997 0.032670 0.039062
1 0.818963 0.785334 0.033097 0.039062
1 0.820455 0.782670 0.033523 0.039062
1 0.821946 0.780007 0.033949 0.039062
1 0.823438 0.777344 0.034375 0.039062
1 0.823884 0.774554 0.034821 0.040737
1 0.824330 0.771763 0.035268 0.042411
1 0.824777 0.768973 0.035714 0.044085
1 0.825223 0.766183 0.036161 0.045759
1 0.825670 0.763393 0.036607 0.047433
1 0.826116 0.760603 0.037054 0.049107
1 0.826563 0.757812 0.037500 0.050781
