1 0.424219 0.453125 0.035937 0.046875
1 0.426094 0.453203 0.036062 0.046875
1 0.427969 0.453281 0.036187 0.046875
1 0.429844 0.453359 0.036312 0.046875
1 0.431719 0.453437 0.036437 0.046875
1 0.433594 0.453516 0.036562 0.046875
1 0.435469 0.453594 0.036687 0.046875
1 0.437344 0.453672 0.036812 0.046875
1 0.439219 0.453750 0.036937 0.046875
1 0.441094 0.453828 0.037062 0.046875
1 0.442969 0.453906 0.037187 0.046875
1 0.444844 0.453984 0.037312 0.046875
1 0.446719 0.454062 0.037437 0.046875
1 0.448594 0.454141 0.037562 0.046875
1 0.450469 0.454219 0.037687 0.046875
1 0.452344 0.454297 0.037812 0.046875
1 0.454219 0.454375 0.037937 0.046875
1 0.456094 0.454453 0.038062 0.046875
1 0.457969 0.454531 0.038187 0.046875
1 0.459844 0.454609 0.038312 0.046875
1 0.461719 0.454687 0.038437 0.046875
1 0.463594 0.454766 0.038562 0.046875
1 0.465469 0.454844 0.038687 0.046875
1 0.467344 0.454922 0.038812 0.046875
1 0.469219 0.455000 0.038937 0.046875
1 0.471094 0.455078 0.039062 0.046875
1 0.473014 0.455078 0.039258 0.047038
1 0.474935 0.455078 0.039453 0.047201
1 0.476855 0.455078 0.039648 0.047363
1 0.478776 0.455078 0.039844 0.047526
1 0.480697 0.455078 0.040039 0.047689
1 0.482617 0.455078 0.040234 0.047852
1 0.484538 0.455078 0.040430 0.048014
1 0.486458 0.455078 0.040625 0.048177
1 0.488379 0.455078 0.040820 0.048340
1 0.490299 0.455078 0.041016 0.048503
1 0.492220 0.455078 0.041211 0.048665
1 0.494141 0.455078 0.041406 0.048828
1 0.496061 0.455078 0.041602 0.048991
1 0.497982 0.455078 0.041797 0.049154
1 0.499902 0.455078 0.041992 0.049316
1 0.501823 0.455078 0.042188 0.049479
1 0.503743 0.455078 0.042383 0.049642
1 0.505664 0.455078 0.042578 0.049805
1 0.507585 0.455078 0.042773 0.049967
1 0.509505 0.455078 0.042969 0.050130
1 0.511426 0.455078 0.043164 0.050293
1 0.513346 0.455078 0.043359 0.050456
1 0.515267 0.455078 0.043555 0.050618
1 0.517188 0.455078 0.043750 0.050781
1 0.519002 0.454889 0.043649 0.050907
1 0.520817 0.454700 0.043548 0.051033
1 0.522631 0.454511 0.043448 0.051159
1 0.524446 0.454322 0.043347 0.051285
1 0.526260 0.454133 0.043246 0.051411
1 0.528075 0.453944 0.043145 0.051537
1 0.529889 0.453755 0.043044 0.051663
1 0.531704 0.453566 0.042944 0.051789
1 0.533518 0.453377 0.042843 0.051915
1 0.535333 0.453188 0.042742 0.052041
1 0.537147 0.452999 0.042641 0.052167
1 0.538962 0.452810 0.042540 0.052293
1 0.540776 0.452621 0.042440 0.052419
1 0.542591 0.452432 0.042339 0.052545
1 0.544405 0.452243 0.042238 0.052671
1 0.546220 0.452054 0.042137 0.052797
1 0.548034 0.451865 0.042036 0.052923
1 0.549849 0.451676 0.041935 0.053049
1 0.551663 0.451487 0.041835 0.053175
1 0.553478 0.451298 0.041734 0.053301
1 0.555292 0.451109 0.041633 0.053427
1 0.557107 0.450920 0.041532 0.053553
1 0.558921 0.450731 0.041431 0.053679
1 0.560736 0.450542 0.041331 0.053805
1 0.562550 0.450353 0.041230 0.053931
1 0.564365 0.450164 0.041129 0.054057
1 0.566179 0.449975 0.041028 0.054183
1 0.567994 0.449786 0.040927 0.054309
1 0.569808 0.449597 0.040827 0.054435
1 0.571623 0.449408 0.040726 0.054561
1 0.573437 0.449219 0.040625 0.054688
1 0.575276 0.449104 0.040625 0.054228
1 0.577114 0.448989 0.040625 0.053768
1 0.578952 0.448874 0.040625 0.053309
1 0.580790 0.448759 0.040625 0.052849
1 0.582629 0.448644 0.040625 0.052390
1 0.584467 0.448529 0.040625 0.051930
1 0.586305 0.448415 0.040625 0.051471
1 0.588143 0.448300 0.040625 0.051011
1 0.589982 0.448185 0.040625 0.050551
1 0.591820 0.448070 0.040625 0.050092
1 0.593658 0.447955 0.040625 0.049632
1 0.595496 0.447840 0.040625 0.049173
1 0.597335 0.447725 0.040625 0.048713
1 0.599173 0.447610 0.040625 0.048254
1 0.601011 0.447495 0.040625 0.047794
1 0.602849 0.447381 0.040625 0.047335
1 0.604687 0.447266 0.040625 0.046875
1 0.606467 0.447266 0.040712 0.047092
1 0.608247 0.447266 0.040799 0.047309
1 0.610026 0.447266 0.040885 0.047526
1 0.611806 0.447266 0.040972 0.047743
1 0.613585 0.447266 0.041059 0.047960
1 0.615365 0.447266 0.041146 0.048177
1 0.617144 0.447266 0.041233 0.048394
1 0.618924 0.447266 0.041319 0.048611
1 0.620703 0.447266 0.041406 0.048828
1 0.622483 0.447266 0.041493 0.049045
1 0.624262 0.447266 0.041580 0.049262
1 0.626042 0.447266 0.041667 0.049479
1 0.627821 0.447266 0.041753 0.049696
1 0.629601 0.447266 0.041840 0.049913
1 0.631380 0.447266 0.041927 0.050130
1 0.633160 0.447266 0.042014 0.050347
1 0.634939 0.447266 0.042101 0.050564
1 0.636719 0.447266 0.042188 0.050781
1 0.638465 0.446864 0.041820 0.050437
1 0.640211 0.446461 0.041452 0.050092
1 0.641958 0.446059 0.041085 0.049747
1 0.643704 0.445657 0.040717 0.049403
1 0.645450 0.445255 0.040349 0.049058
1 0.647197 0.444853 0.039982 0.048713
1 0.648943 0.444451 0.039614 0.048369
1 0.650689 0.444049 0.039246 0.048024
1 0.652436 0.443647 0.038879 0.047679
1 0.654182 0.443244 0.038511 0.047335
1 0.655928 0.442842 0.038143 0.046990
1 0.657675 0.442440 0.037776 0.046645
1 0.659421 0.442038 0.037408 0.046301
1 0.661167 0.441636 0.037040 0.045956
1 0.662914 0.441234 0.036673 0.045611
1 0.664660 0.440832 0.036305 0.045267
1 0.666406 0.440430 0.035937 0.044922
1 0.668132 0.440226 0.035872 0.045003
1 0.669857 0.440023 0.035807 0.045085
1 0.671582 0.439819 0.035742 0.045166
1 0.673307 0.439616 0.035677 0.045247
1 0.675033 0.439412 0.035612 0.045329
1 0.676758 0.439209 0.035547 0.045410
1 0.678483 0.439006 0.035482 0.045492
1 0.680208 0.438802 0.035417 0.045573
1 0.681934 0.438599 0.035352 0.045654
1 0.683659 0.438395 0.035286 0.045736
1 0.685384 0.438192 0.035221 0.045817
1 0.687109 0.437988 0.035156 0.045898
1 0.688835 0.437785 0.035091 0.045980
1 0.690560 0.437581 0.035026 0.046061
1 0.692285 0.437378 0.034961 0.046143
1 0.694010 0.437174 0.034896 0.046224
1 0.695736 0.436971 0.034831 0.046305
1 0.697461 0.436768 0.034766 0.046387
1 0.699186 0.436564 0.034701 0.046468
1 0.700911 0.436361 0.034635 0.046549
1 0.702637 0.436157 0.034570 0.046631
1 0.704362 0.435954 0.034505 0.046712
1 0.706087 0.435750 0.034440 0.046794
1 0.707813 0.435547 0.034375 0.046875
1 0.709511 0.435462 0.034511 0.046535
1 0.711209 0.435377 0.034647 0.046196
1 0.712908 0.435292 0.034783 0.045856
1 0.714606 0.435207 0.034918 0.045516
1 0.716304 0.435122 0.035054 0.045177
1 0.718003 0.435037 0.035190 0.044837
1 0.719701 0.434952 0.035326 0.044497
1 0.721399 0.434868 0.035462 0.044158
1 0.723098 0.434783 0.035598 0.043818
1 0.724796 0.434698 0.035734 0.043478
1 0.726495 0.434613 0.035870 0.043139
1 0.728193 0.434528 0.036005 0.042799
1 0.729891 0.434443 0.036141 0.042459
1 0.731590 0.434358 0.036277 0.042120
1 0.733288 0.434273 0.036413 0.041780
1 0.734986 0.434188 0.036549 0.041440
1 0.736685 0.434103 0.036685 0.041101
1 0.738383 0.434018 0.036821 0.040761
1 0.740082 0.433933 0.036957 0.040421
1 0.741780 0.433849 0.037092 0.040082
1 0.743478 0.433764 0.037228 0.039742
1 0.745177 0.433679 0.037364 0.039402
1 0.746875 0.433594 0.037500 0.039062
1 0.748402 0.433816 0.037429 0.039684
1 0.749929 0.434038 0.037358 0.040305
1 0.751456 0.434260 0.037287 0.040927
1 0.752983 0.434482 0.037216 0.041548
1 0.754510 0.434703 0.037145 0.042170
1 0.756037 0.434925 0.037074 0.042791
1 0.757564 0.435147 0.037003 0.043413
1 0.759091 0.435369 0.036932 0.044034
1 0.760618 0.435591 0.036861 0.044656
1 0.762145 0.435813 0.036790 0.045277
1 0.763672 0.436035 0.036719 0.045898
1 0.765199 0.436257 0.036648 0.046520
1 0.766726 0.436479 0.036577 0.047141
1 0.768253 0.436701 0.036506 0.047763
1 0.769780 0.436923 0.036435 0.048384
1 0.771307 0.437145 0.036364 0.049006
1 0.772834 0.437367 0.036293 0.049627
1 0.774361 0.437589 0.036222 0.050249
1 0.775888 0.437811 0.036151 0.050870
1 0.777415 0.438033 0.036080 0.051491
1 0.778942 0.438255 0.036009 0.052113
1 0.780469 0.438477 0.035937 0.052734
1 0.782138 0.438565 0.036009 0.052557
1 0.783807 0.438654 0.036080 0.052379
1 0.785476 0.438743 0.036151 0.052202
1 0.787145 0.438832 0.036222 0.052024
1 0.788814 0.438920 0.036293 0.051847
1 0.790483 0.439009 0.036364 0.051669
1 0.792152 0.439098 0.036435 0.051491
1 0.793821 0.439187 0.036506 0.051314
1 0.795490 0.439276 0.036577 0.051136
1 0.797159 0.439364 0.036648 0.050959
1 0.798828 0.439453 0.036719 0.050781
1 0.800497 0.439542 0.036790 0.050604
1 0.802166 0.439631 0.036861 0.050426
1 0.803835 0.439719 0.036932 0.050249
1 0.805504 0.439808 0.037003 0.050071
1 0.807173 0.439897 0.037074 0.049893
1 0.808842 0.439986 0.037145 0.049716
1 0.810511 0.440075 0.037216 0.049538
1 0.812180 0.440163 0.037287 0.049361
1 0.813849 0.440252 0.037358 0.049183
1 0.815518 0.440341 0.037429 0.049006
1 0.817188 0.440430 0.037500 0.048828
1 0.818714 0.440252 0.037571 0.048828
1 0.820241 0.440075 0.037642 0.048828
1 0.821768 0.439897 0.037713 0.048828
1 0.823295 0.439719 0.037784 0.048828
1 0.824822 0.439542 0.037855 0.048828
1 0.826349 0.439364 0.037926 0.048828
1 0.827876 0.439187 0.037997 0.048828
1 0.829403 0.439009 0.038068 0.048828
1 0.830930 0.438832 0.038139 0.048828
1 0.832457 0.438654 0.038210 0.048828
1 0.833984 0.438477 0.038281 0.048828
1 0.835511 0.438299 0.038352 0.048828
1 0.837038 0.438121 0.038423 0.048828
1 0.838565 0.437944 0.038494 0.048828
1 0.840092 0.437766 0.038565 0.048828
1 0.841619 0.437589 0.038636 0.048828
1 0.843146 0.437411 0.038707 0.048828
1 0.844673 0.437234 0.038778 0.048828
1 0.846200 0.437056 0.038849 0.048828
1 0.847727 0.436879 0.038920 0.048828
1 0.849254 0.436701 0.038991 0.048828
1 0.850781 0.436523 0.039062 0.048828
1 0.852344 0.436838 0.039163 0.048702
1 0.853906 0.437153 0.039264 0.048576
1 0.855469 0.437468 0.039365 0.048450
1 0.857031 0.437784 0.039466 0.048324
1 0.858594 0.438099 0.039567 0.048198
1 0.860156 0.438414 0.039667 0.048072
1 0.861719 0.438729 0.039768 0.047946
1 0.863281 0.439044 0.039869 0.047820
1 0.864844 0.439359 0.039970 0.047694
1 0.866406 0.439674 0.040071 0.047568
1 0.867969 0.439989 0.040171 0.047442
1 0.869531 0.440304 0.040272 0.047316
1 0.871094 0.440619 0.040373 0.047190
1 0.872656 0.440934 0.040474 0.047064
1 0.874219 0.441249 0.040575 0.046938
1 0.875781 0.441564 0.040675 0.046812
1 0.877344 0.441879 0.040776 0.046686
1 0.878906 0.442194 0.040877 0.046560
1 0.880469 0.442509 0.040978 0.046434
1 0.882031 0.442824 0.041079 0.046308
1 0.883594 0.443139 0.041179 0.046182
1 0.885156 0.443454 0.041280 0.046056
1 0.886719 0.443769 0.041381 0.045930
1 0.888281 0.444084 0.041482 0.045804
1 0.889844 0.444399 0.041583 0.045678
1 0.891406 0.444714 0.041683 0.045552
1 0.892969 0.445029 0.041784 0.045426
1 0.894531 0.445344 0.041885 0.045300
1 0.896094 0.445659 0.041986 0.045174
1 0.897656 0.445974 0.042087 0.045048
1 0.899219 0.446289 0.042188 0.044922
1 0.900852 0.446467 0.041974 0.045099
1 0.902486 0.446644 0.041761 0.045277
1 0.904119 0.446822 0.041548 0.045455
1 0.905753 0.446999 0.041335 0.045632
1 0.907386 0.447177 0.041122 0.045810
1 0.909020 0.447354 0.040909 0.045987
1 0.910653 0.447532 0.040696 0.046165
1 0.912287 0.447710 0.040483 0.046342
1 0.913920 0.447887 0.040270 0.046520
1 0.915554 0.448065 0.040057 0.046697
1 0.917187 0.448242 0.039844 0.046875
1 0.918821 0.448420 0.039631 0.047053
1 0.920455 0.448597 0.039418 0.047230
1 0.922088 0.448775 0.039205 0.047408
1 0.923722 0.448952 0.038991 0.047585
1 0.925355 0.449130 0.038778 0.047763
1 0.926989 0.449308 0.038565 0.047940
1 0.928622 0.449485 0.038352 0.048118
1 0.930256 0.449663 0.038139 0.048295
1 0.931889 0.449840 0.037926 0.048473
1 0.933523 0.450018 0.037713 0.048651
1 0.935156 0.450195 0.037500 0.048828
1 0.936790 0.450373 0.037287 0.049006
1 0.938423 0.450550 0.037074 0.049183
1 0.940057 0.450728 0.036861 0.049361
1 0.941690 0.450906 0.036648 0.049538
1 0.943324 0.451083 0.036435 0.049716
1 0.944957 0.451261 0.036222 0.049893
1 0.946591 0.451438 0.036009 0.050071
1 0.948224 0.451616 0.035795 0.050249
1 0.949858 0.451793 0.035582 0.050426
1 0.951491 0.451971 0.035369 0.050604
1 0.953125 0.452148 0.035156 0.050781
1 0.954759 0.452326 0.034943 0.050959
1 0.956392 0.452504 0.034730 0.051136
1 0.958026 0.452681 0.034517 0.051314
1 0.959659 0.452859 0.034304 0.051491
1 0.961293 0.453036 0.034091 0.051669
1 0.962926 0.453214 0.033878 0.051847
1 0.964560 0.453391 0.033665 0.052024
1 0.966193 0.453569 0.033452 0.052202
1 0.967827 0.453746 0.033239 0.052379
1 0.969460 0.453924 0.033026 0.052557
1 0.971094 0.454102 0.032813 0.052734
