1 0.500000 0.406250 0.043750 0.058594
1 0.498549 0.405413 0.043527 0.058594
1 0.497098 0.404576 0.043304 0.058594
1 0.495647 0.403739 0.043080 0.058594
1 0.494196 0.402902 0.042857 0.058594
1 0.492746 0.402065 0.042634 0.058594
1 0.491295 0.401228 0.042411 0.058594
1 0.489844 0.400391 0.042188 0.058594
1 0.488393 0.399554 0.041964 0.058594
1 0.486942 0.398717 0.041741 0.058594
1 0.485491 0.397879 0.041518 0.058594
1 0.484040 0.397042 0.041295 0.058594
1 0.482589 0.396205 0.041071 0.058594
1 0.481138 0.395368 0.040848 0.058594
1 0.479688 0.394531 0.040625 0.058594
1 0.478237 0.393694 0.040402 0.058594
1 0.476786 0.392857 0.040179 0.058594
1 0.475335 0.392020 0.039955 0.058594
1 0.473884 0.391183 0.039732 0.058594
1 0.472433 0.390346 0.039509 0.058594
1 0.470982 0.389509 0.039286 0.058594
1 0.469531 0.388672 0.039063 0.058594
1 0.468080 0.387835 0.038839 0.058594
1 0.466629 0.386998 0.038616 0.058594
1 0.465179 0.386161 0.038393 0.058594
1 0.463728 0.385324 0.038170 0.058594
1 0.462277 0.384487 0.037946 0.058594
1 0.460826 0.383650 0.037723 0.058594
1 0.459375 0.382812 0.037500 0.058594
1 0.458026 0.383108 0.037831 0.058712
1 0.456676 0.383404 0.038163 0.058830
1 0.455327 0.383700 0.038494 0.058949
1 0.453977 0.383996 0.038826 0.059067
1 0.452628 0.384292 0.039157 0.059186
1 0.451278 0.384588 0.039489 0.059304
1 0.449929 0.384884 0.039820 0.059422
1 0.448580 0.385180 0.040152 0.059541
1 0.447230 0.385476 0.040483 0.059659
1 0.445881 0.385772 0.040814 0.059777
1 0.444531 0.386068 0.041146 0.059896
1 0.443182 0.386364 0.041477 0.060014
1 0.441832 0.386660 0.041809 0.060133
1 0.440483 0.386955 0.042140 0.060251
1 0.439134 0.387251 0.042472 0.060369
1 0.437784 0.387547 0.042803 0.060488
1 0.436435 0.387843 0.043134 0.060606
1 0.435085 0.388139 0.043466 0.060724
1 0.433736 0.388435 0.043797 0.060843
1 0.432386 0.388731 0.044129 0.060961
1 0.431037 0.389027 0.044460 0.061080
1 0.429687 0.389323 0.044792 0.061198
1 0.428338 0.389619 0.045123 0.061316
1 0.426989 0.389915 0.045455 0.061435
1 0.425639 0.390211 0.045786 0.061553
1 0.424290 0.390507 0.046117 0.061671
1 0.422940 0.390803 0.046449 0.061790
1 0.421591 0.391098 0.046780 0.061908
1 0.420241 0.391394 0.047112 0.062027
1 0.418892 0.391690 0.047443 0.062145
1 0.417543 0.391986 0.047775 0.062263
1 0.416193 0.392282 0.048106 0.062382
1 0.414844 0.392578 0.048438 0.062500
1 0.413077 0.393173 0.048845 0.062670
1 0.411311 0.393767 0.049253 0.062840
1 0.409545 0.394361 0.049660 0.063010
1 0.407779 0.394956 0.050068 0.063179
1 0.406012 0.395550 0.050476 0.063349
1 0.404246 0.396145 0.050883 0.063519
1 0.402480 0.396739 0.051291 0.063689
1 0.400713 0.397334 0.051698 0.063859
1 0.398947 0.397928 0.052106 0.064029
1 0.397181 0.398522 0.052514 0.064198
1 0.395414 0.399117 0.052921 0.064368
1 0.393648 0.399711 0.053329 0.064538
1 0.391882 0.400306 0.053736 0.064708
1 0.390115 0.400900 0.054144 0.064878
1 0.388349 0.401495 0.054552 0.065048
1 0.386583 0.402089 0.054959 0.065217
1 0.384817 0.402683 0.055367 0.065387
1 0.383050 0.403278 0.055774 0.065557
1 0.381284 0.403872 0.056182 0.065727
1 0.379518 0.404467 0.056590 0.065897
1 0.377751 0.405061 0.056997 0.066067
1 0.375985 0.405656 0.057405 0.066236
1 0.374219 0.406250 0.057813 0.066406
1 0.372243 0.407571 0.057721 0.066291
1 0.370267 0.408892 0.057629 0.066176
1 0.368290 0.410214 0.057537 0.066062
1 0.366314 0.411535 0.057445 0.065947
1 0.364338 0.412856 0.057353 0.065832
1 0.362362 0.414177 0.057261 0.065717
1 0.360386 0.415499 0.057169 0.065602
1 0.358410 0.416820 0.057077 0.065487
1 0.356434 0.418141 0.056985 0.065372
1 0.354458 0.419462 0.056893 0.065257
1 0.352482 0.420784 0.056801 0.065142
1 0.350506 0.422105 0.056710 0.065028
1 0.348529 0.423426 0.056618 0.064913
1 0.346553 0.424747 0.056526 0.064798
1 0.344577 0.426068 0.056434 0.064683
1 0.342601 0.427390 0.056342 0.064568
1 0.340625 0.428711 0.056250 0.064453
1 0.339062 0.430176 0.056076 0.064562
1 0.337500 0.431641 0.055903 0.064670
1 0.335937 0.433105 0.055729 0.064779
1 0.334375 0.434570 0.055556 0.064887
1 0.332812 0.436035 0.055382 0.064996
1 0.331250 0.437500 0.055208 0.065104
1 0.329687 0.438965 0.055035 0.065213
1 0.328125 0.440430 0.054861 0.065321
1 0.326562 0.441895 0.054687 0.065430
1 0.325000 0.443359 0.054514 0.065538
1 0.323437 0.444824 0.054340 0.065647
1 0.321875 0.446289 0.054167 0.065755
1 0.320312 0.447754 0.053993 0.065864
1 0.318750 0.449219 0.053819 0.065972
1 0.317187 0.450684 0.053646 0.066081
1 0.315625 0.452148 0.053472 0.066189
1 0.314062 0.453613 0.053299 0.066298
1 0.312500 0.455078 0.053125 0.066406
1 0.310634 0.456597 0.053212 0.065972
1 0.308767 0.458116 0.053299 0.065538
1 0.306901 0.459635 0.053385 0.065104
1 0.305035 0.461155 0.053472 0.064670
1 0.303168 0.462674 0.053559 0.064236
1 0.301302 0.464193 0.053646 0.063802
1 0.299436 0.465712 0.053733 0.063368
1 0.297569 0.467231 0.053819 0.062934
1 0.295703 0.468750 0.053906 0.062500
1 0.293837 0.470269 0.053993 0.062066
1 0.291970 0.471788 0.054080 0.061632
1 0.290104 0.473307 0.054167 0.061198
1 0.288238 0.474826 0.054253 0.060764
1 0.286372 0.476345 0.054340 0.060330
1 0.284505 0.477865 0.054427 0.059896
1 0.282639 0.479384 0.054514 0.059462
1 0.280773 0.480903 0.054601 0.059028
1 0.278906 0.482422 0.054688 0.058594
1 0.276884 0.484375 0.054504 0.058364
1 0.274862 0.486328 0.054320 0.058134
1 0.272840 0.488281 0.054136 0.057904
1 0.270818 0.490234 0.053952 0.057675
1 0.268796 0.492188 0.053768 0.057445
1 0.266774 0.494141 0.053585 0.057215
1 0.264752 0.496094 0.053401 0.056985
1 0.262730 0.498047 0.053217 0.056756
1 0.260708 0.500000 0.053033 0.056526
1 0.258686 0.501953 0.052849 0.056296
1 0.256664 0.503906 0.052665 0.056066
1 0.254642 0.505859 0.052482 0.055836
1 0.252619 0.507813 0.052298 0.055607
1 0.250597 0.509766 0.052114 0.055377
1 0.248575 0.511719 0.051930 0.055147
1 0.246553 0.513672 0.051746 0.054917
1 0.244531 0.515625 0.051562 0.054688
1 0.242640 0.516036 0.051727 0.054893
1 0.240748 0.516447 0.051891 0.055099
1 0.238857 0.516859 0.052056 0.055304
1 0.236965 0.517270 0.052220 0.055510
1 0.235074 0.517681 0.052385 0.055715
1 0.233183 0.518092 0.052549 0.055921
1 0.231291 0.518503 0.052714 0.056127
1 0.229400 0.518914 0.052878 0.056332
1 0.227508 0.519326 0.053043 0.056538
1 0.225617 0.519737 0.053207 0.056743
1 0.223725 0.520148 0.053372 0.056949
1 0.221834 0.520559 0.053536 0.057155
1 0.219942 0.520970 0.053701 0.057360
1 0.218051 0.521382 0.053865 0.057566
1 0.216160 0.521793 0.054030 0.057771
1 0.214268 0.522204 0.054194 0.057977
1 0.212377 0.522615 0.054359 0.058183
1 0.210485 0.523026 0.054523 0.058388
1 0.208594 0.523438 0.054688 0.058594
1 0.207240 0.523568 0.055104 0.058073
1 0.205885 0.523698 0.055521 0.057552
1 0.204531 0.523828 0.055938 0.057031
1 0.203177 0.523958 0.056354 0.056510
1 0.201823 0.524089 0.056771 0.055990
1 0.200469 0.524219 0.057188 0.055469
1 0.199115 0.524349 0.057604 0.054948
1 0.197760 0.524479 0.058021 0.054427
1 0.196406 0.524609 0.058438 0.053906
1 0.195052 0.524740 0.058854 0.053385
1 0.193698 0.524870 0.059271 0.052865
1 0.192344 0.525000 0.059688 0.052344
1 0.190990 0.525130 0.060104 0.051823
1 0.189635 0.525260 0.060521 0.051302
1 0.188281 0.525391 0.060937 0.050781
1 0.186523 0.526123 0.060547 0.051270
1 0.184766 0.526855 0.060156 0.051758
1 0.183008 0.527588 0.059766 0.052246
1 0.181250 0.528320 0.059375 0.052734
1 0.179492 0.529053 0.058984 0.053223
1 0.177734 0.529785 0.058594 0.053711
1 0.175977 0.530518 0.058203 0.054199
1 0.174219 0.531250 0.057812 0.054688
1 0.172461 0.531982 0.057422 0.055176
1 0.170703 0.532715 0.057031 0.055664
1 0.168945 0.533447 0.056641 0.056152
1 0.167188 0.534180 0.056250 0.056641
1 0.165848 0.534877 0.055804 0.055804
1 0.164509 0.535575 0.055357 0.054967
1 0.163170 0.536272 0.054911 0.054129
1 0.161830 0.536970 0.054464 0.053292
1 0.160491 0.537667 0.054018 0.052455
1 0.159152 0.538365 0.053571 0.051618
1 0.157812 0.539062 0.053125 0.050781
1 0.162891 0.540690 0.054427 0.051432
1 0.167969 0.542318 0.055729 0.052083
1 0.173047 0.543945 0.057031 0.052734
1 0.178125 0.545573 0.058333 0.053385
1 0.183203 0.547201 0.059635 0.054036
1 0.188281 0.548828 0.060937 0.054688
1 0.196429 0.550363 0.060268 0.054967
1 0.204576 0.551897 0.059598 0.055246
1 0.212723 0.553432 0.058929 0.055525
1 0.220871 0.554967 0.058259 0.055804
1 0.229018 0.556501 0.057589 0.056083
1 0.237165 0.558036 0.056920 0.056362
1 0.245313 0.559570 0.056250 0.056641
1 0.256771 0.562174 0.056771 0.056641
1 0.268229 0.564779 0.057292 0.056641
1 0.279688 0.567383 0.057813 0.056641
1 0.291146 0.569987 0.058333 0.056641
1 0.302604 0.572591 0.058854 0.056641
1 0.314062 0.575195 0.059375 0.056641
1 0.319792 0.576497 0.057292 0.055990
1 0.325521 0.577799 0.055208 0.055339
1 0.331250 0.579102 0.053125 0.054687
1 0.336979 0.580404 0.051042 0.054036
1 0.342708 0.581706 0.048958 0.053385
1 0.348438 0.583008 0.046875 0.052734
1 0.353906 0.585742 0.045937 0.052734
1 0.359375 0.588477 0.045000 0.052734
1 0.364844 0.591211 0.044062 0.052734
1 0.370313 0.593945 0.043125 0.052734
1 0.375781 0.596680 0.042188 0.052734
1 0.373646 0.597396 0.042708 0.053646
1 0.371510 0.598112 0.043229 0.054557
1 0.369375 0.598828 0.043750 0.055469
1 0.367240 0.599544 0.044271 0.056380
1 0.365104 0.600260 0.044792 0.057292
1 0.362969 0.600977 0.045313 0.058203
1 0.360833 0.601693 0.045833 0.059115
1 0.358698 0.602409 0.046354 0.060026
1 0.356562 0.603125 0.046875 0.060938
1 0.354427 0.603841 0.047396 0.061849
1 0.352292 0.604557 0.047917 0.062760
1 0.350156 0.605273 0.048438 0.063672
1 0.348021 0.605990 0.048958 0.064583
1 0.345885 0.606706 0.049479 0.065495
1 0.343750 0.607422 0.050000 0.066406
1 0.341602 0.607422 0.049414 0.065674
1 0.339453 0.607422 0.048828 0.064941
1 0.337305 0.607422 0.048242 0.064209
1 0.335156 0.607422 0.047656 0.063477
1 0.333008 0.607422 0.047070 0.062744
1 0.330859 0.607422 0.046484 0.062012
1 0.328711 0.607422 0.045898 0.061279
1 0.326563 0.607422 0.045313 0.060547
1 0.324414 0.607422 0.044727 0.059814
1 0.322266 0.607422 0.044141 0.059082
1 0.320117 0.607422 0.043555 0.058350
1 0.317969 0.607422 0.042969 0.057617
1 0.315820 0.607422 0.042383 0.056885
1 0.313672 0.607422 0.041797 0.056152
1 0.311523 0.607422 0.041211 0.055420
1 0.309375 0.607422 0.040625 0.054688
1 0.307778 0.606749 0.040694 0.054644
1 0.306181 0.606076 0.040764 0.054601
1 0.304583 0.605404 0.040833 0.054557
1 0.302986 0.604731 0.040903 0.054514
1 0.301389 0.604058 0.040972 0.054470
1 0.299792 0.603385 0.041042 0.054427
1 0.298194 0.602713 0.041111 0.054384
1 0.296597 0.602040 0.041181 0.054340
1 0.295000 0.601367 0.041250 0.054297
1 0.293403 0.600694 0.041319 0.054253
1 0.291806 0.600022 0.041389 0.054210
1 0.290208 0.599349 0.041458 0.054167
1 0.288611 0.598676 0.041528 0.054123
1 0.287014 0.598003 0.041597 0.054080
1 0.285417 0.597331 0.041667 0.054036
1 0.283819 0.596658 0.041736 0.053993
1 0.282222 0.595985 0.041806 0.053950
1 0.280625 0.595312 0.041875 0.053906
1 0.279028 0.594640 0.041944 0.053863
1 0.277431 0.593967 0.042014 0.053819
1 0.275833 0.593294 0.042083 0.053776
1 0.274236 0.592622 0.042153 0.053733
1 0.272639 0.591949 0.042222 0.053689
1 0.271042 0.591276 0.042292 0.053646
1 0.269444 0.590603 0.042361 0.053602
1 0.267847 0.589931 0.042431 0.053559
1 0.266250 0.589258 0.042500 0.053516
1 0.264653 0.588585 0.042569 0.053472
1 0.263056 0.587912 0.042639 0.053429
1 0.261458 0.587240 0.042708 0.053385
1 0.259861 0.586567 0.042778 0.053342
1 0.258264 0.585894 0.042847 0.053299
1 0.256667 0.585221 0.042917 0.053255
1 0.255069 0.584549 0.042986 0.053212
1 0.253472 0.583876 0.043056 0.053168
1 0.251875 0.583203 0.043125 0.053125
1 0.250278 0.582530 0.043194 0.053082
1 0.248681 0.581858 0.043264 0.053038
1 0.247083 0.581185 0.043333 0.052995
1 0.245486 0.580512 0.043403 0.052951
1 0.243889 0.579839 0.043472 0.052908
1 0.242292 0.579167 0.043542 0.052865
1 0.240694 0.578494 0.043611 0.052821
1 0.239097 0.577821 0.043681 0.052778
1 0.237500 0.577148 0.043750 0.052734
