1 0.527344 0.751953 0.032813 0.042969
1 0.527356 0.751923 0.032837 0.043029
1 0.527368 0.751893 0.032861 0.043089
1 0.527380 0.751863 0.032885 0.043149
1 0.527392 0.751833 0.032909 0.043209
1 0.527404 0.751803 0.032933 0.043269
1 0.527416 0.751773 0.032957 0.043329
1 0.527428 0.751743 0.032981 0.043389
1 0.527440 0.751713 0.033005 0.043450
1 0.527452 0.751683 0.033029 0.043510
1 0.527464 0.751653 0.033053 0.043570
1 0.527476 0.751623 0.033077 0.043630
1 0.527488 0.751593 0.033101 0.043690
1 0.527500 0.751563 0.033125 0.043750
1 0.527512 0.751532 0.033149 0.043810
1 0.527524 0.751502 0.033173 0.043870
1 0.527536 0.751472 0.033197 0.043930
1 0.527548 0.751442 0.033221 0.043990
1 0.527560 0.751412 0.033245 0.044050
1 0.527572 0.751382 0.033269 0.044111
1 0.527584 0.751352 0.033293 0.044171
1 0.527596 0.751322 0.033317 0.044231
1 0.527608 0.751292 0.033341 0.044291
1 0.527620 0.751262 0.033365 0.044351
1 0.527632 0.751232 0.033389 0.044411
1 0.527644 0.751202 0.033413 0.044471
1 0.527656 0.751172 0.033437 0.044531
1 0.527668 0.751142 0.033462 0.044591
1 0.527680 0.751112 0.033486 0.044651
1 0.527692 0.751082 0.033510 0.044712
1 0.527704 0.751052 0.033534 0.044772
1 0.527716 0.751022 0.033558 0.044832
1 0.527728 0.750992 0.033582 0.044892
1 0.527740 0.750962 0.033606 0.044952
1 0.527752 0.750931 0.033630 0.045012
1 0.527764 0.750901 0.033654 0.045072
1 0.527776 0.750871 0.033678 0.045132
1 0.527788 0.750841 0.033702 0.045192
1 0.527800 0.750811 0.033726 0.045252
1 0.527812 0.750781 0.033750 0.045312
1 0.527825 0.750751 0.033774 0.045373
1 0.527837 0.750721 0.033798 0.045433
1 0.527849 0.750691 0.033822 0.045493
1 0.527861 0.750661 0.033846 0.045553
1 0.527873 0.750631 0.033870 0.045613
1 0.527885 0.750601 0.033894 0.045673
1 0.527897 0.750571 0.033918 0.045733
1 0.527909 0.750541 0.033942 0.045793
1 0.527921 0.750511 0.033966 0.045853
1 0.527933 0.750481 0.033990 0.045913
1 0.527945 0.750451 0.034014 0.045974
1 0.527957 0.750421 0.034038 0.046034
1 0.527969 0.750391 0.034062 0.046094
1 0.527981 0.750361 0.034087 0.046154
1 0.527993 0.750331 0.034111 0.046214
1 0.528005 0.750300 0.034135 0.046274
1 0.528017 0.750270 0.034159 0.046334
1 0.528029 0.750240 0.034183 0.046394
1 0.528041 0.750210 0.034207 0.046454
1 0.528053 0.750180 0.034231 0.046514
1 0.528065 0.750150 0.034255 0.046575
1 0.528077 0.750120 0.034279 0.046635
1 0.528089 0.750090 0.034303 0.046695
1 0.528101 0.750060 0.034327 0.046755
1 0.528113 0.750030 0.034351 0.046815
1 0.528125 0.750000 0.034375 0.046875
1 0.528189 0.750060 0.034439 0.046915
1 0.528253 0.750120 0.034503 0.046955
1 0.528316 0.750179 0.034566 0.046995
1 0.528380 0.750239 0.034630 0.047034
1 0.528444 0.750299 0.034694 0.047074
1 0.528508 0.750359 0.034758 0.047114
1 0.528571 0.750419 0.034821 0.047154
1 0.528635 0.750478 0.034885 0.047194
1 0.528699 0.750538 0.034949 0.047234
1 0.528763 0.750598 0.035013 0.047274
1 0.528827 0.750658 0.035077 0.047313
1 0.528890 0.750717 0.035140 0.047353
1 0.528954 0.750777 0.035204 0.047393
1 0.529018 0.750837 0.035268 0.047433
1 0.529082 0.750897 0.035332 0.047473
1 0.529145 0.750957 0.035395 0.047513
1 0.529209 0.751016 0.035459 0.047553
1 0.529273 0.751076 0.035523 0.047592
1 0.529337 0.751136 0.035587 0.047632
1 0.529401 0.751196 0.035651 0.047672
1 0.529464 0.751256 0.035714 0.047712
1 0.529528 0.751315 0.035778 0.047752
1 0.529592 0.751375 0.035842 0.047792
1 0.529656 0.751435 0.035906 0.047832
1 0.529719 0.751495 0.035969 0.047871
1 0.529783 0.751555 0.036033 0.047911
1 0.529847 0.751614 0.036097 0.047951
1 0.529911 0.751674 0.036161 0.047991
1 0.529974 0.751734 0.036224 0.048031
1 0.530038 0.751794 0.036288 0.048071
1 0.530102 0.751853 0.036352 0.048111
1 0.530166 0.751913 0.036416 0.048151
1 0.530230 0.751973 0.036480 0.048190
1 0.530293 0.752033 0.036543 0.048230
1 0.530357 0.752093 0.036607 0.048270
1 0.530421 0.752152 0.036671 0.048310
1 0.530485 0.752212 0.036735 0.048350
1 0.530548 0.752272 0.036798 0.048390
1 0.530612 0.752332 0.036862 0.048430
1 0.530676 0.752392 0.036926 0.048469
1 0.530740 0.752451 0.036990 0.048509
1 0.530804 0.752511 0.037054 0.048549
1 0.530867 0.752571 0.037117 0.048589
1 0.530931 0.752631 0.037181 0.048629
1 0.530995 0.752691 0.037245 0.048669
1 0.531059 0.752750 0.037309 0.048709
1 0.531122 0.752810 0.037372 0.048748
1 0.531186 0.752870 0.037436 0.048788
1 0.531250 0.752930 0.037500 0.048828
1 0.531081 0.752916 0.037458 0.048855
1 0.530912 0.752903 0.037416 0.048881
1 0.530743 0.752890 0.037373 0.048907
1 0.530574 0.752877 0.037331 0.048934
1 0.530405 0.752864 0.037289 0.048960
1 0.530236 0.752851 0.037247 0.048986
1 0.530068 0.752837 0.037204 0.049013
1 0.529899 0.752824 0.037162 0.049039
1 0.529730 0.752811 0.037120 0.049066
1 0.529561 0.752798 0.037078 0.049092
1 0.529392 0.752785 0.037035 0.049118
1 0.529223 0.752771 0.036993 0.049145
1 0.529054 0.752758 0.036951 0.049171
1 0.528885 0.752745 0.036909 0.049198
1 0.528716 0.752732 0.036867 0.049224
1 0.528547 0.752719 0.036824 0.049250
1 0.528378 0.752705 0.036782 0.049277
1 0.528209 0.752692 0.036740 0.049303
1 0.528041 0.752679 0.036698 0.049330
1 0.527872 0.752666 0.036655 0.049356
1 0.527703 0.752653 0.036613 0.049382
1 0.527534 0.752639 0.036571 0.049409
1 0.527365 0.752626 0.036529 0.049435
1 0.527196 0.752613 0.036486 0.049462
1 0.527027 0.752600 0.036444 0.049488
1 0.526858 0.752587 0.036402 0.049514
1 0.526689 0.752573 0.036360 0.049541
1 0.526520 0.752560 0.036318 0.049567
1 0.526351 0.752547 0.036275 0.049594
1 0.526182 0.752534 0.036233 0.049620
1 0.526014 0.752521 0.036191 0.049646
1 0.525845 0.752507 0.036149 0.049673
1 0.525676 0.752494 0.036106 0.049699
1 0.525507 0.752481 0.036064 0.049726
1 0.525338 0.752468 0.036022 0.049752
1 0.525169 0.752455 0.035980 0.049778
1 0.525000 0.752441 0.035938 0.049805
1 0.524831 0.752428 0.035895 0.049831
1 0.524662 0.752415 0.035853 0.049857
1 0.524493 0.752402 0.035811 0.049884
1 0.524324 0.752389 0.035769 0.049910
1 0.524155 0.752375 0.035726 0.049937
1 0.523986 0.752362 0.035684 0.049963
1 0.523818 0.752349 0.035642 0.049989
1 0.523649 0.752336 0.035600 0.050016
1 0.523480 0.752323 0.035557 0.050042
1 0.523311 0.752309 0.035515 0.050069
1 0.523142 0.752296 0.035473 0.050095
1 0.522973 0.752283 0.035431 0.050121
1 0.522804 0.752270 0.035389 0.050148
1 0.522635 0.752257 0.035346 0.050174
1 0.522466 0.752243 0.035304 0.050201
1 0.522297 0.752230 0.035262 0.050227
1 0.522128 0.752217 0.035220 0.050253
1 0.521959 0.752204 0.035177 0.050280
1 0.521791 0.752191 0.035135 0.050306
1 0.521622 0.752177 0.035093 0.050333
1 0.521453 0.752164 0.035051 0.050359
1 0.521284 0.752151 0.035008 0.050385
1 0.521115 0.752138 0.034966 0.050412
1 0.520946 0.752125 0.034924 0.050438
1 0.520777 0.752111 0.034882 0.050465
1 0.520608 0.752098 0.034840 0.050491
1 0.520439 0.752085 0.034797 0.050517
1 0.520270 0.752072 0.034755 0.050544
1 0.520101 0.752059 0.034713 0.050570
1 0.519932 0.752046 0.034671 0.050596
1 0.519764 0.752032 0.034628 0.050623
1 0.519595 0.752019 0.034586 0.050649
1 0.519426 0.752006 0.034544 0.050676
1 0.519257 0.751993 0.034502 0.050702
1 0.519088 0.751980 0.034459 0.050728
1 0.518919 0.751966 0.034417 0.050755
1 0.518750 0.751953 0.034375 0.050781
1 0.518672 0.751888 0.034635 0.051042
1 0.518594 0.751823 0.034896 0.051302
1 0.518516 0.751758 0.035156 0.051563
1 0.518437 0.751693 0.035417 0.051823
1 0.518359 0.751628 0.035677 0.052083
1 0.518281 0.751562 0.035938 0.052344
1 0.518203 0.751497 0.036198 0.052604
1 0.518125 0.751432 0.036458 0.052865
1 0.518047 0.751367 0.036719 0.053125
1 0.517969 0.751302 0.036979 0.053385
1 0.517891 0.751237 0.037240 0.053646
1 0.517812 0.751172 0.037500 0.053906
1 0.517734 0.751107 0.037760 0.054167
1 0.517656 0.751042 0.038021 0.054427
1 0.517578 0.750977 0.038281 0.054688
1 0.517500 0.750911 0.038542 0.054948
1 0.517422 0.750846 0.038802 0.055208
1 0.517344 0.750781 0.039063 0.055469
1 0.517266 0.750716 0.039323 0.055729
1 0.517187 0.750651 0.039583 0.055990
1 0.517109 0.750586 0.039844 0.056250
1 0.517031 0.750521 0.040104 0.056510
1 0.516953 0.750456 0.040365 0.056771
1 0.516875 0.750391 0.040625 0.057031
1 0.516797 0.750326 0.040885 0.057292
1 0.516719 0.750260 0.041146 0.057552
1 0.516641 0.750195 0.041406 0.057813
1 0.516562 0.750130 0.041667 0.058073
1 0.516484 0.750065 0.041927 0.058333
1 0.516406 0.750000 0.042188 0.058594
1 0.516406 0.750075 0.042668 0.058143
1 0.516406 0.750150 0.043149 0.057692
1 0.516406 0.750225 0.043630 0.057242
1 0.516406 0.750300 0.044111 0.056791
1 0.516406 0.750376 0.044591 0.056340
1 0.516406 0.750451 0.045072 0.055889
1 0.516406 0.750526 0.045553 0.055439
1 0.516406 0.750601 0.046034 0.054988
1 0.516406 0.750676 0.046514 0.054537
1 0.516406 0.750751 0.046995 0.054087
1 0.516406 0.750826 0.047476 0.053636
1 0.516406 0.750901 0.047957 0.053185
1 0.516406 0.750977 0.048438 0.052734
1 0.513542 0.749674 0.046354 0.051432
1 0.510677 0.748372 0.044271 0.050130
1 0.507812 0.747070 0.042187 0.048828
1 0.504948 0.745768 0.040104 0.047526
1 0.502083 0.744466 0.038021 0.046224
1 0.499219 0.743164 0.035937 0.044922
1 0.498661 0.738560 0.037054 0.045759
1 0.498103 0.733956 0.038170 0.046596
1 0.497545 0.729353 0.039286 0.047433
1 0.496987 0.724749 0.040402 0.048270
1 0.496429 0.720145 0.041518 0.049107
1 0.495871 0.715541 0.042634 0.049944
1 0.495312 0.710938 0.043750 0.050781
1 0.495312 0.707031 0.041406 0.048828
1 0.495312 0.703125 0.039063 0.046875
1 0.495312 0.699219 0.036719 0.044922
1 0.495313 0.695312 0.034375 0.042969
1 0.500000 0.696289 0.028125 0.041016
1 0.496875 0.665039 0.031250 0.041016
1 0.495313 0.614258 0.034375 0.056641
1 0.494531 0.597656 0.029687 0.042969
1 0.495123 0.590820 0.031630 0.044922
1 0.495561 0.590088 0.031535 0.044434
1 0.495999 0.589355 0.031440 0.043945
1 0.496437 0.588623 0.031345 0.043457
1 0.496875 0.587891 0.031250 0.042969
1 0.496540 0.590123 0.031920 0.043527
1 0.496205 0.592355 0.032589 0.044085
1 0.495871 0.594587 0.033259 0.044643
1 0.495536 0.596819 0.033929 0.045201
1 0.495201 0.599051 0.034598 0.045759
1 0.494866 0.601283 0.035268 0.046317
1 0.494531 0.603516 0.035937 0.046875
1 0.487891 0.619629 0.033594 0.043945
1 0.481250 0.635742 0.031250 0.041016
1 0.481250 0.635742 0.030208 0.041016
1 0.481250 0.635742 0.029167 0.041016
1 0.481250 0.635742 0.028125 0.041016
1 0.481563 0.637305 0.029375 0.041797
1 0.481875 0.638867 0.030625 0.042578
1 0.482188 0.640430 0.031875 0.043359
1 0.482500 0.641992 0.033125 0.044141
1 0.482813 0.643555 0.034375 0.044922
1 0.482757 0.643415 0.033817 0.044643
1 0.482701 0.643276 0.033259 0.044364
1 0.482645 0.643136 0.032701 0.044085
1 0.482589 0.642997 0.032143 0.043806
1 0.482533 0.642857 0.031585 0.043527
1 0.482478 0.642718 0.031027 0.043248
1 0.482422 0.642578 0.030469 0.042969
1 0.482366 0.642439 0.029911 0.042690
1 0.482310 0.642299 0.029353 0.042411
1 0.482254 0.642160 0.028795 0.042132
1 0.482199 0.642020 0.028237 0.041853
1 0.482143 0.641881 0.027679 0.041574
1 0.482087 0.641741 0.027121 0.041295
1 0.482031 0.641602 0.026562 0.041016
1 0.482199 0.641671 0.026897 0.041434
1 0.482366 0.641741 0.027232 0.041853
1 0.482533 0.641811 0.027567 0.042271
1 0.482701 0.641881 0.027902 0.042690
1 0.482868 0.641950 0.028237 0.043108
1 0.483036 0.642020 0.028571 0.043527
1 0.483203 0.642090 0.028906 0.043945
1 0.483371 0.642160 0.029241 0.044364
1 0.483538 0.642229 0.029576 0.044782
1 0.483705 0.642299 0.029911 0.045201
1 0.483873 0.642369 0.030246 0.045619
1 0.484040 0.642439 0.030580 0.046038
1 0.484208 0.642508 0.030915 0.046456
1 0.484375 0.642578 0.031250 0.046875
1 0.484219 0.642578 0.031771 0.046615
1 0.484062 0.642578 0.032292 0.046354
1 0.483906 0.642578 0.032813 0.046094
1 0.483750 0.642578 0.033333 0.045833
1 0.483594 0.642578 0.033854 0.045573
1 0.483437 0.642578 0.034375 0.045312
1 0.483281 0.642578 0.034896 0.045052
1 0.483125 0.642578 0.035417 0.044792
1 0.482969 0.642578 0.035938 0.044531
1 0.482812 0.642578 0.036458 0.044271
1 0.482656 0.642578 0.036979 0.044010
1 0.482500 0.642578 0.037500 0.043750
1 0.482344 0.642578 0.038021 0.043490
1 0.482187 0.642578 0.038542 0.043229
1 0.482031 0.642578 0.039062 0.042969
