1 0.413281 0.795898 0.039062 0.044922
1 0.417969 0.791504 0.040625 0.041992
1 0.422656 0.787109 0.042188 0.039062
1 0.423438 0.781901 0.040625 0.039062
1 0.424219 0.776693 0.039062 0.039062
1 0.431638 0.781733 0.039062 0.039062
1 0.433590 0.773597 0.037500 0.039062
1 0.432336 0.763765 0.045921 0.044458
1 0.438277 0.760252 0.035937 0.039062
1 0.439839 0.755043 0.035937 0.039062
1 0.441792 0.754227 0.034375 0.039062
1 0.443660 0.748224 0.056069 0.055042
1 0.705762 0.925781 0.571289 0.742188
1 0.707617 0.927799 0.566016 0.736849
1 0.709473 0.929818 0.560742 0.731510
1 0.711328 0.931836 0.555469 0.726172
1 0.713184 0.933854 0.550195 0.720833
1 0.715039 0.935872 0.544922 0.715495
1 0.716895 0.937891 0.539648 0.710156
1 0.718750 0.939909 0.534375 0.704818
1 0.720313 0.941927 0.531250 0.699479
1 0.721875 0.943945 0.528125 0.694141
1 0.723438 0.945964 0.525000 0.688802
1 0.725000 0.947982 0.521875 0.683464
1 0.726563 0.950000 0.518750 0.678125
1 0.728125 0.952018 0.515625 0.672786
1 0.729688 0.954036 0.512500 0.667448
1 0.731250 0.956055 0.509375 0.662109
1 0.733984 0.959082 0.505729 0.656836
1 0.736719 0.962109 0.502083 0.651563
1 0.739453 0.965137 0.498437 0.646289
1 0.742188 0.968164 0.494792 0.641016
1 0.744922 0.971191 0.491146 0.635742
1 0.747656 0.974219 0.487500 0.630469
1 0.750391 0.977246 0.483854 0.625195
1 0.753125 0.980273 0.480208 0.619922
1 0.755859 0.983301 0.476562 0.614648
1 0.758594 0.986328 0.472917 0.609375
1 0.761328 0.990137 0.469271 0.604102
1 0.764062 0.993945 0.465625 0.598828
1 0.768750 0.997754 0.462500 0.593555
1 0.773437 1.001562 0.459375 0.588281
1 0.778125 1.005371 0.456250 0.583008
1 0.782812 1.009180 0.453125 0.577734
1 0.787500 1.012988 0.450000 0.572461
1 0.792187 1.016797 0.446875 0.567188
1 0.796875 1.020605 0.443750 0.561914
1 0.801563 1.024414 0.440625 0.556641
1 0.805804 1.030273 0.437500 0.553335
1 0.810045 1.036133 0.434375 0.550030
1 0.814286 1.041992 0.431250 0.546725
1 0.818527 1.047852 0.428125 0.543419
1 0.822768 1.053711 0.425000 0.540114
1 0.827009 1.059570 0.421875 0.536809
1 0.831250 1.065430 0.418750 0.533504
1 0.836426 1.071289 0.416992 0.530198
1 0.841602 1.077148 0.415234 0.526893
1 0.846777 1.083008 0.413477 0.523588
1 0.851953 1.088867 0.411719 0.520282
1 0.857129 1.094727 0.409961 0.516977
1 0.862305 1.100586 0.408203 0.513672
1 0.867480 1.108073 0.406445 0.509983
1 0.872656 1.115560 0.404687 0.506293
1 0.877951 1.123047 0.402083 0.502604
1 0.883247 1.130534 0.399479 0.498915
1 0.888542 1.138021 0.396875 0.495226
1 0.893837 1.145508 0.394271 0.491536
1 0.899132 1.152995 0.391667 0.487847
1 0.904427 1.160482 0.389062 0.484158
1 0.909722 1.167969 0.386458 0.480469
1 0.915017 1.175564 0.383854 0.476562
1 0.920313 1.183160 0.381250 0.472656
1 0.927422 1.190755 0.378906 0.468750
1 0.934531 1.198351 0.376562 0.464844
1 0.941641 1.205946 0.374219 0.460937
1 0.948750 1.213542 0.371875 0.457031
1 0.955859 1.221137 0.369531 0.453125
1 0.962969 1.228733 0.367187 0.449219
1 0.970078 1.236328 0.364844 0.445312
1 0.977188 1.246582 0.362500 0.444057
1 0.984297 1.256836 0.360156 0.442801
1 0.991406 1.267090 0.357812 0.441546
1 0.999574 1.277344 0.357386 0.440290
1 1.007741 1.287598 0.356960 0.439035
1 1.015909 1.297852 0.356534 0.437779
1 1.024077 1.308105 0.356108 0.436523
1 1.032244 1.318359 0.355682 0.435268
1 1.040412 1.328613 0.355256 0.434012
1 1.048580 1.338867 0.354830 0.432757
1 1.056747 1.349121 0.354403 0.431501
1 1.064915 1.359375 0.353977 0.430246
1 1.073082 1.369629 0.353551 0.428990
1 1.081250 1.379883 0.353125 0.427734
1 0.761719 0.631836 0.042188 0.068359
1 0.746875 0.633789 0.046875 0.060547
1 0.736458 0.628906 0.045833 0.063802
1 0.726042 0.624023 0.044792 0.067057
1 0.715625 0.619141 0.043750 0.070312
1 0.705156 0.616406 0.044063 0.070312
1 0.694687 0.613672 0.044375 0.070312
1 0.684219 0.610937 0.044688 0.070312
1 0.673750 0.608203 0.045000 0.070312
1 0.663281 0.605469 0.045312 0.070312
1 0.651563 0.594727 0.046094 0.071289
1 0.639844 0.583984 0.046875 0.072266
1 0.628125 0.573242 0.047656 0.073242
1 0.616406 0.562500 0.048438 0.074219
1 0.605078 0.559082 0.045313 0.071289
1 0.593750 0.555664 0.042188 0.068359
1 0.582422 0.552246 0.039063 0.065430
1 0.571094 0.548828 0.035937 0.062500
1 0.560000 0.538281 0.036875 0.064844
1 0.548906 0.527734 0.037813 0.067188
1 0.537812 0.517187 0.038750 0.069531
1 0.526719 0.506641 0.039688 0.071875
1 0.515625 0.496094 0.040625 0.074219
1 0.503646 0.490560 0.039583 0.072266
1 0.491667 0.485026 0.038542 0.070312
1 0.479687 0.479492 0.037500 0.068359
1 0.468750 0.468099 0.038021 0.067708
1 0.457812 0.456706 0.038542 0.067057
1 0.446875 0.445312 0.039063 0.066406
1 0.435937 0.433919 0.039583 0.065755
1 0.425000 0.422526 0.040104 0.065104
1 0.414062 0.411133 0.040625 0.064453
1 0.403516 0.400716 0.041406 0.065104
1 0.392969 0.390299 0.042188 0.065755
1 0.382422 0.379883 0.042969 0.066406
1 0.371875 0.369466 0.043750 0.067057
1 0.361328 0.359049 0.044531 0.067708
1 0.350781 0.348633 0.045312 0.068359
1 0.340625 0.338965 0.045000 0.070117
1 0.330469 0.329297 0.044688 0.071875
1 0.320313 0.319629 0.044375 0.073633
1 0.310156 0.309961 0.044063 0.075391
1 0.300000 0.300293 0.043750 0.077148
1 0.289844 0.290625 0.043438 0.078906
1 0.279688 0.280957 0.043125 0.080664
1 0.269531 0.271289 0.042813 0.082422
1 0.259375 0.261621 0.042500 0.084180
1 0.249219 0.251953 0.042188 0.085938
1 0.238086 0.244751 0.042969 0.085205
1 0.226953 0.237549 0.043750 0.084473
1 0.215820 0.230347 0.044531 0.083740
1 0.204687 0.223145 0.045313 0.083008
1 0.193555 0.215942 0.046094 0.082275
1 0.182422 0.208740 0.046875 0.081543
1 0.171289 0.201538 0.047656 0.080811
1 0.160156 0.194336 0.048438 0.080078
1 0.147743 0.188043 0.047917 0.080512
1 0.135330 0.181749 0.047396 0.080946
1 0.122917 0.175456 0.046875 0.081380
1 0.110503 0.169162 0.046354 0.081814
1 0.098090 0.162869 0.045833 0.082248
1 0.085677 0.156576 0.045312 0.082682
1 0.073264 0.150282 0.044792 0.083116
1 0.060851 0.143989 0.044271 0.083550
1 0.048437 0.137695 0.043750 0.083984
1 0.950000 0.133789 0.050000 0.087891
1 0.930469 0.134033 0.050000 0.094238
1 0.910937 0.134277 0.050000 0.100586
1 0.891406 0.134521 0.050000 0.106934
1 0.871875 0.134766 0.050000 0.113281
1 0.848438 0.127930 0.053125 0.114258
1 0.825000 0.121094 0.056250 0.115234
1 0.801563 0.114258 0.059375 0.116211
1 0.778125 0.107422 0.062500 0.117188
1 0.755664 0.109375 0.060547 0.115234
1 0.733203 0.111328 0.058594 0.113281
1 0.710742 0.113281 0.056641 0.111328
1 0.688281 0.115234 0.054688 0.109375
1 0.665469 0.110937 0.057188 0.109375
1 0.642656 0.106641 0.059688 0.109375
1 0.619844 0.102344 0.062188 0.109375
1 0.597031 0.098047 0.064688 0.109375
1 0.574219 0.093750 0.067187 0.109375
1 0.550195 0.093750 0.065234 0.109375
1 0.526172 0.093750 0.063281 0.109375
1 0.502148 0.093750 0.061328 0.109375
1 0.478125 0.093750 0.059375 0.109375
1 0.451172 0.093018 0.058594 0.102051
1 0.424219 0.092285 0.057812 0.094727
1 0.397266 0.091553 0.057031 0.087402
1 0.370312 0.090820 0.056250 0.080078
1 0.344531 0.081055 0.054688 0.093750
1 0.318750 0.074824 0.053125 0.100353
1 0.289583 0.077672 0.056250 0.108978
1 0.260938 0.082357 0.060417 0.116536
1 0.232031 0.087891 0.064062 0.121094
1 0.198437 0.096680 0.065625 0.107422
1 0.175521 0.089518 0.065625 0.097005
1 0.152604 0.082357 0.065625 0.086589
1 0.129688 0.075195 0.065625 0.076172
1 0.339062 0.630859 0.046875 0.054688
1 0.344531 0.631348 0.047396 0.054362
1 0.350000 0.631836 0.047917 0.054036
1 0.355469 0.632324 0.048438 0.053711
1 0.360938 0.632813 0.048958 0.053385
1 0.366406 0.633301 0.049479 0.053060
1 0.371875 0.633789 0.050000 0.052734
1 0.376562 0.632533 0.050446 0.051339
1 0.381250 0.631278 0.050893 0.049944
1 0.385937 0.630022 0.051339 0.048549
1 0.390625 0.628767 0.051786 0.047154
1 0.395312 0.627511 0.052232 0.045759
1 0.400000 0.626256 0.052679 0.044364
1 0.404687 0.625000 0.053125 0.042969
1 0.408854 0.623372 0.053646 0.043620
1 0.413021 0.621745 0.054167 0.044271
1 0.417188 0.620117 0.054688 0.044922
1 0.421354 0.618490 0.055208 0.045573
1 0.425521 0.616862 0.055729 0.046224
1 0.429688 0.615234 0.056250 0.046875
1 0.432366 0.607561 0.056250 0.047154
1 0.435045 0.599888 0.056250 0.047433
1 0.437723 0.592215 0.056250 0.047712
1 0.440402 0.584542 0.056250 0.047991
1 0.443080 0.576869 0.056250 0.048270
1 0.445759 0.569196 0.056250 0.048549
1 0.448437 0.561523 0.056250 0.048828
1 0.449107 0.546038 0.057589 0.051897
1 0.449777 0.530552 0.058929 0.054967
1 0.450446 0.515067 0.060268 0.058036
1 0.451116 0.499581 0.061607 0.061105
1 0.451786 0.484096 0.062946 0.064174
1 0.452455 0.468610 0.064286 0.067243
1 0.453125 0.453125 0.065625 0.070312
1 0.451406 0.432617 0.067188 0.071484
1 0.449687 0.412109 0.068750 0.072656
1 0.447969 0.391602 0.070313 0.073828
1 0.446250 0.371094 0.071875 0.075000
1 0.444531 0.350586 0.073438 0.076172
1 0.440365 0.325684 0.074479 0.075195
1 0.436198 0.300781 0.075521 0.074219
1 0.432031 0.275879 0.076563 0.073242
1 0.427865 0.250977 0.077604 0.072266
1 0.423698 0.226074 0.078646 0.071289
1 0.419531 0.201172 0.079687 0.070312
1 0.412695 0.166992 0.083984 0.071289
1 0.405859 0.132813 0.088281 0.072266
1 0.399023 0.098633 0.092578 0.073242
1 0.392188 0.064453 0.096875 0.074219
1 0.193750 0.251953 0.050000 0.070312
1 0.201172 0.277344 0.052344 0.072266
1 0.208594 0.302734 0.054688 0.074219
1 0.219688 0.295117 0.056250 0.074609
1 0.230781 0.287500 0.057813 0.075000
1 0.241875 0.279883 0.059375 0.075391
1 0.252969 0.272266 0.060938 0.075781
1 0.264062 0.264648 0.062500 0.076172
1 0.278646 0.257324 0.063021 0.075846
1 0.293229 0.250000 0.063542 0.075521
1 0.307812 0.242676 0.064062 0.075195
1 0.322396 0.235352 0.064583 0.074870
1 0.336979 0.228027 0.065104 0.074544
1 0.351562 0.220703 0.065625 0.074219
1 0.365885 0.217773 0.064062 0.074870
1 0.380208 0.214844 0.062500 0.075521
1 0.394531 0.211914 0.060937 0.076172
1 0.408854 0.208984 0.059375 0.076823
1 0.423177 0.206055 0.057813 0.077474
1 0.437500 0.203125 0.056250 0.078125
1 0.456510 0.195801 0.058333 0.075846
1 0.475521 0.188477 0.060417 0.073568
1 0.494531 0.181152 0.062500 0.071289
1 0.513542 0.173828 0.064583 0.069010
1 0.532552 0.166504 0.066667 0.066732
1 0.551563 0.159180 0.068750 0.064453
1 0.571962 0.153320 0.069618 0.065321
1 0.592361 0.147461 0.070486 0.066189
1 0.612760 0.141602 0.071354 0.067057
1 0.633160 0.135742 0.072222 0.067925
1 0.653559 0.129883 0.073090 0.068793
1 0.673958 0.124023 0.073958 0.069661
1 0.694358 0.118164 0.074826 0.070530
1 0.714757 0.112305 0.075694 0.071398
1 0.735156 0.106445 0.076563 0.072266
1 0.850000 0.685547 0.037500 0.058594
1 0.838616 0.684849 0.037500 0.059431
1 0.827232 0.684152 0.037500 0.060268
1 0.815848 0.683454 0.037500 0.061105
1 0.804464 0.682757 0.037500 0.061942
1 0.793080 0.682059 0.037500 0.062779
1 0.781696 0.681362 0.037500 0.063616
1 0.770313 0.680664 0.037500 0.064453
1 0.758873 0.680190 0.037388 0.064341
1 0.747433 0.679715 0.037277 0.064230
1 0.735993 0.679241 0.037165 0.064118
1 0.724554 0.678766 0.037054 0.064006
1 0.713114 0.678292 0.036942 0.063894
1 0.701674 0.677818 0.036830 0.063783
1 0.690234 0.677343 0.036719 0.063671
1 0.678795 0.676869 0.036607 0.063559
1 0.667355 0.676395 0.036496 0.063448
1 0.655915 0.675920 0.036384 0.063336
1 0.644475 0.675446 0.036272 0.063224
1 0.633036 0.674971 0.036161 0.063112
1 0.621596 0.674497 0.036049 0.063001
1 0.610156 0.674023 0.035937 0.062889
1 0.598798 0.673557 0.036058 0.061958
1 0.587440 0.673091 0.036178 0.061026
1 0.576082 0.672626 0.036298 0.060095
1 0.564724 0.672160 0.036418 0.059163
1 0.553365 0.671694 0.036538 0.058232
1 0.542007 0.671229 0.036659 0.057301
1 0.530649 0.670763 0.036779 0.056369
1 0.519291 0.670297 0.036899 0.055438
1 0.507933 0.669831 0.037019 0.054507
1 0.496575 0.669366 0.037139 0.053575
1 0.485216 0.668900 0.037260 0.052644
1 0.473858 0.668434 0.037380 0.051713
1 0.462500 0.667969 0.037500 0.050781
