1 0.627344 0.455078 0.035937 0.050781
1 0.627344 0.454948 0.036146 0.050781
1 0.627344 0.454818 0.036354 0.050781
1 0.627344 0.454687 0.036563 0.050781
1 0.627344 0.454557 0.036771 0.050781
1 0.627344 0.454427 0.036979 0.050781
1 0.627344 0.454297 0.037188 0.050781
1 0.627344 0.454167 0.037396 0.050781
1 0.627344 0.454036 0.037604 0.050781
1 0.627344 0.453906 0.037813 0.050781
1 0.627344 0.453776 0.038021 0.050781
1 0.627344 0.453646 0.038229 0.050781
1 0.627344 0.453516 0.038437 0.050781
1 0.627344 0.453385 0.038646 0.050781
1 0.627344 0.453255 0.038854 0.050781
1 0.627344 0.453125 0.039062 0.050781
1 0.627482 0.453240 0.039338 0.050781
1 0.627619 0.453355 0.039614 0.050781
1 0.627757 0.453470 0.039890 0.050781
1 0.627895 0.453585 0.040165 0.050781
1 0.628033 0.453699 0.040441 0.050781
1 0.628171 0.453814 0.040717 0.050781
1 0.628309 0.453929 0.040993 0.050781
1 0.628447 0.454044 0.041268 0.050781
1 0.628585 0.454159 0.041544 0.050781
1 0.628722 0.454274 0.041820 0.050781
1 0.628860 0.454389 0.042096 0.050781
1 0.628998 0.454504 0.042371 0.050781
1 0.629136 0.454619 0.042647 0.050781
1 0.629274 0.454733 0.042923 0.050781
1 0.629412 0.454848 0.043199 0.050781
1 0.629550 0.454963 0.043474 0.050781
1 0.629687 0.455078 0.043750 0.050781
1 0.629570 0.454993 0.043672 0.050611
1 0.629453 0.454908 0.043594 0.050441
1 0.629336 0.454823 0.043516 0.050270
1 0.629219 0.454738 0.043437 0.050100
1 0.629102 0.454652 0.043359 0.049930
1 0.628984 0.454567 0.043281 0.049760
1 0.628867 0.454482 0.043203 0.049589
1 0.628750 0.454397 0.043125 0.049419
1 0.628633 0.454312 0.043047 0.049249
1 0.628516 0.454227 0.042969 0.049078
1 0.628398 0.454142 0.042891 0.048908
1 0.628281 0.454056 0.042812 0.048738
1 0.628164 0.453971 0.042734 0.048567
1 0.628047 0.453886 0.042656 0.048397
1 0.627930 0.453801 0.042578 0.048227
1 0.627812 0.453716 0.042500 0.048057
1 0.627695 0.453631 0.042422 0.047886
1 0.627578 0.453546 0.042344 0.047716
1 0.627461 0.453460 0.042266 0.047546
1 0.627344 0.453375 0.042188 0.047375
1 0.627292 0.453359 0.042083 0.047082
1 0.627240 0.453342 0.041979 0.046788
1 0.627188 0.453325 0.041875 0.046494
1 0.627135 0.453308 0.041771 0.046200
1 0.627083 0.453292 0.041667 0.045907
1 0.627031 0.453275 0.041562 0.045613
1 0.626979 0.453258 0.041458 0.045319
1 0.626927 0.453242 0.041354 0.045025
1 0.626875 0.453225 0.041250 0.044731
1 0.626823 0.453208 0.041146 0.044438
1 0.626771 0.453192 0.041042 0.044144
1 0.626719 0.453175 0.040938 0.043850
1 0.626667 0.453158 0.040833 0.043556
1 0.626615 0.453142 0.040729 0.043263
1 0.626562 0.453125 0.040625 0.042969
1 0.626855 0.453247 0.040039 0.044189
1 0.627148 0.453369 0.039453 0.045410
1 0.627441 0.453491 0.038867 0.046631
1 0.627734 0.453613 0.038281 0.047852
1 0.628027 0.453735 0.037695 0.049072
1 0.628320 0.453857 0.037109 0.050293
1 0.628613 0.453979 0.036523 0.051514
1 0.628906 0.454102 0.035937 0.052734
1 0.628594 0.455469 0.036250 0.052734
1 0.628281 0.456836 0.036562 0.052734
1 0.627969 0.458203 0.036875 0.052734
1 0.627656 0.459570 0.037187 0.052734
1 0.627344 0.460937 0.037500 0.052734
1 0.627031 0.462305 0.037812 0.052734
1 0.626719 0.463672 0.038125 0.052734
1 0.626406 0.465039 0.038437 0.052734
1 0.626094 0.466406 0.038750 0.052734
1 0.625781 0.467773 0.039062 0.052734
1 0.624688 0.470117 0.039375 0.052734
1 0.623594 0.472461 0.039687 0.052734
1 0.622500 0.474805 0.040000 0.052734
1 0.621406 0.477148 0.040312 0.052734
1 0.620313 0.479492 0.040625 0.052734
1 0.619219 0.481836 0.040937 0.052734
1 0.618125 0.484180 0.041250 0.052734
1 0.617031 0.486523 0.041562 0.052734
1 0.615938 0.488867 0.041875 0.052734
1 0.614844 0.491211 0.042188 0.052734
1 0.612946 0.496791 0.041518 0.052734
1 0.611049 0.502372 0.040848 0.052734
1 0.609152 0.507952 0.040179 0.052734
1 0.607254 0.513532 0.039509 0.052734
1 0.605357 0.519113 0.038839 0.052734
1 0.603460 0.524693 0.038170 0.052734
1 0.601562 0.530273 0.037500 0.052734
1 0.598503 0.533854 0.037109 0.052409
1 0.595443 0.537435 0.036719 0.052083
1 0.592383 0.541016 0.036328 0.051758
1 0.589323 0.544596 0.035937 0.051432
1 0.586263 0.548177 0.035547 0.051107
1 0.583203 0.551758 0.035156 0.050781
1 0.580143 0.555339 0.034766 0.050456
1 0.577083 0.558919 0.034375 0.050130
1 0.574023 0.562500 0.033984 0.049805
1 0.570964 0.566081 0.033594 0.049479
1 0.567904 0.569661 0.033203 0.049154
1 0.564844 0.573242 0.032813 0.048828
1 0.561719 0.576270 0.032813 0.048633
1 0.558594 0.579297 0.032813 0.048438
1 0.555469 0.582324 0.032813 0.048242
1 0.552344 0.585352 0.032813 0.048047
1 0.549219 0.588379 0.032813 0.047852
1 0.546094 0.591406 0.032813 0.047656
1 0.542969 0.594434 0.032813 0.047461
1 0.539844 0.597461 0.032813 0.047266
1 0.536719 0.600488 0.032813 0.047070
1 0.533594 0.603516 0.032813 0.046875
1 0.529609 0.606543 0.033594 0.047070
1 0.525625 0.609570 0.034375 0.047266
1 0.521641 0.612598 0.035156 0.047461
1 0.517656 0.615625 0.035937 0.047656
1 0.513672 0.618652 0.036719 0.047852
1 0.509688 0.621680 0.037500 0.048047
1 0.505703 0.624707 0.038281 0.048242
1 0.501719 0.627734 0.039062 0.048437
1 0.497734 0.630762 0.039844 0.048633
1 0.493750 0.633789 0.040625 0.048828
1 0.490461 0.634868 0.040461 0.048725
1 0.487171 0.635948 0.040296 0.048623
1 0.483882 0.637027 0.040132 0.048520
1 0.480592 0.638106 0.039967 0.048417
1 0.477303 0.639186 0.039803 0.048314
1 0.474013 0.640265 0.039638 0.048211
1 0.470724 0.641345 0.039474 0.048109
1 0.467434 0.642424 0.039309 0.048006
1 0.464145 0.643503 0.039145 0.047903
1 0.460855 0.644583 0.038980 0.047800
1 0.457566 0.645662 0.038816 0.047697
1 0.454276 0.646741 0.038651 0.047595
1 0.450987 0.647821 0.038487 0.047492
1 0.447697 0.648900 0.038322 0.047389
1 0.444408 0.649979 0.038158 0.047286
1 0.441118 0.651059 0.037993 0.047183
1 0.437829 0.652138 0.037829 0.047081
1 0.434539 0.653218 0.037664 0.046978
1 0.431250 0.654297 0.037500 0.046875
1 0.427917 0.656315 0.037500 0.047005
1 0.424583 0.658333 0.037500 0.047135
1 0.421250 0.660352 0.037500 0.047266
1 0.417917 0.662370 0.037500 0.047396
1 0.414583 0.664388 0.037500 0.047526
1 0.411250 0.666406 0.037500 0.047656
1 0.407917 0.668424 0.037500 0.047786
1 0.404583 0.670443 0.037500 0.047917
1 0.401250 0.672461 0.037500 0.048047
1 0.397917 0.674479 0.037500 0.048177
1 0.394583 0.676497 0.037500 0.048307
1 0.391250 0.678516 0.037500 0.048438
1 0.387917 0.680534 0.037500 0.048568
1 0.384583 0.682552 0.037500 0.048698
1 0.381250 0.684570 0.037500 0.048828
1 0.378174 0.686096 0.037793 0.048462
1 0.375098 0.687622 0.038086 0.048096
1 0.372021 0.689148 0.038379 0.047729
1 0.368945 0.690674 0.038672 0.047363
1 0.365869 0.692200 0.038965 0.046997
1 0.362793 0.693726 0.039258 0.046631
1 0.359717 0.695251 0.039551 0.046265
1 0.356641 0.696777 0.039844 0.045898
1 0.353564 0.698303 0.040137 0.045532
1 0.350488 0.699829 0.040430 0.045166
1 0.347412 0.701355 0.040723 0.044800
1 0.344336 0.702881 0.041016 0.044434
1 0.341260 0.704407 0.041309 0.044067
1 0.338184 0.705933 0.041602 0.043701
1 0.335107 0.707458 0.041895 0.043335
1 0.332031 0.708984 0.042188 0.042969
1 0.329492 0.709961 0.041797 0.043294
1 0.326953 0.710937 0.041406 0.043620
1 0.324414 0.711914 0.041016 0.043945
1 0.321875 0.712891 0.040625 0.044271
1 0.319336 0.713867 0.040234 0.044596
1 0.316797 0.714844 0.039844 0.044922
1 0.314258 0.715820 0.039453 0.045247
1 0.311719 0.716797 0.039062 0.045573
1 0.309180 0.717773 0.038672 0.045898
1 0.306641 0.718750 0.038281 0.046224
1 0.304102 0.719727 0.037891 0.046549
1 0.301563 0.720703 0.037500 0.046875
1 0.298359 0.721387 0.037656 0.047070
1 0.295156 0.722070 0.037812 0.047266
1 0.291953 0.722754 0.037969 0.047461
1 0.288750 0.723437 0.038125 0.047656
1 0.546484 1.522461 0.560156 0.626953
1 0.543438 1.519775 0.560625 0.627441
1 0.540391 1.517090 0.561094 0.627930
1 0.537344 1.514404 0.561562 0.628418
1 0.534297 1.511719 0.562031 0.628906
1 0.531250 1.508545 0.562500 0.629395
1 0.527686 1.505371 0.561621 0.629883
1 0.524121 1.502197 0.560742 0.630371
1 0.520557 1.499023 0.559863 0.630859
1 0.516992 1.495850 0.558984 0.631348
1 0.513428 1.492676 0.558105 0.631836
1 0.509863 1.489502 0.557227 0.632324
1 0.506299 1.486328 0.556348 0.632812
1 0.502734 1.483789 0.555469 0.632812
1 0.499170 1.481250 0.554590 0.632812
1 0.495605 1.478711 0.553711 0.632812
1 0.492041 1.476172 0.552832 0.632812
1 0.488477 1.473633 0.551953 0.632812
1 0.484912 1.471094 0.551074 0.632812
1 0.481348 1.468555 0.550195 0.632812
1 0.477783 1.466016 0.549316 0.632812
1 0.474219 1.463477 0.548438 0.632812
1 0.469531 1.460938 0.545536 0.632812
1 0.464844 1.458268 0.542634 0.632161
1 0.460156 1.455599 0.539732 0.631510
1 0.455469 1.452930 0.536830 0.630859
1 0.450781 1.450260 0.533929 0.630208
1 0.446094 1.447591 0.531027 0.629557
1 0.441406 1.444922 0.528125 0.628906
1 0.436719 1.442253 0.525223 0.628255
1 0.432031 1.439583 0.522321 0.627604
1 0.427344 1.436914 0.519420 0.626953
1 0.422656 1.434245 0.516518 0.626302
1 0.417969 1.431576 0.513616 0.625651
1 0.413281 1.428906 0.510714 0.625000
1 0.408594 1.426237 0.507812 0.624349
1 0.404799 1.423568 0.505357 0.623698
1 0.401004 1.420898 0.502902 0.623047
1 0.397210 1.418457 0.500446 0.622721
1 0.393415 1.416016 0.497991 0.622396
1 0.389621 1.413574 0.495536 0.622070
1 0.385826 1.411133 0.493080 0.621745
1 0.382031 1.408691 0.490625 0.621419
1 0.378237 1.406250 0.488170 0.621094
1 0.374442 1.403809 0.485714 0.620768
1 0.370647 1.401367 0.483259 0.620443
1 0.366853 1.398926 0.480804 0.620117
1 0.363058 1.396484 0.478348 0.619792
1 0.359263 1.394043 0.475893 0.619466
1 0.355469 1.391602 0.473438 0.619141
1 0.352232 1.389323 0.471429 0.618750
1 0.348996 1.387044 0.469420 0.618359
1 0.345759 1.384766 0.467411 0.617969
1 0.342522 1.382487 0.465402 0.617578
1 0.339286 1.380208 0.463393 0.617187
1 0.336049 1.377930 0.461384 0.616797
1 0.332812 1.375651 0.459375 0.616406
1 0.329576 1.373372 0.457366 0.616016
1 0.326339 1.371094 0.455357 0.615625
1 0.323103 1.368815 0.453348 0.615234
1 0.319866 1.366536 0.451339 0.614844
1 0.316629 1.364258 0.449330 0.614453
1 0.313393 1.361979 0.447321 0.614062
1 0.310156 1.359701 0.445312 0.613672
1 0.306920 1.357422 0.443304 0.613281
1 0.303683 1.355376 0.441295 0.612909
1 0.300446 1.353330 0.439286 0.612537
1 0.297210 1.351283 0.437277 0.612165
1 0.293973 1.349237 0.435268 0.611793
1 0.290737 1.347191 0.433259 0.611421
1 0.287500 1.345145 0.431250 0.611049
1 0.284786 1.343099 0.430263 0.610677
1 0.282072 1.341053 0.429276 0.610305
1 0.279359 1.339007 0.428289 0.609933
1 0.276645 1.336961 0.427303 0.609561
1 0.273931 1.334914 0.426316 0.609189
1 0.271217 1.332868 0.425329 0.608817
1 0.268503 1.330822 0.424342 0.608445
1 0.265789 1.328776 0.423355 0.608073
1 0.263076 1.326730 0.422368 0.607701
1 0.260362 1.324684 0.421382 0.607329
1 0.257648 1.322638 0.420395 0.606957
1 0.254934 1.320592 0.419408 0.606585
1 0.252220 1.318545 0.418421 0.606213
1 0.249507 1.316499 0.417434 0.605841
1 0.246793 1.314453 0.416447 0.605469
1 0.244079 1.312672 0.415461 0.605354
1 0.241365 1.310892 0.414474 0.605239
1 0.238651 1.309111 0.413487 0.605124
1 0.235937 1.307330 0.412500 0.605009
1 0.234375 1.305549 0.412019 0.604894
1 0.232812 1.303768 0.411538 0.604779
1 0.231250 1.301988 0.411058 0.604665
1 0.229687 1.300207 0.410577 0.604550
1 0.228125 1.298426 0.410096 0.604435
1 0.226562 1.296645 0.409615 0.604320
1 0.225000 1.294864 0.409135 0.604205
1 0.223437 1.293084 0.408654 0.604090
1 0.221875 1.291303 0.408173 0.603975
1 0.220312 1.289522 0.407692 0.603860
1 0.218750 1.287741 0.407212 0.603745
1 0.217187 1.285960 0.406731 0.603631
1 0.215625 1.284180 0.406250 0.603516
