1 0.171875 0.541992 0.043750 0.052734
1 0.180469 0.538818 0.043750 0.052246
1 0.189062 0.535645 0.043750 0.051758
1 0.197656 0.532471 0.043750 0.051270
1 0.206250 0.529297 0.043750 0.050781
1 0.215980 0.529031 0.044176 0.051314
1 0.225710 0.528764 0.044602 0.051847
1 0.235440 0.528498 0.045028 0.052379
1 0.245170 0.528232 0.045455 0.052912
1 0.254901 0.527965 0.045881 0.053445
1 0.264631 0.527699 0.046307 0.053977
1 0.274361 0.527433 0.046733 0.054510
1 0.284091 0.527166 0.047159 0.055043
1 0.293821 0.526900 0.047585 0.055575
1 0.303551 0.526634 0.048011 0.056108
1 0.313281 0.526367 0.048438 0.056641
1 0.324219 0.526489 0.047656 0.056396
1 0.335156 0.526611 0.046875 0.056152
1 0.346094 0.526733 0.046094 0.055908
1 0.357031 0.526855 0.045313 0.055664
1 0.367969 0.526978 0.044531 0.055420
1 0.378906 0.527100 0.043750 0.055176
1 0.389844 0.527222 0.042969 0.054932
1 0.400781 0.527344 0.042188 0.054688
1 0.411049 0.527483 0.043527 0.054967
1 0.421317 0.527623 0.044866 0.055246
1 0.431585 0.527762 0.046205 0.055525
1 0.441853 0.527902 0.047545 0.055804
1 0.452121 0.528041 0.048884 0.056083
1 0.462388 0.528181 0.050223 0.056362
1 0.472656 0.528320 0.051562 0.056641
1 0.481348 0.529053 0.050586 0.057129
1 0.490039 0.529785 0.049609 0.057617
1 0.498730 0.530518 0.048633 0.058105
1 0.507422 0.531250 0.047656 0.058594
1 0.516113 0.531982 0.046680 0.059082
1 0.524805 0.532715 0.045703 0.059570
1 0.533496 0.533447 0.044727 0.060059
1 0.542187 0.534180 0.043750 0.060547
1 0.046094 0.484375 0.045312 0.050781
1 0.052344 0.486572 0.043750 0.050293
1 0.058594 0.488770 0.042188 0.049805
1 0.064844 0.490967 0.040625 0.049316
1 0.071094 0.493164 0.039062 0.048828
1 0.076875 0.496289 0.040625 0.047266
1 0.082656 0.499414 0.042188 0.045703
1 0.088438 0.502539 0.043750 0.044141
1 0.094219 0.505664 0.045313 0.042578
1 0.100000 0.508789 0.046875 0.041016
1 0.105469 0.511914 0.045938 0.041797
1 0.110937 0.515039 0.045000 0.042578
1 0.116406 0.518164 0.044063 0.043359
1 0.121875 0.521289 0.043125 0.044141
1 0.127344 0.524414 0.042188 0.044922
1 0.134531 0.527734 0.043438 0.044531
1 0.141719 0.531055 0.044688 0.044141
1 0.148906 0.534375 0.045938 0.043750
1 0.156094 0.537695 0.047188 0.043359
1 0.163281 0.541016 0.048438 0.042969
1 0.169063 0.543359 0.047500 0.042969
1 0.174844 0.545703 0.046562 0.042969
1 0.180625 0.548047 0.045625 0.042969
1 0.186406 0.550391 0.044687 0.042969
1 0.192188 0.552734 0.043750 0.042969
1 0.197768 0.554827 0.043750 0.043806
1 0.203348 0.556920 0.043750 0.044643
1 0.208929 0.559012 0.043750 0.045480
1 0.214509 0.561105 0.043750 0.046317
1 0.220089 0.563198 0.043750 0.047154
1 0.225670 0.565290 0.043750 0.047991
1 0.231250 0.567383 0.043750 0.048828
1 0.237240 0.568034 0.043229 0.048177
1 0.243229 0.568685 0.042708 0.047526
1 0.249219 0.569336 0.042187 0.046875
1 0.255208 0.569987 0.041667 0.046224
1 0.261198 0.570638 0.041146 0.045573
1 0.267188 0.571289 0.040625 0.044922
1 0.274219 0.570150 0.040625 0.044596
1 0.281250 0.569010 0.040625 0.044271
1 0.288281 0.567871 0.040625 0.043945
1 0.295313 0.566732 0.040625 0.043620
1 0.302344 0.565592 0.040625 0.043294
1 0.309375 0.564453 0.040625 0.042969
1 0.317344 0.565234 0.040312 0.043750
1 0.325313 0.566016 0.040000 0.044531
1 0.333281 0.566797 0.039687 0.045313
1 0.341250 0.567578 0.039375 0.046094
1 0.349219 0.568359 0.039062 0.046875
1 0.357161 0.566081 0.039844 0.046224
1 0.365104 0.563802 0.040625 0.045573
1 0.373047 0.561523 0.041406 0.044922
1 0.380990 0.559245 0.042188 0.044271
1 0.388932 0.556966 0.042969 0.043620
1 0.396875 0.554688 0.043750 0.042969
1 0.403646 0.553060 0.042708 0.043620
1 0.410417 0.551432 0.041667 0.044271
1 0.417187 0.549805 0.040625 0.044922
1 0.423958 0.548177 0.039583 0.045573
1 0.430729 0.546549 0.038542 0.046224
1 0.437500 0.544922 0.037500 0.046875
1 0.444434 0.544800 0.037305 0.046631
1 0.451367 0.544678 0.037109 0.046387
1 0.458301 0.544556 0.036914 0.046143
1 0.465234 0.544434 0.036719 0.045898
1 0.472168 0.544312 0.036523 0.045654
1 0.479102 0.544189 0.036328 0.045410
1 0.486035 0.544067 0.036133 0.045166
1 0.492969 0.543945 0.035937 0.044922
1 0.501116 0.543806 0.037500 0.045759
1 0.509263 0.543666 0.039063 0.046596
1 0.517411 0.543527 0.040625 0.047433
1 0.525558 0.543387 0.042188 0.048270
1 0.533705 0.543248 0.043750 0.049107
1 0.541853 0.543108 0.045313 0.049944
1 0.550000 0.542969 0.046875 0.050781
1 0.555915 0.543527 0.046652 0.051339
1 0.561830 0.544085 0.046429 0.051897
1 0.567746 0.544643 0.046205 0.052455
1 0.573661 0.545201 0.045982 0.053013
1 0.579576 0.545759 0.045759 0.053571
1 0.585491 0.546317 0.045536 0.054129
1 0.591406 0.546875 0.045312 0.054688
1 0.599089 0.549479 0.045052 0.055339
1 0.606771 0.552083 0.044792 0.055990
1 0.614453 0.554687 0.044531 0.056641
1 0.622135 0.557292 0.044271 0.057292
1 0.629818 0.559896 0.044010 0.057943
1 0.637500 0.562500 0.043750 0.058594
1 0.644389 0.564986 0.043324 0.058239
1 0.651278 0.567472 0.042898 0.057884
1 0.658168 0.569957 0.042472 0.057528
1 0.665057 0.572443 0.042045 0.057173
1 0.671946 0.574929 0.041619 0.056818
1 0.678835 0.577415 0.041193 0.056463
1 0.685724 0.579901 0.040767 0.056108
1 0.692614 0.582386 0.040341 0.055753
1 0.699503 0.584872 0.039915 0.055398
1 0.706392 0.587358 0.039489 0.055043
1 0.713281 0.589844 0.039062 0.054688
1 0.719389 0.592152 0.039062 0.055043
1 0.725497 0.594460 0.039062 0.055398
1 0.731605 0.596768 0.039062 0.055753
1 0.737713 0.599077 0.039062 0.056108
1 0.743821 0.601385 0.039062 0.056463
1 0.749929 0.603693 0.039062 0.056818
1 0.756037 0.606001 0.039062 0.057173
1 0.762145 0.608310 0.039062 0.057528
1 0.768253 0.610618 0.039062 0.057884
1 0.774361 0.612926 0.039062 0.058239
1 0.780469 0.615234 0.039062 0.058594
1 0.786080 0.617099 0.038636 0.058416
1 0.791690 0.618963 0.038210 0.058239
1 0.797301 0.620827 0.037784 0.058061
1 0.802912 0.622692 0.037358 0.057884
1 0.808523 0.624556 0.036932 0.057706
1 0.814134 0.626420 0.036506 0.057528
1 0.819744 0.628285 0.036080 0.057351
1 0.825355 0.630149 0.035653 0.057173
1 0.830966 0.632013 0.035227 0.056996
1 0.836577 0.633878 0.034801 0.056818
1 0.842187 0.635742 0.034375 0.056641
1 0.848090 0.638889 0.034375 0.056858
1 0.853993 0.642036 0.034375 0.057075
1 0.859896 0.645182 0.034375 0.057292
1 0.865799 0.648329 0.034375 0.057509
1 0.871701 0.651476 0.034375 0.057726
1 0.877604 0.654622 0.034375 0.057943
1 0.883507 0.657769 0.034375 0.058160
1 0.889410 0.660916 0.034375 0.058377
1 0.895313 0.664062 0.034375 0.058594
1 0.901563 0.668579 0.034766 0.058350
1 0.907813 0.673096 0.035156 0.058105
1 0.914063 0.677612 0.035547 0.057861
1 0.920313 0.682129 0.035938 0.057617
1 0.926563 0.686646 0.036328 0.057373
1 0.932813 0.691162 0.036719 0.057129
1 0.939063 0.695679 0.037109 0.056885
1 0.945312 0.700195 0.037500 0.056641
1 0.689844 1.012695 0.726562 0.755859
1 0.687891 1.009277 0.722656 0.747070
1 0.685937 1.005859 0.718750 0.738281
1 0.691927 1.006836 0.718229 0.732422
1 0.697917 1.007812 0.717708 0.726562
1 0.703906 1.008789 0.717187 0.720703
1 0.714193 1.020020 0.717448 0.717773
1 0.724479 1.031250 0.717708 0.714844
1 0.734766 1.042480 0.717969 0.711914
1 0.745052 1.053711 0.718229 0.708984
1 0.755339 1.064941 0.718490 0.706055
1 0.765625 1.076172 0.718750 0.703125
1 0.770117 1.079241 0.717578 0.699777
1 0.774609 1.082310 0.716406 0.696429
1 0.779102 1.085379 0.715234 0.693080
1 0.783594 1.088449 0.714063 0.689732
1 0.782813 1.091518 0.712500 0.686384
1 0.782344 1.094587 0.709062 0.683036
1 0.781875 1.097656 0.705625 0.679688
1 0.781406 1.095703 0.702187 0.673177
1 0.780937 1.093750 0.698750 0.666667
1 0.780469 1.091797 0.695312 0.660156
1 0.778516 1.089844 0.690625 0.653646
1 0.776562 1.087891 0.685937 0.647135
1 0.774609 1.085938 0.681250 0.640625
1 0.772656 1.082729 0.676562 0.633092
1 0.770703 1.079520 0.671875 0.625558
1 0.768750 1.076311 0.667187 0.618025
1 0.766797 1.073103 0.662500 0.610491
1 0.764844 1.069894 0.657813 0.602958
1 0.762993 1.066685 0.652303 0.595424
1 0.761143 1.063477 0.646793 0.587891
1 0.759293 1.062221 0.641283 0.582031
1 0.757442 1.060965 0.635773 0.576172
1 0.755592 1.059710 0.630263 0.570312
1 0.753742 1.058454 0.624753 0.564453
1 0.751891 1.057199 0.619243 0.558594
1 0.750041 1.055943 0.613734 0.552734
1 0.748191 1.054688 0.608224 0.546875
1 0.746340 1.055804 0.602714 0.542969
1 0.744490 1.056920 0.597204 0.539063
1 0.742640 1.058036 0.591694 0.535156
1 0.740789 1.059152 0.586184 0.531250
1 0.738939 1.060268 0.580674 0.527344
1 0.737089 1.061384 0.575164 0.523438
1 0.735238 1.062500 0.569655 0.519531
1 0.733388 1.062934 0.564145 0.514323
1 0.731538 1.063368 0.558635 0.509115
1 0.729688 1.063802 0.553125 0.503906
1 0.729018 1.064236 0.549554 0.498698
1 0.728348 1.064670 0.545982 0.493490
1 0.727679 1.065104 0.542411 0.488281
1 0.727009 1.065538 0.538839 0.483073
1 0.726339 1.065972 0.535268 0.477865
1 0.725670 1.066406 0.531696 0.472656
1 0.725000 1.067505 0.528125 0.469482
1 0.724330 1.068604 0.524554 0.466309
1 0.723661 1.069702 0.520982 0.463135
1 0.722991 1.070801 0.517411 0.459961
1 0.722321 1.071899 0.513839 0.456787
1 0.721652 1.072998 0.510268 0.453613
1 0.720982 1.074097 0.506696 0.450439
1 0.720313 1.075195 0.503125 0.447266
1 0.721540 1.077908 0.502232 0.446181
1 0.722768 1.080621 0.501339 0.445095
1 0.723996 1.083333 0.500446 0.444010
1 0.725223 1.086046 0.499554 0.442925
1 0.726451 1.088759 0.498661 0.441840
1 0.727679 1.091471 0.497768 0.440755
1 0.728906 1.094184 0.496875 0.439670
1 0.730134 1.096897 0.495982 0.438585
1 0.731362 1.099609 0.495089 0.437500
1 0.732589 1.102376 0.494196 0.435221
1 0.733817 1.105143 0.493304 0.432943
1 0.735045 1.107910 0.492411 0.430664
1 0.736272 1.110677 0.491518 0.428385
1 0.737500 1.113444 0.490625 0.426107
1 0.738728 1.116211 0.490402 0.423828
1 0.739955 1.117839 0.490179 0.419922
1 0.741183 1.119466 0.489955 0.416016
1 0.742411 1.121094 0.489732 0.412109
1 0.743638 1.122721 0.489509 0.408203
1 0.744866 1.124349 0.489286 0.404297
1 0.746094 1.125977 0.489062 0.400391
1 0.747321 1.127604 0.488839 0.396484
1 0.748549 1.129232 0.488616 0.392578
1 0.749777 1.130859 0.488393 0.388672
1 0.751004 1.132487 0.488170 0.384766
1 0.752232 1.134115 0.487946 0.380859
1 0.753460 1.135742 0.487723 0.376953
1 0.754688 1.138835 0.487500 0.373047
1 0.758203 1.141927 0.487969 0.369141
1 0.761719 1.145020 0.488437 0.365234
1 0.765234 1.148112 0.488906 0.361328
1 0.768750 1.151204 0.489375 0.357422
1 0.772266 1.154297 0.489844 0.353516
1 0.775781 1.157389 0.490312 0.349609
1 0.779297 1.160482 0.490781 0.345703
1 0.782812 1.163574 0.491250 0.341797
1 0.786328 1.166667 0.491719 0.337891
1 0.789844 1.169759 0.492188 0.333984
1 0.792898 1.172852 0.490341 0.330078
1 0.795952 1.177572 0.488494 0.327799
1 0.799006 1.182292 0.486648 0.325521
1 0.802060 1.187012 0.484801 0.323242
1 0.805114 1.191732 0.482955 0.320964
1 0.808168 1.196452 0.481108 0.318685
1 0.811222 1.201172 0.479261 0.316406
1 0.814276 1.205892 0.477415 0.314128
1 0.817330 1.210612 0.475568 0.311849
1 0.820384 1.215332 0.473722 0.309570
1 0.823438 1.220052 0.471875 0.307292
1 0.824316 1.224772 0.466992 0.305013
1 0.825195 1.229492 0.462109 0.302734
1 0.826074 1.235677 0.457227 0.300347
1 0.826953 1.241862 0.452344 0.297960
1 0.827832 1.248047 0.447461 0.295573
1 0.828711 1.254232 0.442578 0.293186
1 0.829590 1.260417 0.437695 0.290799
1 0.830469 1.266602 0.432812 0.288411
1 0.829980 1.272786 0.425195 0.286024
1 0.829492 1.278971 0.417578 0.283637
1 0.829004 1.285156 0.409961 0.281250
1 0.828516 1.293132 0.402344 0.277669
1 0.828027 1.301107 0.394727 0.274089
1 0.827539 1.309082 0.387109 0.270508
1 0.827051 1.317057 0.379492 0.266927
1 0.826562 1.325033 0.371875 0.263346
1 0.827441 1.333008 0.365820 0.259766
1 0.673633 0.481445 0.050391 0.063477
1 0.677637 0.473633 0.050586 0.062988
1 0.681641 0.465820 0.050781 0.062500
1 0.685645 0.458008 0.050977 0.062012
1 0.689648 0.450195 0.051172 0.061523
1 0.693652 0.442383 0.051367 0.061035
1 0.697656 0.434570 0.051562 0.060547
1 0.702734 0.423828 0.051953 0.060547
1 0.707813 0.413086 0.052344 0.060547
1 0.712891 0.402344 0.052734 0.060547
1 0.717969 0.391602 0.053125 0.060547
1 0.723047 0.380859 0.053516 0.060547
1 0.728125 0.370117 0.053906 0.060547
1 0.733203 0.359375 0.054297 0.060547
1 0.738281 0.348633 0.054688 0.060547
