1 0.442969 0.501953 0.032813 0.054688
1 0.443099 0.504883 0.033073 0.054036
1 0.443229 0.507813 0.033333 0.053385
1 0.443359 0.510742 0.033594 0.052734
1 0.443490 0.513672 0.033854 0.052083
1 0.443620 0.516602 0.034115 0.051432
1 0.443750 0.519531 0.034375 0.050781
1 0.442746 0.521019 0.034301 0.050595
1 0.441741 0.522507 0.034226 0.050409
1 0.440737 0.523996 0.034152 0.050223
1 0.439732 0.525484 0.034077 0.050037
1 0.438728 0.526972 0.034003 0.049851
1 0.437723 0.528460 0.033929 0.049665
1 0.436719 0.529948 0.033854 0.049479
1 0.435714 0.531436 0.033780 0.049293
1 0.434710 0.532924 0.033705 0.049107
1 0.433705 0.534412 0.033631 0.048921
1 0.432701 0.535900 0.033557 0.048735
1 0.431696 0.537388 0.033482 0.048549
1 0.430692 0.538876 0.033408 0.048363
1 0.429687 0.540365 0.033333 0.048177
1 0.428683 0.541853 0.033259 0.047991
1 0.427679 0.543341 0.033185 0.047805
1 0.426674 0.544829 0.033110 0.047619
1 0.425670 0.546317 0.033036 0.047433
1 0.424665 0.547805 0.032961 0.047247
1 0.423661 0.549293 0.032887 0.047061
1 0.422656 0.550781 0.032813 0.046875
1 0.421563 0.550820 0.032875 0.046953
1 0.420469 0.550859 0.032937 0.047031
1 0.419375 0.550898 0.033000 0.047109
1 0.418281 0.550937 0.033062 0.047187
1 0.417188 0.550977 0.033125 0.047266
1 0.416094 0.551016 0.033187 0.047344
1 0.415000 0.551055 0.033250 0.047422
1 0.413906 0.551094 0.033312 0.047500
1 0.412813 0.551133 0.033375 0.047578
1 0.411719 0.551172 0.033437 0.047656
1 0.410625 0.551211 0.033500 0.047734
1 0.409531 0.551250 0.033562 0.047812
1 0.408438 0.551289 0.033625 0.047891
1 0.407344 0.551328 0.033687 0.047969
1 0.406250 0.551367 0.033750 0.048047
1 0.405156 0.551406 0.033812 0.048125
1 0.404063 0.551445 0.033875 0.048203
1 0.402969 0.551484 0.033937 0.048281
1 0.401875 0.551523 0.034000 0.048359
1 0.400781 0.551562 0.034062 0.048437
1 0.399688 0.551602 0.034125 0.048516
1 0.398594 0.551641 0.034187 0.048594
1 0.397500 0.551680 0.034250 0.048672
1 0.396406 0.551719 0.034312 0.048750
1 0.395313 0.551758 0.034375 0.048828
1 0.394802 0.552171 0.034555 0.048753
1 0.394291 0.552584 0.034736 0.048678
1 0.393780 0.552997 0.034916 0.048603
1 0.393269 0.553410 0.035096 0.048528
1 0.392758 0.553824 0.035276 0.048453
1 0.392248 0.554237 0.035457 0.048377
1 0.391737 0.554650 0.035637 0.048302
1 0.391226 0.555063 0.035817 0.048227
1 0.390715 0.555476 0.035998 0.048152
1 0.390204 0.555889 0.036178 0.048077
1 0.389694 0.556303 0.036358 0.048002
1 0.389183 0.556716 0.036538 0.047927
1 0.388672 0.557129 0.036719 0.047852
1 0.388161 0.557542 0.036899 0.047776
1 0.387650 0.557955 0.037079 0.047701
1 0.387139 0.558368 0.037260 0.047626
1 0.386629 0.558782 0.037440 0.047551
1 0.386118 0.559195 0.037620 0.047476
1 0.385607 0.559608 0.037800 0.047401
1 0.385096 0.560021 0.037981 0.047326
1 0.384585 0.560434 0.038161 0.047251
1 0.384075 0.560847 0.038341 0.047175
1 0.383564 0.561261 0.038522 0.047100
1 0.383053 0.561674 0.038702 0.047025
1 0.382542 0.562087 0.038882 0.046950
1 0.382031 0.562500 0.039062 0.046875
1 0.382701 0.562919 0.039062 0.047294
1 0.383371 0.563337 0.039062 0.047712
1 0.384040 0.563756 0.039062 0.048131
1 0.384710 0.564174 0.039062 0.048549
1 0.385379 0.564593 0.039062 0.048968
1 0.386049 0.565011 0.039062 0.049386
1 0.386719 0.565430 0.039062 0.049805
1 0.387388 0.565848 0.039062 0.050223
1 0.388058 0.566267 0.039062 0.050642
1 0.388728 0.566685 0.039062 0.051060
1 0.389397 0.567104 0.039062 0.051479
1 0.390067 0.567522 0.039062 0.051897
1 0.390737 0.567941 0.039062 0.052316
1 0.391406 0.568359 0.039062 0.052734
1 0.392076 0.568778 0.039062 0.053153
1 0.392746 0.569196 0.039062 0.053571
1 0.393415 0.569615 0.039062 0.053990
1 0.394085 0.570033 0.039062 0.054408
1 0.394754 0.570452 0.039062 0.054827
1 0.395424 0.570871 0.039062 0.055246
1 0.396094 0.571289 0.039062 0.055664
1 0.396763 0.571708 0.039062 0.056083
1 0.397433 0.572126 0.039062 0.056501
1 0.398103 0.572545 0.039062 0.056920
1 0.398772 0.572963 0.039062 0.057338
1 0.399442 0.573382 0.039062 0.057757
1 0.400112 0.573800 0.039062 0.058175
1 0.400781 0.574219 0.039062 0.058594
1 0.402131 0.575018 0.039205 0.057706
1 0.403480 0.575817 0.039347 0.056818
1 0.404830 0.576616 0.039489 0.055930
1 0.406179 0.577415 0.039631 0.055043
1 0.407528 0.578214 0.039773 0.054155
1 0.408878 0.579013 0.039915 0.053267
1 0.410227 0.579812 0.040057 0.052379
1 0.411577 0.580611 0.040199 0.051491
1 0.412926 0.581410 0.040341 0.050604
1 0.414276 0.582209 0.040483 0.049716
1 0.415625 0.583008 0.040625 0.048828
1 0.417708 0.583984 0.040625 0.048611
1 0.419792 0.584961 0.040625 0.048394
1 0.421875 0.585938 0.040625 0.048177
1 0.423958 0.586914 0.040625 0.047960
1 0.426042 0.587891 0.040625 0.047743
1 0.428125 0.588867 0.040625 0.047526
1 0.430208 0.589844 0.040625 0.047309
1 0.432292 0.590820 0.040625 0.047092
1 0.434375 0.591797 0.040625 0.046875
1 0.436861 0.591974 0.041051 0.046520
1 0.439347 0.592152 0.041477 0.046165
1 0.441832 0.592330 0.041903 0.045810
1 0.444318 0.592507 0.042330 0.045455
1 0.446804 0.592685 0.042756 0.045099
1 0.449290 0.592862 0.043182 0.044744
1 0.451776 0.593040 0.043608 0.044389
1 0.454261 0.593217 0.044034 0.044034
1 0.456747 0.593395 0.044460 0.043679
1 0.459233 0.593572 0.044886 0.043324
1 0.461719 0.593750 0.045312 0.042969
1 0.463882 0.592849 0.044591 0.042969
1 0.466046 0.591947 0.043870 0.042969
1 0.468209 0.591046 0.043149 0.042969
1 0.470373 0.590144 0.042428 0.042969
1 0.472536 0.589243 0.041707 0.042969
1 0.474700 0.588341 0.040986 0.042969
1 0.476863 0.587440 0.040264 0.042969
1 0.479026 0.586538 0.039543 0.042969
1 0.481190 0.585637 0.038822 0.042969
1 0.483353 0.584736 0.038101 0.042969
1 0.485517 0.583834 0.037380 0.042969
1 0.487680 0.582933 0.036659 0.042969
1 0.489844 0.582031 0.035937 0.042969
1 0.491341 0.580648 0.036328 0.043457
1 0.492839 0.579264 0.036719 0.043945
1 0.494336 0.577881 0.037109 0.044434
1 0.495833 0.576497 0.037500 0.044922
1 0.497331 0.575114 0.037891 0.045410
1 0.498828 0.573730 0.038281 0.045898
1 0.500326 0.572347 0.038672 0.046387
1 0.501823 0.570964 0.039063 0.046875
1 0.503320 0.569580 0.039453 0.047363
1 0.504818 0.568197 0.039844 0.047852
1 0.506315 0.566813 0.040234 0.048340
1 0.507812 0.565430 0.040625 0.048828
1 0.508854 0.563737 0.040417 0.049089
1 0.509896 0.562044 0.040208 0.049349
1 0.510938 0.560352 0.040000 0.049609
1 0.511979 0.558659 0.039792 0.049870
1 0.513021 0.556966 0.039583 0.050130
1 0.514063 0.555273 0.039375 0.050391
1 0.515104 0.553581 0.039167 0.050651
1 0.516146 0.551888 0.038958 0.050911
1 0.517188 0.550195 0.038750 0.051172
1 0.518229 0.548503 0.038542 0.051432
1 0.519271 0.546810 0.038333 0.051693
1 0.520313 0.545117 0.038125 0.051953
1 0.521354 0.543424 0.037917 0.052214
1 0.522396 0.541732 0.037708 0.052474
1 0.523438 0.540039 0.037500 0.052734
1 0.523602 0.539011 0.037500 0.052734
1 0.523766 0.537983 0.037500 0.052734
1 0.523931 0.536955 0.037500 0.052734
1 0.524095 0.535927 0.037500 0.052734
1 0.524260 0.534899 0.037500 0.052734
1 0.524424 0.533871 0.037500 0.052734
1 0.524589 0.532843 0.037500 0.052734
1 0.524753 0.531815 0.037500 0.052734
1 0.524918 0.530787 0.037500 0.052734
1 0.525082 0.529759 0.037500 0.052734
1 0.525247 0.528731 0.037500 0.052734
1 0.525411 0.527704 0.037500 0.052734
1 0.525576 0.526676 0.037500 0.052734
1 0.525740 0.525648 0.037500 0.052734
1 0.525905 0.524620 0.037500 0.052734
1 0.526069 0.523592 0.037500 0.052734
1 0.526234 0.522564 0.037500 0.052734
1 0.526398 0.521536 0.037500 0.052734
1 0.526563 0.520508 0.037500 0.052734
1 0.526142 0.519381 0.037620 0.053185
1 0.525721 0.518254 0.037740 0.053636
1 0.525300 0.517127 0.037861 0.054087
1 0.524880 0.516001 0.037981 0.054537
1 0.524459 0.514874 0.038101 0.054988
1 0.524038 0.513747 0.038221 0.055439
1 0.523618 0.512620 0.038341 0.055889
1 0.523197 0.511493 0.038462 0.056340
1 0.522776 0.510367 0.038582 0.056791
1 0.522356 0.509240 0.038702 0.057242
1 0.521935 0.508113 0.038822 0.057692
1 0.521514 0.506986 0.038942 0.058143
1 0.521094 0.505859 0.039062 0.058594
1 0.520486 0.504829 0.039236 0.058702
1 0.519878 0.503798 0.039410 0.058811
1 0.519271 0.502767 0.039583 0.058919
1 0.518663 0.501736 0.039757 0.059028
1 0.518056 0.500705 0.039931 0.059136
1 0.517448 0.499674 0.040104 0.059245
1 0.516840 0.498644 0.040278 0.059353
1 0.516233 0.497613 0.040451 0.059462
1 0.515625 0.496582 0.040625 0.059570
1 0.515017 0.495551 0.040799 0.059679
1 0.514410 0.494520 0.040972 0.059787
1 0.513802 0.493490 0.041146 0.059896
1 0.513194 0.492459 0.041319 0.060004
1 0.512587 0.491428 0.041493 0.060113
1 0.511979 0.490397 0.041667 0.060221
1 0.511372 0.489366 0.041840 0.060330
1 0.510764 0.488336 0.042014 0.060438
1 0.510156 0.487305 0.042188 0.060547
1 0.509332 0.486545 0.041927 0.059896
1 0.508507 0.485786 0.041667 0.059245
1 0.507682 0.485026 0.041406 0.058594
1 0.506858 0.484266 0.041146 0.057943
1 0.506033 0.483507 0.040885 0.057292
1 0.505208 0.482747 0.040625 0.056641
1 0.504384 0.481988 0.040365 0.055990
1 0.503559 0.481228 0.040104 0.055339
1 0.502734 0.480469 0.039844 0.054687
1 0.501910 0.479709 0.039583 0.054036
1 0.501085 0.478950 0.039323 0.053385
1 0.500260 0.478190 0.039062 0.052734
1 0.499436 0.477431 0.038802 0.052083
1 0.498611 0.476671 0.038542 0.051432
1 0.497786 0.475911 0.038281 0.050781
1 0.496962 0.475152 0.038021 0.050130
1 0.496137 0.474392 0.037760 0.049479
1 0.495312 0.473633 0.037500 0.048828
1 0.494727 0.473206 0.037695 0.048706
1 0.494141 0.472778 0.037891 0.048584
1 0.493555 0.472351 0.038086 0.048462
1 0.492969 0.471924 0.038281 0.048340
1 0.492383 0.471497 0.038477 0.048218
1 0.491797 0.471069 0.038672 0.048096
1 0.491211 0.470642 0.038867 0.047974
1 0.490625 0.470215 0.039063 0.047852
1 0.490039 0.469788 0.039258 0.047729
1 0.489453 0.469360 0.039453 0.047607
1 0.488867 0.468933 0.039648 0.047485
1 0.488281 0.468506 0.039844 0.047363
1 0.487695 0.468079 0.040039 0.047241
1 0.487109 0.467651 0.040234 0.047119
1 0.486523 0.467224 0.040430 0.046997
1 0.485938 0.466797 0.040625 0.046875
1 0.485246 0.466947 0.041046 0.047025
1 0.484555 0.467097 0.041466 0.047175
1 0.483864 0.467248 0.041887 0.047326
1 0.483173 0.467398 0.042308 0.047476
1 0.482482 0.467548 0.042728 0.047626
1 0.481791 0.467698 0.043149 0.047776
1 0.481100 0.467849 0.043570 0.047927
1 0.480409 0.467999 0.043990 0.048077
1 0.479718 0.468149 0.044411 0.048227
1 0.479026 0.468299 0.044832 0.048377
1 0.478335 0.468450 0.045252 0.048528
1 0.477644 0.468600 0.045673 0.048678
1 0.476953 0.468750 0.046094 0.048828
1 0.476262 0.468900 0.046514 0.048978
1 0.475571 0.469050 0.046935 0.049129
1 0.474880 0.469201 0.047356 0.049279
1 0.474189 0.469351 0.047776 0.049429
1 0.473498 0.469501 0.048197 0.049579
1 0.472806 0.469651 0.048618 0.049730
1 0.472115 0.469802 0.049038 0.049880
1 0.471424 0.469952 0.049459 0.050030
1 0.470733 0.470102 0.049880 0.050180
1 0.470042 0.470252 0.050300 0.050331
1 0.469351 0.470403 0.050721 0.050481
1 0.468660 0.470553 0.051142 0.050631
1 0.467969 0.470703 0.051562 0.050781
1 0.467090 0.470703 0.050781 0.050537
1 0.466211 0.470703 0.050000 0.050293
1 0.465332 0.470703 0.049219 0.050049
1 0.464453 0.470703 0.048437 0.049805
1 0.463574 0.470703 0.047656 0.049561
1 0.462695 0.470703 0.046875 0.049316
1 0.461816 0.470703 0.046094 0.049072
1 0.460937 0.470703 0.045312 0.048828
1 0.460059 0.470703 0.044531 0.048584
1 0.459180 0.470703 0.043750 0.048340
1 0.458301 0.470703 0.042969 0.048096
1 0.457422 0.470703 0.042187 0.047852
1 0.456543 0.470703 0.041406 0.047607
1 0.455664 0.470703 0.040625 0.047363
1 0.454785 0.470703 0.039844 0.047119
1 0.453906 0.470703 0.039062 0.046875
1 0.452902 0.470285 0.039286 0.046875
1 0.451897 0.469866 0.039509 0.046875
1 0.450893 0.469448 0.039732 0.046875
1 0.449888 0.469029 0.039955 0.046875
1 0.448884 0.468610 0.040179 0.046875
1 0.447879 0.468192 0.040402 0.046875
1 0.446875 0.467773 0.040625 0.046875
1 0.445871 0.467355 0.040848 0.046875
1 0.444866 0.466936 0.041071 0.046875
1 0.443862 0.466518 0.041295 0.046875
1 0.442857 0.466099 0.041518 0.046875
1 0.441853 0.465681 0.041741 0.046875
1 0.440848 0.465262 0.041964 0.046875
1 0.439844 0.464844 0.042188 0.046875
