1 0.503125 0.540039 0.034375 0.044922
1 0.503059 0.539989 0.034405 0.044947
1 0.502994 0.539938 0.034435 0.044972
1 0.502928 0.539888 0.034466 0.044997
1 0.502863 0.539837 0.034496 0.045023
1 0.502797 0.539787 0.034526 0.045048
1 0.502732 0.539737 0.034556 0.045073
1 0.502666 0.539686 0.034587 0.045098
1 0.502601 0.539636 0.034617 0.045123
1 0.502535 0.539585 0.034647 0.045149
1 0.502470 0.539535 0.034677 0.045174
1 0.502404 0.539485 0.034708 0.045199
1 0.502339 0.539434 0.034738 0.045224
1 0.502273 0.539384 0.034768 0.045249
1 0.502208 0.539333 0.034798 0.045275
1 0.502142 0.539283 0.034829 0.045300
1 0.502077 0.539233 0.034859 0.045325
1 0.502011 0.539182 0.034889 0.045350
1 0.501946 0.539132 0.034919 0.045376
1 0.501880 0.539081 0.034950 0.045401
1 0.501815 0.539031 0.034980 0.045426
1 0.501749 0.538981 0.035010 0.045451
1 0.501683 0.538930 0.035040 0.045476
1 0.501618 0.538880 0.035071 0.045502
1 0.501552 0.538829 0.035101 0.045527
1 0.501487 0.538779 0.035131 0.045552
1 0.501421 0.538729 0.035161 0.045577
1 0.501356 0.538678 0.035192 0.045602
1 0.501290 0.538628 0.035222 0.045628
1 0.501225 0.538577 0.035252 0.045653
1 0.501159 0.538527 0.035282 0.045678
1 0.501094 0.538477 0.035312 0.045703
1 0.501028 0.538426 0.035343 0.045728
1 0.500963 0.538376 0.035373 0.045754
1 0.500897 0.538325 0.035403 0.045779
1 0.500832 0.538275 0.035433 0.045804
1 0.500766 0.538225 0.035464 0.045829
1 0.500701 0.538174 0.035494 0.045854
1 0.500635 0.538124 0.035524 0.045880
1 0.500570 0.538073 0.035554 0.045905
1 0.500504 0.538023 0.035585 0.045930
1 0.500439 0.537973 0.035615 0.045955
1 0.500373 0.537922 0.035645 0.045980
1 0.500307 0.537872 0.035675 0.046006
1 0.500242 0.537821 0.035706 0.046031
1 0.500176 0.537771 0.035736 0.046056
1 0.500111 0.537721 0.035766 0.046081
1 0.500045 0.537670 0.035796 0.046106
1 0.499980 0.537620 0.035827 0.046132
1 0.499914 0.537569 0.035857 0.046157
1 0.499849 0.537519 0.035887 0.046182
1 0.499783 0.537468 0.035917 0.046207
1 0.499718 0.537418 0.035948 0.046232
1 0.499652 0.537368 0.035978 0.046258
1 0.499587 0.537317 0.036008 0.046283
1 0.499521 0.537267 0.036038 0.046308
1 0.499456 0.537216 0.036069 0.046333
1 0.499390 0.537166 0.036099 0.046358
1 0.499325 0.537116 0.036129 0.046384
1 0.499259 0.537065 0.036159 0.046409
1 0.499194 0.537015 0.036190 0.046434
1 0.499128 0.536964 0.036220 0.046459
1 0.499063 0.536914 0.036250 0.046484
1 0.498997 0.536864 0.036280 0.046510
1 0.498931 0.536813 0.036310 0.046535
1 0.498866 0.536763 0.036341 0.046560
1 0.498800 0.536712 0.036371 0.046585
1 0.498735 0.536662 0.036401 0.046610
1 0.498669 0.536612 0.036431 0.046636
1 0.498604 0.536561 0.036462 0.046661
1 0.498538 0.536511 0.036492 0.046686
1 0.498473 0.536460 0.036522 0.046711
1 0.498407 0.536410 0.036552 0.046736
1 0.498342 0.536360 0.036583 0.046762
1 0.498276 0.536309 0.036613 0.046787
1 0.498211 0.536259 0.036643 0.046812
1 0.498145 0.536208 0.036673 0.046837
1 0.498080 0.536158 0.036704 0.046862
1 0.498014 0.536108 0.036734 0.046888
1 0.497949 0.536057 0.036764 0.046913
1 0.497883 0.536007 0.036794 0.046938
1 0.497818 0.535956 0.036825 0.046963
1 0.497752 0.535906 0.036855 0.046988
1 0.497686 0.535856 0.036885 0.047014
1 0.497621 0.535805 0.036915 0.047039
1 0.497555 0.535755 0.036946 0.047064
1 0.497490 0.535704 0.036976 0.047089
1 0.497424 0.535654 0.037006 0.047114
1 0.497359 0.535604 0.037036 0.047140
1 0.497293 0.535553 0.037067 0.047165
1 0.497228 0.535503 0.037097 0.047190
1 0.497162 0.535452 0.037127 0.047215
1 0.497097 0.535402 0.037157 0.047240
1 0.497031 0.535352 0.037187 0.047266
1 0.496966 0.535301 0.037218 0.047291
1 0.496900 0.535251 0.037248 0.047316
1 0.496835 0.535200 0.037278 0.047341
1 0.496769 0.535150 0.037308 0.047366
1 0.496704 0.535100 0.037339 0.047392
1 0.496638 0.535049 0.037369 0.047417
1 0.496573 0.534999 0.037399 0.047442
1 0.496507 0.534948 0.037429 0.047467
1 0.496442 0.534898 0.037460 0.047492
1 0.496376 0.534848 0.037490 0.047518
1 0.496310 0.534797 0.037520 0.047543
1 0.496245 0.534747 0.037550 0.047568
1 0.496179 0.534696 0.037581 0.047593
1 0.496114 0.534646 0.037611 0.047618
1 0.496048 0.534596 0.037641 0.047644
1 0.495983 0.534545 0.037671 0.047669
1 0.495917 0.534495 0.037702 0.047694
1 0.495852 0.534444 0.037732 0.047719
1 0.495786 0.534394 0.037762 0.047744
1 0.495721 0.534343 0.037792 0.047770
1 0.495655 0.534293 0.037823 0.047795
1 0.495590 0.534243 0.037853 0.047820
1 0.495524 0.534192 0.037883 0.047845
1 0.495459 0.534142 0.037913 0.047870
1 0.495393 0.534091 0.037944 0.047896
1 0.495328 0.534041 0.037974 0.047921
1 0.495262 0.533991 0.038004 0.047946
1 0.495197 0.533940 0.038034 0.047971
1 0.495131 0.533890 0.038065 0.047996
1 0.495066 0.533839 0.038095 0.048022
1 0.495000 0.533789 0.038125 0.048047
1 0.494934 0.533739 0.038155 0.048072
1 0.494869 0.533688 0.038185 0.048097
1 0.494803 0.533638 0.038216 0.048122
1 0.494738 0.533587 0.038246 0.048148
1 0.494672 0.533537 0.038276 0.048173
1 0.494607 0.533487 0.038306 0.048198
1 0.494541 0.533436 0.038337 0.048223
1 0.494476 0.533386 0.038367 0.048248
1 0.494410 0.533335 0.038397 0.048274
1 0.494345 0.533285 0.038427 0.048299
1 0.494279 0.533235 0.038458 0.048324
1 0.494214 0.533184 0.038488 0.048349
1 0.494148 0.533134 0.038518 0.048374
1 0.494083 0.533083 0.038548 0.048400
1 0.494017 0.533033 0.038579 0.048425
1 0.493952 0.532983 0.038609 0.048450
1 0.493886 0.532932 0.038639 0.048475
1 0.493821 0.532882 0.038669 0.048501
1 0.493755 0.532831 0.038700 0.048526
1 0.493690 0.532781 0.038730 0.048551
1 0.493624 0.532731 0.038760 0.048576
1 0.493558 0.532680 0.038790 0.048601
1 0.493493 0.532630 0.038821 0.048627
1 0.493427 0.532579 0.038851 0.048652
1 0.493362 0.532529 0.038881 0.048677
1 0.493296 0.532479 0.038911 0.048702
1 0.493231 0.532428 0.038942 0.048727
1 0.493165 0.532378 0.038972 0.048753
1 0.493100 0.532327 0.039002 0.048778
1 0.493034 0.532277 0.039032 0.048803
1 0.492969 0.532227 0.039062 0.048828
1 0.492990 0.532240 0.039062 0.048828
1 0.493010 0.532253 0.039062 0.048828
1 0.493031 0.532266 0.039062 0.048828
1 0.493052 0.532279 0.039062 0.048828
1 0.493073 0.532292 0.039062 0.048828
1 0.493094 0.532305 0.039062 0.048828
1 0.493115 0.532318 0.039062 0.048828
1 0.493135 0.532331 0.039062 0.048828
1 0.493156 0.532344 0.039062 0.048828
1 0.493177 0.532357 0.039062 0.048828
1 0.493198 0.532370 0.039062 0.048828
1 0.493219 0.532383 0.039062 0.048828
1 0.493240 0.532396 0.039062 0.048828
1 0.493260 0.532409 0.039062 0.048828
1 0.493281 0.532422 0.039062 0.048828
1 0.493302 0.532435 0.039062 0.048828
1 0.493323 0.532448 0.039062 0.048828
1 0.493344 0.532461 0.039062 0.048828
1 0.493365 0.532474 0.039062 0.048828
1 0.493385 0.532487 0.039062 0.048828
1 0.493406 0.532500 0.039062 0.048828
1 0.493427 0.532513 0.039062 0.048828
1 0.493448 0.532526 0.039062 0.048828
1 0.493469 0.532539 0.039062 0.048828
1 0.493490 0.532552 0.039062 0.048828
1 0.493510 0.532565 0.039062 0.048828
1 0.493531 0.532578 0.039062 0.048828
1 0.493552 0.532591 0.039062 0.048828
1 0.493573 0.532604 0.039062 0.048828
1 0.493594 0.532617 0.039062 0.048828
1 0.493615 0.532630 0.039062 0.048828
1 0.493635 0.532643 0.039062 0.048828
1 0.493656 0.532656 0.039062 0.048828
1 0.493677 0.532669 0.039062 0.048828
1 0.493698 0.532682 0.039062 0.048828
1 0.493719 0.532695 0.039062 0.048828
1 0.493740 0.532708 0.039062 0.048828
1 0.493760 0.532721 0.039062 0.048828
1 0.493781 0.532734 0.039062 0.048828
1 0.493802 0.532747 0.039062 0.048828
1 0.493823 0.532760 0.039062 0.048828
1 0.493844 0.532773 0.039062 0.048828
1 0.493865 0.532786 0.039062 0.048828
1 0.493885 0.532799 0.039062 0.048828
1 0.493906 0.532813 0.039062 0.048828
1 0.493927 0.532826 0.039062 0.048828
1 0.493948 0.532839 0.039062 0.048828
1 0.493969 0.532852 0.039062 0.048828
1 0.493990 0.532865 0.039062 0.048828
1 0.494010 0.532878 0.039062 0.048828
1 0.494031 0.532891 0.039062 0.048828
1 0.494052 0.532904 0.039062 0.048828
1 0.494073 0.532917 0.039062 0.048828
1 0.494094 0.532930 0.039062 0.048828
1 0.494115 0.532943 0.039062 0.048828
1 0.494135 0.532956 0.039062 0.048828
1 0.494156 0.532969 0.039062 0.048828
1 0.494177 0.532982 0.039062 0.048828
1 0.494198 0.532995 0.039062 0.048828
1 0.494219 0.533008 0.039062 0.048828
1 0.494240 0.533021 0.039062 0.048828
1 0.494260 0.533034 0.039062 0.048828
1 0.494281 0.533047 0.039062 0.048828
1 0.494302 0.533060 0.039062 0.048828
1 0.494323 0.533073 0.039062 0.048828
1 0.494344 0.533086 0.039062 0.048828
1 0.494365 0.533099 0.039062 0.048828
1 0.494385 0.533112 0.039062 0.048828
1 0.494406 0.533125 0.039062 0.048828
1 0.494427 0.533138 0.039062 0.048828
1 0.494448 0.533151 0.039062 0.048828
1 0.494469 0.533164 0.039062 0.048828
1 0.494490 0.533177 0.039062 0.048828
1 0.494510 0.533190 0.039062 0.048828
1 0.494531 0.533203 0.039062 0.048828
1 0.494552 0.533216 0.039062 0.048828
1 0.494573 0.533229 0.039062 0.048828
1 0.494594 0.533242 0.039062 0.048828
1 0.494615 0.533255 0.039062 0.048828
1 0.494635 0.533268 0.039062 0.048828
1 0.494656 0.533281 0.039062 0.048828
1 0.494677 0.533294 0.039062 0.048828
1 0.494698 0.533307 0.039062 0.048828
1 0.494719 0.533320 0.039062 0.048828
1 0.494740 0.533333 0.039062 0.048828
1 0.494760 0.533346 0.039062 0.048828
1 0.494781 0.533359 0.039062 0.048828
1 0.494802 0.533372 0.039062 0.048828
1 0.494823 0.533385 0.039062 0.048828
1 0.494844 0.533398 0.039062 0.048828
1 0.494865 0.533411 0.039062 0.048828
1 0.494885 0.533424 0.039062 0.048828
1 0.494906 0.533438 0.039062 0.048828
1 0.494927 0.533451 0.039062 0.048828
1 0.494948 0.533464 0.039062 0.048828
1 0.494969 0.533477 0.039062 0.048828
1 0.494990 0.533490 0.039062 0.048828
1 0.495010 0.533503 0.039062 0.048828
1 0.495031 0.533516 0.039062 0.048828
1 0.495052 0.533529 0.039062 0.048828
1 0.495073 0.533542 0.039062 0.048828
1 0.495094 0.533555 0.039062 0.048828
1 0.495115 0.533568 0.039062 0.048828
1 0.495135 0.533581 0.039062 0.048828
1 0.495156 0.533594 0.039062 0.048828
1 0.495177 0.533607 0.039062 0.048828
1 0.495198 0.533620 0.039062 0.048828
1 0.495219 0.533633 0.039062 0.048828
1 0.495240 0.533646 0.039062 0.048828
1 0.495260 0.533659 0.039062 0.048828
1 0.495281 0.533672 0.039062 0.048828
1 0.495302 0.533685 0.039062 0.048828
1 0.495323 0.533698 0.039062 0.048828
1 0.495344 0.533711 0.039062 0.048828
1 0.495365 0.533724 0.039062 0.048828
1 0.495385 0.533737 0.039062 0.048828
1 0.495406 0.533750 0.039062 0.048828
1 0.495427 0.533763 0.039062 0.048828
1 0.495448 0.533776 0.039062 0.048828
1 0.495469 0.533789 0.039062 0.048828
1 0.495490 0.533802 0.039062 0.048828
1 0.495510 0.533815 0.039062 0.048828
1 0.495531 0.533828 0.039062 0.048828
1 0.495552 0.533841 0.039062 0.048828
1 0.495573 0.533854 0.039062 0.048828
1 0.495594 0.533867 0.039062 0.048828
1 0.495615 0.533880 0.039062 0.048828
1 0.495635 0.533893 0.039062 0.048828
1 0.495656 0.533906 0.039062 0.048828
1 0.495677 0.533919 0.039062 0.048828
1 0.495698 0.533932 0.039062 0.048828
1 0.495719 0.533945 0.039062 0.048828
1 0.495740 0.533958 0.039062 0.048828
1 0.495760 0.533971 0.039062 0.048828
1 0.495781 0.533984 0.039062 0.048828
1 0.495802 0.533997 0.039062 0.048828
1 0.495823 0.534010 0.039062 0.048828
1 0.495844 0.534023 0.039062 0.048828
1 0.495865 0.534036 0.039062 0.048828
1 0.495885 0.534049 0.039062 0.048828
1 0.495906 0.534063 0.039062 0.048828
1 0.495927 0.534076 0.039062 0.048828
1 0.495948 0.534089 0.039062 0.048828
1 0.495969 0.534102 0.039062 0.048828
1 0.495990 0.534115 0.039062 0.048828
1 0.496010 0.534128 0.039062 0.048828
1 0.496031 0.534141 0.039062 0.048828
1 0.496052 0.534154 0.039062 0.048828
1 0.496073 0.534167 0.039062 0.048828
1 0.496094 0.534180 0.039062 0.048828
