1 0.763281 0.628906 0.042188 0.050781
1 0.762464 0.628418 0.042116 0.050337
1 0.761648 0.627930 0.042045 0.049893
1 0.760831 0.627441 0.041974 0.049450
1 0.760014 0.626953 0.041903 0.049006
1 0.759197 0.626465 0.041832 0.048562
1 0.758381 0.625977 0.041761 0.048118
1 0.757564 0.625488 0.041690 0.047674
1 0.756747 0.625000 0.041619 0.047230
1 0.755930 0.624512 0.041548 0.046786
1 0.755114 0.624023 0.041477 0.046342
1 0.754297 0.623535 0.041406 0.045898
1 0.753480 0.623047 0.041335 0.045455
1 0.752663 0.622559 0.041264 0.045011
1 0.751847 0.622070 0.041193 0.044567
1 0.751030 0.621582 0.041122 0.044123
1 0.750213 0.621094 0.041051 0.043679
1 0.749396 0.620605 0.040980 0.043235
1 0.748580 0.620117 0.040909 0.042791
1 0.747763 0.619629 0.040838 0.042347
1 0.746946 0.619141 0.040767 0.041903
1 0.746129 0.618652 0.040696 0.041460
1 0.745312 0.618164 0.040625 0.041016
1 0.744629 0.617798 0.040625 0.041016
1 0.743945 0.617432 0.040625 0.041016
1 0.743262 0.617065 0.040625 0.041016
1 0.742578 0.616699 0.040625 0.041016
1 0.741895 0.616333 0.040625 0.041016
1 0.741211 0.615967 0.040625 0.041016
1 0.740527 0.615601 0.040625 0.041016
1 0.739844 0.615234 0.040625 0.041016
1 0.739160 0.614868 0.040625 0.041016
1 0.738477 0.614502 0.040625 0.041016
1 0.737793 0.614136 0.040625 0.041016
1 0.737109 0.613770 0.040625 0.041016
1 0.736426 0.613403 0.040625 0.041016
1 0.735742 0.613037 0.040625 0.041016
1 0.735059 0.612671 0.040625 0.041016
1 0.734375 0.612305 0.040625 0.041016
1 0.733684 0.612192 0.040685 0.041241
1 0.732993 0.612079 0.040745 0.041466
1 0.732302 0.611967 0.040805 0.041692
1 0.731611 0.611854 0.040865 0.041917
1 0.730919 0.611741 0.040925 0.042142
1 0.730228 0.611629 0.040986 0.042368
1 0.729537 0.611516 0.041046 0.042593
1 0.728846 0.611403 0.041106 0.042819
1 0.728155 0.611291 0.041166 0.043044
1 0.727464 0.611178 0.041226 0.043269
1 0.726773 0.611065 0.041286 0.043495
1 0.726082 0.610953 0.041346 0.043720
1 0.725391 0.610840 0.041406 0.043945
1 0.724700 0.610727 0.041466 0.044171
1 0.724008 0.610614 0.041526 0.044396
1 0.723317 0.610502 0.041587 0.044621
1 0.722626 0.610389 0.041647 0.044847
1 0.721935 0.610276 0.041707 0.045072
1 0.721244 0.610164 0.041767 0.045297
1 0.720553 0.610051 0.041827 0.045523
1 0.719862 0.609938 0.041887 0.045748
1 0.719171 0.609826 0.041947 0.045974
1 0.718480 0.609713 0.042007 0.046199
1 0.717788 0.609600 0.042067 0.046424
1 0.717097 0.609488 0.042127 0.046650
1 0.716406 0.609375 0.042188 0.046875
1 0.715586 0.609082 0.042266 0.047070
1 0.714766 0.608789 0.042344 0.047266
1 0.713945 0.608496 0.042422 0.047461
1 0.713125 0.608203 0.042500 0.047656
1 0.712305 0.607910 0.042578 0.047852
1 0.711484 0.607617 0.042656 0.048047
1 0.710664 0.607324 0.042734 0.048242
1 0.709844 0.607031 0.042813 0.048438
1 0.709023 0.606738 0.042891 0.048633
1 0.708203 0.606445 0.042969 0.048828
1 0.707383 0.606152 0.043047 0.049023
1 0.706562 0.605859 0.043125 0.049219
1 0.705742 0.605566 0.043203 0.049414
1 0.704922 0.605273 0.043281 0.049609
1 0.704102 0.604980 0.043359 0.049805
1 0.703281 0.604687 0.043438 0.050000
1 0.702461 0.604395 0.043516 0.050195
1 0.701641 0.604102 0.043594 0.050391
1 0.700820 0.603809 0.043672 0.050586
1 0.700000 0.603516 0.043750 0.050781
1 0.698947 0.603091 0.044090 0.050781
1 0.697894 0.602666 0.044429 0.050781
1 0.696841 0.602242 0.044769 0.050781
1 0.695788 0.601817 0.045109 0.050781
1 0.694735 0.601393 0.045448 0.050781
1 0.693682 0.600968 0.045788 0.050781
1 0.692629 0.600543 0.046128 0.050781
1 0.691576 0.600119 0.046467 0.050781
1 0.690523 0.599694 0.046807 0.050781
1 0.689470 0.599270 0.047147 0.050781
1 0.688417 0.598845 0.047486 0.050781
1 0.687364 0.598421 0.047826 0.050781
1 0.686311 0.597996 0.048166 0.050781
1 0.685258 0.597571 0.048505 0.050781
1 0.684205 0.597147 0.048845 0.050781
1 0.683152 0.596722 0.049185 0.050781
1 0.682099 0.596298 0.049524 0.050781
1 0.681046 0.595873 0.049864 0.050781
1 0.679993 0.595448 0.050204 0.050781
1 0.678940 0.595024 0.050543 0.050781
1 0.677887 0.594599 0.050883 0.050781
1 0.676834 0.594175 0.051223 0.050781
1 0.877344 0.240234 0.454688 0.453125
1 0.875833 0.246746 0.453750 0.453995
1 0.874323 0.253257 0.452812 0.454866
1 0.872812 0.259769 0.451875 0.455736
1 0.871302 0.266280 0.450937 0.456606
1 0.869792 0.272792 0.450000 0.457476
1 0.868281 0.279304 0.449062 0.458347
1 0.866771 0.285815 0.448125 0.459217
1 0.865260 0.292327 0.447187 0.460087
1 0.863750 0.298838 0.446250 0.460958
1 0.862240 0.306295 0.445312 0.462021
1 0.860729 0.313751 0.444375 0.463085
1 0.859219 0.321208 0.443437 0.464148
1 0.857708 0.328664 0.442500 0.465212
1 0.856198 0.336121 0.441562 0.466275
1 0.854688 0.343577 0.440625 0.467339
1 0.853096 0.351033 0.440104 0.468402
1 0.851505 0.358490 0.439583 0.469466
1 0.849913 0.365946 0.439062 0.470529
1 0.848322 0.373403 0.438542 0.471593
1 0.846730 0.380859 0.438021 0.472656
1 0.845139 0.386808 0.437500 0.473189
1 0.843547 0.392756 0.436979 0.473722
1 0.841956 0.398704 0.436458 0.474254
1 0.840365 0.404652 0.435937 0.474787
1 0.838773 0.410600 0.435417 0.475320
1 0.837182 0.416548 0.434896 0.475852
1 0.835590 0.422496 0.434375 0.476385
1 0.833999 0.428445 0.433854 0.476918
1 0.832407 0.434393 0.433333 0.477450
1 0.830816 0.440341 0.432812 0.477983
1 0.829225 0.446289 0.432292 0.478516
1 0.827633 0.453576 0.431771 0.479267
1 0.826042 0.460862 0.431250 0.480018
1 0.824450 0.468149 0.430729 0.480769
1 0.822859 0.475436 0.430208 0.481520
1 0.821267 0.482722 0.429687 0.482272
1 0.819676 0.490009 0.429167 0.483023
1 0.818084 0.497296 0.428646 0.483774
1 0.816493 0.504582 0.428125 0.484525
1 0.814902 0.511869 0.427604 0.485276
1 0.813310 0.519156 0.427083 0.486028
1 0.811719 0.526442 0.426563 0.486779
1 0.810280 0.533729 0.425658 0.487530
1 0.808840 0.541016 0.424753 0.488281
1 0.807401 0.547940 0.423849 0.489702
1 0.805962 0.554865 0.422944 0.491122
1 0.804523 0.561790 0.422039 0.492543
1 0.803084 0.568714 0.421135 0.493963
1 0.801645 0.575639 0.420230 0.495384
1 0.800206 0.582564 0.419326 0.496804
1 0.798766 0.589489 0.418421 0.498224
1 0.797327 0.596413 0.417516 0.499645
1 0.795888 0.603338 0.416612 0.501065
1 0.794449 0.610263 0.415707 0.502486
1 0.793010 0.617188 0.414803 0.503906
1 0.791571 0.625488 0.413898 0.506836
1 0.790132 0.633789 0.412993 0.509766
1 0.788692 0.642090 0.412089 0.512695
1 0.787253 0.650391 0.411184 0.515625
1 0.785814 0.658691 0.410280 0.518555
1 0.784375 0.666992 0.409375 0.521484
1 0.782448 0.675293 0.408229 0.524414
1 0.780521 0.683594 0.407083 0.527344
1 0.778594 0.691504 0.405937 0.529492
1 0.776667 0.699414 0.404792 0.531641
1 0.774740 0.707324 0.403646 0.533789
1 0.772812 0.715234 0.402500 0.535938
1 0.770885 0.723145 0.401354 0.538086
1 0.768958 0.731055 0.400208 0.540234
1 0.767031 0.738965 0.399062 0.542383
1 0.765104 0.746875 0.397917 0.544531
1 0.763177 0.754785 0.396771 0.546680
1 0.761250 0.762695 0.395625 0.548828
1 0.759323 0.768555 0.394479 0.549805
1 0.757396 0.774414 0.393333 0.550781
1 0.755469 0.780273 0.392188 0.551758
1 0.753613 0.786133 0.391211 0.552734
1 0.751758 0.791992 0.390234 0.553711
1 0.749902 0.797852 0.389258 0.554687
1 0.748047 0.803711 0.388281 0.555664
1 0.746191 0.809570 0.387305 0.556641
1 0.744336 0.817205 0.386328 0.556996
1 0.742480 0.824840 0.385352 0.557351
1 0.740625 0.832475 0.384375 0.557706
1 0.738770 0.840110 0.383398 0.558061
1 0.736914 0.847745 0.382422 0.558416
1 0.735059 0.855380 0.381445 0.558771
1 0.733203 0.863015 0.380469 0.559126
1 0.731348 0.870650 0.379492 0.559482
1 0.729492 0.878285 0.378516 0.559837
1 0.727637 0.885920 0.377539 0.560192
1 0.725781 0.893555 0.376563 0.560547
1 0.723047 0.899089 0.374740 0.560330
1 0.720312 0.904622 0.372917 0.560113
1 0.717578 0.910156 0.371094 0.559896
1 0.714844 0.915690 0.369271 0.559679
1 0.712109 0.921224 0.367448 0.559462
1 0.709375 0.926758 0.365625 0.559245
1 0.706641 0.932292 0.363802 0.559028
1 0.703906 0.937826 0.361979 0.558811
1 0.701172 0.943359 0.360156 0.558594
1 0.698437 0.947591 0.358333 0.556315
1 0.695703 0.951823 0.356510 0.554036
1 0.692969 0.956055 0.354687 0.551758
1 0.691699 0.960286 0.354297 0.549479
1 0.690430 0.964518 0.353906 0.547201
1 0.689160 0.968750 0.353516 0.544922
1 0.687891 0.972982 0.353125 0.542643
1 0.686621 0.977214 0.352734 0.540365
1 0.685352 0.981445 0.352344 0.538086
1 0.684082 0.985677 0.351953 0.535807
1 0.682813 0.989909 0.351563 0.533529
1 0.681543 0.994141 0.351172 0.531250
1 0.680273 0.996680 0.350781 0.529036
1 0.679004 0.999219 0.350391 0.526823
1 0.677734 1.001758 0.350000 0.524609
1 0.676465 1.004297 0.349609 0.522396
1 0.675195 1.006836 0.349219 0.520182
1 0.673926 1.009375 0.348828 0.517969
1 0.672656 1.011914 0.348438 0.515755
1 0.670926 1.014453 0.347879 0.513542
1 0.669196 1.016992 0.347321 0.511328
1 0.667467 1.019531 0.346763 0.509115
1 0.665737 1.022070 0.346205 0.506901
1 0.664007 1.024609 0.345647 0.504687
1 0.662277 1.027148 0.345089 0.502474
1 0.660547 1.029688 0.344531 0.500260
1 0.658817 1.032227 0.343973 0.498047
1 0.657087 1.035511 0.343415 0.496449
1 0.655357 1.038796 0.342857 0.494851
1 0.653627 1.042081 0.342299 0.493253
1 0.651897 1.045366 0.341741 0.491655
1 0.650167 1.048651 0.341183 0.490057
1 0.648438 1.051935 0.340625 0.488459
1 0.646615 1.055220 0.340104 0.486861
1 0.644792 1.058505 0.339583 0.485263
1 0.642969 1.061790 0.339062 0.483665
1 0.641146 1.065075 0.338542 0.482067
1 0.639323 1.068359 0.338021 0.480469
1 0.637500 1.070557 0.337500 0.478516
1 0.635677 1.072754 0.336979 0.476563
1 0.633854 1.074951 0.336458 0.474609
1 0.632031 1.077148 0.335937 0.472656
1 0.630208 1.079346 0.335417 0.470703
1 0.628385 1.081543 0.334896 0.468750
1 0.626562 1.083740 0.334375 0.466797
1 0.624635 1.085938 0.333854 0.464844
1 0.622708 1.087435 0.333333 0.463151
1 0.620781 1.088932 0.332812 0.461458
1 0.618854 1.090430 0.332292 0.459766
1 0.616927 1.091927 0.331771 0.458073
1 0.615000 1.093424 0.331250 0.456380
1 0.613073 1.094922 0.330729 0.454687
1 0.611146 1.096419 0.330208 0.452995
1 0.609219 1.097917 0.329687 0.451302
1 0.607292 1.099414 0.329167 0.449609
1 0.605365 1.100911 0.328646 0.447917
1 0.603437 1.102409 0.328125 0.446224
1 0.601510 1.103906 0.327604 0.444531
1 0.599583 1.105404 0.327083 0.442839
1 0.597656 1.106901 0.326562 0.441146
1 0.594479 1.108398 0.324583 0.439453
1 0.591302 1.109314 0.322604 0.438110
1 0.588125 1.110229 0.320625 0.436768
1 0.584948 1.111145 0.318646 0.435425
1 0.581771 1.112061 0.316667 0.434082
1 0.578594 1.112976 0.314687 0.432739
1 0.575417 1.113892 0.312708 0.431396
1 0.572240 1.114807 0.310729 0.430054
1 0.569062 1.115723 0.308750 0.428711
1 0.565885 1.116638 0.306771 0.427368
1 0.562708 1.117554 0.304792 0.426025
1 0.559531 1.118469 0.302812 0.424683
1 0.556354 1.119385 0.300833 0.423340
1 0.553177 1.120300 0.298854 0.421997
1 0.550000 1.121216 0.296875 0.420654
1 0.548251 1.122131 0.295610 0.419312
1 0.546503 1.123047 0.294345 0.417969
1 0.544754 1.122790 0.293080 0.417455
1 0.543006 1.122533 0.291815 0.416941
1 0.541257 1.122276 0.290551 0.416427
1 0.539509 1.122019 0.289286 0.415913
1 0.537760 1.121762 0.288021 0.415399
1 0.536012 1.121505 0.286756 0.414885
1 0.534263 1.121248 0.285491 0.414371
1 0.532515 1.120991 0.284226 0.413857
1 0.530766 1.120734 0.282961 0.413343
1 0.529018 1.120477 0.281696 0.412829
1 0.527269 1.120220 0.280432 0.412315
1 0.525521 1.119963 0.279167 0.411801
1 0.523772 1.119706 0.277902 0.411287
1 0.522024 1.119449 0.276637 0.410773
1 0.520275 1.119192 0.275372 0.410259
1 0.518527 1.118935 0.274107 0.409745
1 0.516778 1.118678 0.272842 0.409231
1 0.515030 1.118421 0.271577 0.408717
1 0.513281 1.118164 0.270313 0.408203
