1 0.359375 0.489258 0.046875 0.052734
1 0.358359 0.488452 0.046953 0.052881
1 0.357344 0.487646 0.047031 0.053027
1 0.356328 0.486841 0.047109 0.053174
1 0.355313 0.486035 0.047187 0.053320
1 0.354297 0.485229 0.047266 0.053467
1 0.353281 0.484424 0.047344 0.053613
1 0.352266 0.483618 0.047422 0.053760
1 0.351250 0.482813 0.047500 0.053906
1 0.350234 0.482007 0.047578 0.054053
1 0.349219 0.481201 0.047656 0.054199
1 0.348203 0.480396 0.047734 0.054346
1 0.347188 0.479590 0.047812 0.054492
1 0.346172 0.478784 0.047891 0.054639
1 0.345156 0.477979 0.047969 0.054785
1 0.344141 0.477173 0.048047 0.054932
1 0.343125 0.476367 0.048125 0.055078
1 0.342109 0.475562 0.048203 0.055225
1 0.341094 0.474756 0.048281 0.055371
1 0.340078 0.473950 0.048359 0.055518
1 0.339063 0.473145 0.048437 0.055664
1 0.338047 0.472339 0.048516 0.055811
1 0.337031 0.471533 0.048594 0.055957
1 0.336016 0.470728 0.048672 0.056104
1 0.335000 0.469922 0.048750 0.056250
1 0.333984 0.469116 0.048828 0.056396
1 0.332969 0.468311 0.048906 0.056543
1 0.331953 0.467505 0.048984 0.056689
1 0.330938 0.466699 0.049062 0.056836
1 0.329922 0.465894 0.049141 0.056982
1 0.328906 0.465088 0.049219 0.057129
1 0.327891 0.464282 0.049297 0.057275
1 0.326875 0.463477 0.049375 0.057422
1 0.325859 0.462671 0.049453 0.057568
1 0.324844 0.461865 0.049531 0.057715
1 0.323828 0.461060 0.049609 0.057861
1 0.322813 0.460254 0.049687 0.058008
1 0.321797 0.459448 0.049766 0.058154
1 0.320781 0.458643 0.049844 0.058301
1 0.319766 0.457837 0.049922 0.058447
1 0.318750 0.457031 0.050000 0.058594
1 0.317560 0.456938 0.049851 0.058408
1 0.316369 0.456845 0.049702 0.058222
1 0.315179 0.456752 0.049554 0.058036
1 0.313988 0.456659 0.049405 0.057850
1 0.312798 0.456566 0.049256 0.057664
1 0.311607 0.456473 0.049107 0.057478
1 0.310417 0.456380 0.048958 0.057292
1 0.309226 0.456287 0.048810 0.057106
1 0.308036 0.456194 0.048661 0.056920
1 0.306845 0.456101 0.048512 0.056734
1 0.305655 0.456008 0.048363 0.056548
1 0.304464 0.455915 0.048214 0.056362
1 0.303274 0.455822 0.048065 0.056176
1 0.302083 0.455729 0.047917 0.055990
1 0.300893 0.455636 0.047768 0.055804
1 0.299702 0.455543 0.047619 0.055618
1 0.298512 0.455450 0.047470 0.055432
1 0.297321 0.455357 0.047321 0.055246
1 0.296131 0.455264 0.047173 0.055060
1 0.294940 0.455171 0.047024 0.054874
1 0.293750 0.455078 0.046875 0.054688
1 0.292539 0.455566 0.046953 0.054883
1 0.291328 0.456055 0.047031 0.055078
1 0.290117 0.456543 0.047109 0.055273
1 0.288906 0.457031 0.047188 0.055469
1 0.287695 0.457520 0.047266 0.055664
1 0.286484 0.458008 0.047344 0.055859
1 0.285273 0.458496 0.047422 0.056055
1 0.284062 0.458984 0.047500 0.056250
1 0.282852 0.459473 0.047578 0.056445
1 0.281641 0.459961 0.047656 0.056641
1 0.280430 0.460449 0.047734 0.056836
1 0.279219 0.460938 0.047813 0.057031
1 0.278008 0.461426 0.047891 0.057227
1 0.276797 0.461914 0.047969 0.057422
1 0.275586 0.462402 0.048047 0.057617
1 0.274375 0.462891 0.048125 0.057813
1 0.273164 0.463379 0.048203 0.058008
1 0.271953 0.463867 0.048281 0.058203
1 0.270742 0.464355 0.048359 0.058398
1 0.269531 0.464844 0.048438 0.058594
1 0.268066 0.465210 0.048438 0.058594
1 0.266602 0.465576 0.048438 0.058594
1 0.265137 0.465942 0.048438 0.058594
1 0.263672 0.466309 0.048438 0.058594
1 0.262207 0.466675 0.048438 0.058594
1 0.260742 0.467041 0.048438 0.058594
1 0.259277 0.467407 0.048438 0.058594
1 0.257813 0.467773 0.048438 0.058594
1 0.256348 0.468140 0.048438 0.058594
1 0.254883 0.468506 0.048438 0.058594
1 0.253418 0.468872 0.048438 0.058594
1 0.251953 0.469238 0.048438 0.058594
1 0.250488 0.469604 0.048438 0.058594
1 0.249023 0.469971 0.048438 0.058594
1 0.247559 0.470337 0.048438 0.058594
1 0.246094 0.470703 0.048438 0.058594
1 0.244875 0.470352 0.048125 0.058359
1 0.243656 0.470000 0.047813 0.058125
1 0.242438 0.469648 0.047500 0.057891
1 0.241219 0.469297 0.047188 0.057656
1 0.240000 0.468945 0.046875 0.057422
1 0.238781 0.468594 0.046563 0.057188
1 0.237563 0.468242 0.046250 0.056953
1 0.236344 0.467891 0.045938 0.056719
1 0.235125 0.467539 0.045625 0.056484
1 0.233906 0.467188 0.045313 0.056250
1 0.232688 0.466836 0.045000 0.056016
1 0.231469 0.466484 0.044688 0.055781
1 0.230250 0.466133 0.044375 0.055547
1 0.229031 0.465781 0.044063 0.055313
1 0.227813 0.465430 0.043750 0.055078
1 0.226594 0.465078 0.043438 0.054844
1 0.225375 0.464727 0.043125 0.054609
1 0.224156 0.464375 0.042813 0.054375
1 0.222938 0.464023 0.042500 0.054141
1 0.221719 0.463672 0.042188 0.053906
1 0.220500 0.463320 0.041875 0.053672
1 0.219281 0.462969 0.041563 0.053438
1 0.218063 0.462617 0.041250 0.053203
1 0.216844 0.462266 0.040938 0.052969
1 0.215625 0.461914 0.040625 0.052734
1 0.214896 0.461263 0.041042 0.052474
1 0.214167 0.460612 0.041458 0.052214
1 0.213437 0.459961 0.041875 0.051953
1 0.212708 0.459310 0.042292 0.051693
1 0.211979 0.458659 0.042708 0.051432
1 0.211250 0.458008 0.043125 0.051172
1 0.210521 0.457357 0.043542 0.050911
1 0.209792 0.456706 0.043958 0.050651
1 0.209062 0.456055 0.044375 0.050391
1 0.208333 0.455404 0.044792 0.050130
1 0.207604 0.454753 0.045208 0.049870
1 0.206875 0.454102 0.045625 0.049609
1 0.206146 0.453451 0.046042 0.049349
1 0.205417 0.452799 0.046458 0.049089
1 0.204687 0.452148 0.046875 0.048828
1 0.204479 0.451888 0.046771 0.048958
1 0.204271 0.451628 0.046667 0.049089
1 0.204062 0.451367 0.046562 0.049219
1 0.203854 0.451107 0.046458 0.049349
1 0.203646 0.450846 0.046354 0.049479
1 0.203437 0.450586 0.046250 0.049609
1 0.203229 0.450326 0.046146 0.049740
1 0.203021 0.450065 0.046042 0.049870
1 0.202812 0.449805 0.045937 0.050000
1 0.202604 0.449544 0.045833 0.050130
1 0.202396 0.449284 0.045729 0.050260
1 0.202187 0.449023 0.045625 0.050391
1 0.201979 0.448763 0.045521 0.050521
1 0.201771 0.448503 0.045417 0.050651
1 0.201562 0.448242 0.045312 0.050781
1 0.201354 0.447982 0.045208 0.050911
1 0.201146 0.447721 0.045104 0.051042
1 0.200937 0.447461 0.045000 0.051172
1 0.200729 0.447201 0.044896 0.051302
1 0.200521 0.446940 0.044792 0.051432
1 0.200312 0.446680 0.044687 0.051563
1 0.200104 0.446419 0.044583 0.051693
1 0.199896 0.446159 0.044479 0.051823
1 0.199687 0.445898 0.044375 0.051953
1 0.199479 0.445638 0.044271 0.052083
1 0.199271 0.445378 0.044167 0.052214
1 0.199062 0.445117 0.044062 0.052344
1 0.198854 0.444857 0.043958 0.052474
1 0.198646 0.444596 0.043854 0.052604
1 0.198438 0.444336 0.043750 0.052734
1 0.197780 0.444028 0.044408 0.052940
1 0.197122 0.443719 0.045066 0.053146
1 0.196464 0.443411 0.045724 0.053351
1 0.195806 0.443102 0.046382 0.053557
1 0.195148 0.442794 0.047039 0.053762
1 0.194490 0.442486 0.047697 0.053968
1 0.193832 0.442177 0.048355 0.054174
1 0.193174 0.441869 0.049013 0.054379
1 0.192516 0.441560 0.049671 0.054585
1 0.191859 0.441252 0.050329 0.054790
1 0.191201 0.440944 0.050987 0.054996
1 0.190543 0.440635 0.051645 0.055201
1 0.189885 0.440327 0.052303 0.055407
1 0.189227 0.440019 0.052961 0.055613
1 0.188569 0.439710 0.053618 0.055818
1 0.187911 0.439402 0.054276 0.056024
1 0.187253 0.439093 0.054934 0.056229
1 0.186595 0.438785 0.055592 0.056435
1 0.185938 0.438477 0.056250 0.056641
1 0.185625 0.439648 0.055625 0.055859
1 0.185313 0.440820 0.055000 0.055078
1 0.185000 0.441992 0.054375 0.054297
1 0.184688 0.443164 0.053750 0.053516
1 0.184375 0.444336 0.053125 0.052734
1 0.185938 0.443848 0.051562 0.053711
1 0.187500 0.443359 0.050000 0.054688
1 0.189063 0.442871 0.048437 0.055664
1 0.190625 0.442383 0.046875 0.056641
1 0.201042 0.442383 0.048438 0.057943
1 0.211458 0.442383 0.050000 0.059245
1 0.221875 0.442383 0.051562 0.060547
1 0.232292 0.442383 0.053125 0.061849
1 0.242708 0.442383 0.054688 0.063151
1 0.253125 0.442383 0.056250 0.064453
1 0.268750 0.442578 0.057500 0.064063
1 0.284375 0.442773 0.058750 0.063672
1 0.300000 0.442969 0.060000 0.063281
1 0.315625 0.443164 0.061250 0.062891
1 0.331250 0.443359 0.062500 0.062500
1 0.346250 0.443945 0.061250 0.062109
1 0.361250 0.444531 0.060000 0.061719
1 0.376250 0.445117 0.058750 0.061328
1 0.391250 0.445703 0.057500 0.060937
1 0.406250 0.446289 0.056250 0.060547
1 0.417187 0.445638 0.054688 0.060547
1 0.428125 0.444987 0.053125 0.060547
1 0.439063 0.444336 0.051563 0.060547
1 0.450000 0.443685 0.050000 0.060547
1 0.460938 0.443034 0.048438 0.060547
1 0.471875 0.442383 0.046875 0.060547
1 0.479297 0.442220 0.046615 0.060221
1 0.486719 0.442057 0.046354 0.059896
1 0.494141 0.441895 0.046094 0.059570
1 0.501563 0.441732 0.045833 0.059245
1 0.508984 0.441569 0.045573 0.058919
1 0.516406 0.441406 0.045312 0.058594
1 0.520399 0.440972 0.045660 0.056858
1 0.524392 0.440538 0.046007 0.055122
1 0.528385 0.440104 0.046354 0.053385
1 0.532378 0.439670 0.046701 0.051649
1 0.536372 0.439236 0.047049 0.049913
1 0.540365 0.438802 0.047396 0.048177
1 0.544358 0.438368 0.047743 0.046441
1 0.548351 0.437934 0.048090 0.044705
1 0.552344 0.437500 0.048438 0.042969
1 0.553437 0.437402 0.047500 0.044336
1 0.554531 0.437305 0.046563 0.045703
1 0.555625 0.437207 0.045625 0.047070
1 0.556719 0.437109 0.044688 0.048437
1 0.557812 0.437012 0.043750 0.049805
1 0.558906 0.436914 0.042813 0.051172
1 0.560000 0.436816 0.041875 0.052539
1 0.561094 0.436719 0.040938 0.053906
1 0.562187 0.436621 0.040000 0.055273
1 0.563281 0.436523 0.039062 0.056641
1 0.565137 0.436768 0.040039 0.055664
1 0.566992 0.437012 0.041016 0.054687
1 0.568848 0.437256 0.041992 0.053711
1 0.570703 0.437500 0.042969 0.052734
1 0.572559 0.437744 0.043945 0.051758
1 0.574414 0.437988 0.044922 0.050781
1 0.576270 0.438232 0.045898 0.049805
1 0.578125 0.438477 0.046875 0.048828
1 0.579129 0.438058 0.046205 0.050223
1 0.580134 0.437640 0.045536 0.051618
1 0.581138 0.437221 0.044866 0.053013
1 0.582143 0.436802 0.044196 0.054408
1 0.583147 0.436384 0.043527 0.055804
1 0.584152 0.435965 0.042857 0.057199
1 0.585156 0.435547 0.042188 0.058594
1 0.583507 0.435185 0.042130 0.058449
1 0.581858 0.434823 0.042072 0.058304
1 0.580208 0.434462 0.042014 0.058160
1 0.578559 0.434100 0.041956 0.058015
1 0.576910 0.433738 0.041898 0.057870
1 0.575260 0.433377 0.041840 0.057726
1 0.573611 0.433015 0.041782 0.057581
1 0.571962 0.432653 0.041725 0.057436
1 0.570313 0.432292 0.041667 0.057292
1 0.568663 0.431930 0.041609 0.057147
1 0.567014 0.431568 0.041551 0.057002
1 0.565365 0.431207 0.041493 0.056858
1 0.563715 0.430845 0.041435 0.056713
1 0.562066 0.430483 0.041377 0.056568
1 0.560417 0.430122 0.041319 0.056424
1 0.558767 0.429760 0.041262 0.056279
1 0.557118 0.429398 0.041204 0.056134
1 0.555469 0.429036 0.041146 0.055990
1 0.553819 0.428675 0.041088 0.055845
1 0.552170 0.428313 0.041030 0.055700
1 0.550521 0.427951 0.040972 0.055556
1 0.548872 0.427590 0.040914 0.055411
1 0.547222 0.427228 0.040856 0.055266
1 0.545573 0.426866 0.040799 0.055122
1 0.543924 0.426505 0.040741 0.054977
1 0.542274 0.426143 0.040683 0.054832
1 0.540625 0.425781 0.040625 0.054688
1 0.538948 0.424948 0.040671 0.055090
1 0.537270 0.424115 0.040717 0.055492
1 0.535593 0.423282 0.040763 0.055894
1 0.533915 0.422449 0.040809 0.056296
1 0.532238 0.421616 0.040855 0.056698
1 0.530561 0.420784 0.040901 0.057100
1 0.528883 0.419951 0.040947 0.057502
1 0.527206 0.419118 0.040993 0.057904
1 0.525528 0.418285 0.041039 0.058307
1 0.523851 0.417452 0.041085 0.058709
1 0.522174 0.416619 0.041131 0.059111
1 0.520496 0.415786 0.041176 0.059513
1 0.518819 0.414953 0.041222 0.059915
1 0.517142 0.414120 0.041268 0.060317
1 0.515464 0.413287 0.041314 0.060719
1 0.513787 0.412454 0.041360 0.061121
1 0.512109 0.411621 0.041406 0.061523
1 0.510432 0.410788 0.041452 0.061926
1 0.508755 0.409955 0.041498 0.062328
1 0.507077 0.409122 0.041544 0.062730
1 0.505400 0.408289 0.041590 0.063132
1 0.503722 0.407456 0.041636 0.063534
1 0.502045 0.406623 0.041682 0.063936
1 0.500368 0.405790 0.041728 0.064338
1 0.498690 0.404957 0.041774 0.064740
1 0.497013 0.404125 0.041820 0.065142
1 0.495335 0.403292 0.041866 0.065545
1 0.493658 0.402459 0.041912 0.065947
1 0.491981 0.401626 0.041958 0.066349
1 0.490303 0.400793 0.042004 0.066751
1 0.488626 0.399960 0.042050 0.067153
1 0.486949 0.399127 0.042096 0.067555
1 0.485271 0.398294 0.042142 0.067957
1 0.483594 0.397461 0.042188 0.068359
