1 0.363281 0.418945 0.045312 0.048828
1 0.362931 0.418339 0.045151 0.048693
1 0.362581 0.417733 0.044989 0.048559
1 0.362231 0.417127 0.044828 0.048424
1 0.361880 0.416521 0.044666 0.048289
1 0.361530 0.415915 0.044504 0.048155
1 0.361180 0.415308 0.044343 0.048020
1 0.360830 0.414702 0.044181 0.047885
1 0.360480 0.414096 0.044019 0.047751
1 0.360129 0.413490 0.043858 0.047616
1 0.359779 0.412884 0.043696 0.047481
1 0.359429 0.412278 0.043534 0.047346
1 0.359079 0.411672 0.043373 0.047212
1 0.358728 0.411065 0.043211 0.047077
1 0.358378 0.410459 0.043050 0.046942
1 0.358028 0.409853 0.042888 0.046808
1 0.357678 0.409247 0.042726 0.046673
1 0.357328 0.408641 0.042565 0.046538
1 0.356977 0.408035 0.042403 0.046404
1 0.356627 0.407429 0.042241 0.046269
1 0.356277 0.406822 0.042080 0.046134
1 0.355927 0.406216 0.041918 0.045999
1 0.355577 0.405610 0.041756 0.045865
1 0.355226 0.405004 0.041595 0.045730
1 0.354876 0.404398 0.041433 0.045595
1 0.354526 0.403792 0.041272 0.045461
1 0.354176 0.403186 0.041110 0.045326
1 0.353825 0.402579 0.040948 0.045191
1 0.353475 0.401973 0.040787 0.045057
1 0.353125 0.401367 0.040625 0.044922
1 0.352632 0.401007 0.040789 0.045025
1 0.352138 0.400648 0.040954 0.045127
1 0.351645 0.400288 0.041118 0.045230
1 0.351151 0.399928 0.041283 0.045333
1 0.350658 0.399568 0.041447 0.045436
1 0.350164 0.399208 0.041612 0.045539
1 0.349671 0.398849 0.041776 0.045641
1 0.349178 0.398489 0.041941 0.045744
1 0.348684 0.398129 0.042105 0.045847
1 0.348191 0.397769 0.042270 0.045950
1 0.347697 0.397410 0.042434 0.046053
1 0.347204 0.397050 0.042599 0.046155
1 0.346711 0.396690 0.042763 0.046258
1 0.346217 0.396330 0.042928 0.046361
1 0.345724 0.395970 0.043092 0.046464
1 0.345230 0.395611 0.043257 0.046567
1 0.344737 0.395251 0.043421 0.046669
1 0.344243 0.394891 0.043586 0.046772
1 0.343750 0.394531 0.043750 0.046875
1 0.343217 0.394664 0.043537 0.047141
1 0.342685 0.394798 0.043324 0.047408
1 0.342152 0.394931 0.043111 0.047674
1 0.341619 0.395064 0.042898 0.047940
1 0.341087 0.395197 0.042685 0.048207
1 0.340554 0.395330 0.042472 0.048473
1 0.340021 0.395463 0.042259 0.048739
1 0.339489 0.395597 0.042045 0.049006
1 0.338956 0.395730 0.041832 0.049272
1 0.338423 0.395863 0.041619 0.049538
1 0.337891 0.395996 0.041406 0.049805
1 0.337358 0.396129 0.041193 0.050071
1 0.336825 0.396262 0.040980 0.050337
1 0.336293 0.396396 0.040767 0.050604
1 0.335760 0.396529 0.040554 0.050870
1 0.335227 0.396662 0.040341 0.051136
1 0.334695 0.396795 0.040128 0.051403
1 0.334162 0.396928 0.039915 0.051669
1 0.333629 0.397061 0.039702 0.051935
1 0.333097 0.397195 0.039489 0.052202
1 0.332564 0.397328 0.039276 0.052468
1 0.332031 0.397461 0.039062 0.052734
1 0.331112 0.397633 0.039430 0.052390
1 0.330193 0.397806 0.039798 0.052045
1 0.329274 0.397978 0.040165 0.051700
1 0.328355 0.398150 0.040533 0.051356
1 0.327436 0.398323 0.040901 0.051011
1 0.326517 0.398495 0.041268 0.050666
1 0.325597 0.398667 0.041636 0.050322
1 0.324678 0.398840 0.042004 0.049977
1 0.323759 0.399012 0.042371 0.049632
1 0.322840 0.399184 0.042739 0.049288
1 0.321921 0.399357 0.043107 0.048943
1 0.321002 0.399529 0.043474 0.048598
1 0.320083 0.399701 0.043842 0.048254
1 0.319164 0.399874 0.044210 0.047909
1 0.318244 0.400046 0.044577 0.047564
1 0.317325 0.400218 0.044945 0.047220
1 0.316406 0.400391 0.045312 0.046875
1 0.315451 0.400662 0.045312 0.046984
1 0.314497 0.400933 0.045312 0.047092
1 0.313542 0.401204 0.045312 0.047201
1 0.312587 0.401476 0.045312 0.047309
1 0.311632 0.401747 0.045312 0.047418
1 0.310677 0.402018 0.045312 0.047526
1 0.309722 0.402289 0.045312 0.047635
1 0.308767 0.402561 0.045312 0.047743
1 0.307812 0.402832 0.045312 0.047852
1 0.306858 0.403103 0.045312 0.047960
1 0.305903 0.403375 0.045312 0.048069
1 0.304948 0.403646 0.045312 0.048177
1 0.303993 0.403917 0.045312 0.048286
1 0.303038 0.404188 0.045312 0.048394
1 0.302083 0.404460 0.045312 0.048503
1 0.301128 0.404731 0.045312 0.048611
1 0.300174 0.405002 0.045312 0.048720
1 0.299219 0.405273 0.045312 0.048828
1 0.298257 0.405198 0.045072 0.048377
1 0.297296 0.405123 0.044832 0.047927
1 0.296334 0.405048 0.044591 0.047476
1 0.295373 0.404973 0.044351 0.047025
1 0.294411 0.404898 0.044111 0.046575
1 0.293450 0.404823 0.043870 0.046124
1 0.292488 0.404748 0.043630 0.045673
1 0.291526 0.404672 0.043389 0.045222
1 0.290565 0.404597 0.043149 0.044772
1 0.289603 0.404522 0.042909 0.044321
1 0.288642 0.404447 0.042668 0.043870
1 0.287680 0.404372 0.042428 0.043419
1 0.286719 0.404297 0.042188 0.042969
1 0.285770 0.404088 0.042522 0.043108
1 0.284821 0.403878 0.042857 0.043248
1 0.283873 0.403669 0.043192 0.043387
1 0.282924 0.403460 0.043527 0.043527
1 0.281975 0.403251 0.043862 0.043666
1 0.281027 0.403041 0.044196 0.043806
1 0.280078 0.402832 0.044531 0.043945
1 0.279129 0.402623 0.044866 0.044085
1 0.278181 0.402414 0.045201 0.044224
1 0.277232 0.402204 0.045536 0.044364
1 0.276283 0.401995 0.045871 0.044503
1 0.275335 0.401786 0.046205 0.044643
1 0.274386 0.401576 0.046540 0.044782
1 0.273438 0.401367 0.046875 0.044922
1 0.272692 0.401012 0.046804 0.044744
1 0.271946 0.400657 0.046733 0.044567
1 0.271200 0.400302 0.046662 0.044389
1 0.270455 0.399947 0.046591 0.044212
1 0.269709 0.399592 0.046520 0.044034
1 0.268963 0.399237 0.046449 0.043857
1 0.268217 0.398881 0.046378 0.043679
1 0.267472 0.398526 0.046307 0.043501
1 0.266726 0.398171 0.046236 0.043324
1 0.265980 0.397816 0.046165 0.043146
1 0.265234 0.397461 0.046094 0.042969
1 0.264489 0.397106 0.046023 0.042791
1 0.263743 0.396751 0.045952 0.042614
1 0.262997 0.396396 0.045881 0.042436
1 0.262251 0.396040 0.045810 0.042259
1 0.261506 0.395685 0.045739 0.042081
1 0.260760 0.395330 0.045668 0.041903
1 0.260014 0.394975 0.045597 0.041726
1 0.259268 0.394620 0.045526 0.041548
1 0.258523 0.394265 0.045455 0.041371
1 0.257777 0.393910 0.045384 0.041193
1 0.257031 0.393555 0.045312 0.041016
1 0.256296 0.392808 0.045129 0.041131
1 0.255561 0.392061 0.044945 0.041245
1 0.254825 0.391314 0.044761 0.041360
1 0.254090 0.390568 0.044577 0.041475
1 0.253355 0.389821 0.044393 0.041590
1 0.252619 0.389074 0.044210 0.041705
1 0.251884 0.388327 0.044026 0.041820
1 0.251149 0.387580 0.043842 0.041935
1 0.250414 0.386834 0.043658 0.042050
1 0.249678 0.386087 0.043474 0.042165
1 0.248943 0.385340 0.043290 0.042279
1 0.248208 0.384593 0.043107 0.042394
1 0.247472 0.383847 0.042923 0.042509
1 0.246737 0.383100 0.042739 0.042624
1 0.246002 0.382353 0.042555 0.042739
1 0.245267 0.381606 0.042371 0.042854
1 0.244531 0.380859 0.042188 0.042969
1 0.244171 0.380033 0.042188 0.043419
1 0.243810 0.379207 0.042188 0.043870
1 0.243450 0.378380 0.042188 0.044321
1 0.243089 0.377554 0.042188 0.044772
1 0.242728 0.376728 0.042188 0.045222
1 0.242368 0.375901 0.042188 0.045673
1 0.242007 0.375075 0.042188 0.046124
1 0.241647 0.374249 0.042188 0.046575
1 0.241286 0.373422 0.042188 0.047025
1 0.240925 0.372596 0.042188 0.047476
1 0.240565 0.371770 0.042188 0.047927
1 0.240204 0.370944 0.042188 0.048377
1 0.239844 0.370117 0.042188 0.048828
1 0.239844 0.369350 0.042188 0.048689
1 0.239844 0.368583 0.042188 0.048549
1 0.239844 0.367815 0.042188 0.048410
1 0.239844 0.367048 0.042188 0.048270
1 0.239844 0.366281 0.042188 0.048131
1 0.239844 0.365513 0.042188 0.047991
1 0.239844 0.364746 0.042188 0.047852
1 0.239844 0.363979 0.042188 0.047712
1 0.239844 0.363211 0.042188 0.047573
1 0.239844 0.362444 0.042188 0.047433
1 0.239844 0.361677 0.042188 0.047294
1 0.239844 0.360910 0.042188 0.047154
1 0.239844 0.360142 0.042188 0.047015
1 0.239844 0.359375 0.042188 0.046875
1 0.239603 0.358474 0.042428 0.046575
1 0.239363 0.357572 0.042668 0.046274
1 0.239123 0.356671 0.042909 0.045974
1 0.238882 0.355769 0.043149 0.045673
1 0.238642 0.354868 0.043389 0.045373
1 0.238401 0.353966 0.043630 0.045072
1 0.238161 0.353065 0.043870 0.044772
1 0.237921 0.352163 0.044111 0.044471
1 0.237680 0.351262 0.044351 0.044171
1 0.237440 0.350361 0.044591 0.043870
1 0.237200 0.349459 0.044832 0.043570
1 0.236959 0.348558 0.045072 0.043269
1 0.236719 0.347656 0.045312 0.042969
1 0.236285 0.346680 0.045486 0.043186
1 0.235851 0.345703 0.045660 0.043403
1 0.235417 0.344727 0.045833 0.043620
1 0.234983 0.343750 0.046007 0.043837
1 0.234549 0.342773 0.046181 0.044054
1 0.234115 0.341797 0.046354 0.044271
1 0.233681 0.340820 0.046528 0.044488
1 0.233247 0.339844 0.046701 0.044705
1 0.232812 0.338867 0.046875 0.044922
1 0.232378 0.337891 0.047049 0.045139
1 0.231944 0.336914 0.047222 0.045356
1 0.231510 0.335937 0.047396 0.045573
1 0.231076 0.334961 0.047569 0.045790
1 0.230642 0.333984 0.047743 0.046007
1 0.230208 0.333008 0.047917 0.046224
1 0.229774 0.332031 0.048090 0.046441
1 0.229340 0.331055 0.048264 0.046658
1 0.228906 0.330078 0.048438 0.046875
1 0.228447 0.328814 0.047886 0.046645
1 0.227987 0.327551 0.047335 0.046415
1 0.227528 0.326287 0.046783 0.046186
1 0.227068 0.325023 0.046232 0.045956
1 0.226608 0.323759 0.045680 0.045726
1 0.226149 0.322495 0.045129 0.045496
1 0.225689 0.321232 0.044577 0.045267
1 0.225230 0.319968 0.044026 0.045037
1 0.224770 0.318704 0.043474 0.044807
1 0.224311 0.317440 0.042923 0.044577
1 0.223851 0.316176 0.042371 0.044347
1 0.223392 0.314913 0.041820 0.044118
1 0.222932 0.313649 0.041268 0.043888
1 0.222472 0.312385 0.040717 0.043658
1 0.222013 0.311121 0.040165 0.043428
1 0.221553 0.309858 0.039614 0.043199
1 0.221094 0.308594 0.039062 0.042969
1 0.220586 0.308301 0.039141 0.043164
1 0.220078 0.308008 0.039219 0.043359
1 0.219570 0.307715 0.039297 0.043555
1 0.219063 0.307422 0.039375 0.043750
1 0.218555 0.307129 0.039453 0.043945
1 0.218047 0.306836 0.039531 0.044141
1 0.217539 0.306543 0.039609 0.044336
1 0.217031 0.306250 0.039687 0.044531
1 0.216523 0.305957 0.039766 0.044727
1 0.216016 0.305664 0.039844 0.044922
1 0.215508 0.305371 0.039922 0.045117
1 0.215000 0.305078 0.040000 0.045312
1 0.214492 0.304785 0.040078 0.045508
1 0.213984 0.304492 0.040156 0.045703
1 0.213477 0.304199 0.040234 0.045898
1 0.212969 0.303906 0.040312 0.046094
1 0.212461 0.303613 0.040391 0.046289
1 0.211953 0.303320 0.040469 0.046484
1 0.211445 0.303027 0.040547 0.046680
1 0.210938 0.302734 0.040625 0.046875
1 0.210087 0.302409 0.040590 0.047005
1 0.209236 0.302083 0.040556 0.047135
1 0.208385 0.301758 0.040521 0.047266
1 0.207535 0.301432 0.040486 0.047396
1 0.206684 0.301107 0.040451 0.047526
1 0.205833 0.300781 0.040417 0.047656
1 0.204983 0.300456 0.040382 0.047786
1 0.204132 0.300130 0.040347 0.047917
1 0.203281 0.299805 0.040312 0.048047
1 0.202431 0.299479 0.040278 0.048177
1 0.201580 0.299154 0.040243 0.048307
1 0.200729 0.298828 0.040208 0.048438
1 0.199878 0.298503 0.040174 0.048568
1 0.199028 0.298177 0.040139 0.048698
1 0.198177 0.297852 0.040104 0.048828
1 0.197326 0.297526 0.040069 0.048958
1 0.196476 0.297201 0.040035 0.049089
1 0.195625 0.296875 0.040000 0.049219
1 0.194774 0.296549 0.039965 0.049349
1 0.193924 0.296224 0.039931 0.049479
1 0.193073 0.295898 0.039896 0.049609
1 0.192222 0.295573 0.039861 0.049740
1 0.191372 0.295247 0.039826 0.049870
1 0.190521 0.294922 0.039792 0.050000
1 0.189670 0.294596 0.039757 0.050130
1 0.188819 0.294271 0.039722 0.050260
1 0.187969 0.293945 0.039687 0.050391
1 0.187118 0.293620 0.039653 0.050521
1 0.186267 0.293294 0.039618 0.050651
1 0.185417 0.292969 0.039583 0.050781
1 0.184566 0.292643 0.039549 0.050911
1 0.183715 0.292318 0.039514 0.051042
1 0.182865 0.291992 0.039479 0.051172
1 0.182014 0.291667 0.039444 0.051302
1 0.181163 0.291341 0.039410 0.051432
1 0.180312 0.291016 0.039375 0.051563
1 0.179462 0.290690 0.039340 0.051693
1 0.178611 0.290365 0.039306 0.051823
1 0.177760 0.290039 0.039271 0.051953
1 0.176910 0.289714 0.039236 0.052083
1 0.176059 0.289388 0.039201 0.052214
1 0.175208 0.289062 0.039167 0.052344
1 0.174358 0.288737 0.039132 0.052474
1 0.173507 0.288411 0.039097 0.052604
1 0.172656 0.288086 0.039062 0.052734
