1 0.511719 0.744141 0.039062 0.058594
1 0.511869 0.743239 0.039123 0.058594
1 0.512019 0.742338 0.039183 0.058594
1 0.512169 0.741436 0.039243 0.058594
1 0.512320 0.740535 0.039303 0.058594
1 0.512470 0.739633 0.039363 0.058594
1 0.512620 0.738732 0.039423 0.058594
1 0.512770 0.737831 0.039483 0.058594
1 0.512921 0.736929 0.039543 0.058594
1 0.513071 0.736028 0.039603 0.058594
1 0.513221 0.735126 0.039663 0.058594
1 0.513371 0.734225 0.039724 0.058594
1 0.513522 0.733323 0.039784 0.058594
1 0.513672 0.732422 0.039844 0.058594
1 0.513822 0.731520 0.039904 0.058594
1 0.513972 0.730619 0.039964 0.058594
1 0.514123 0.729718 0.040024 0.058594
1 0.514273 0.728816 0.040084 0.058594
1 0.514423 0.727915 0.040144 0.058594
1 0.514573 0.727013 0.040204 0.058594
1 0.514724 0.726112 0.040264 0.058594
1 0.514874 0.725210 0.040325 0.058594
1 0.515024 0.724309 0.040385 0.058594
1 0.515174 0.723407 0.040445 0.058594
1 0.515325 0.722506 0.040505 0.058594
1 0.515475 0.721605 0.040565 0.058594
1 0.515625 0.720703 0.040625 0.058594
1 0.515938 0.720182 0.040625 0.059375
1 0.516250 0.719661 0.040625 0.060156
1 0.516563 0.719141 0.040625 0.060938
1 0.516875 0.718620 0.040625 0.061719
1 0.517188 0.718099 0.040625 0.062500
1 0.517500 0.717578 0.040625 0.063281
1 0.517813 0.717057 0.040625 0.064063
1 0.518125 0.716536 0.040625 0.064844
1 0.518438 0.716016 0.040625 0.065625
1 0.518750 0.715495 0.040625 0.066406
1 0.519063 0.714974 0.040625 0.067188
1 0.519375 0.714453 0.040625 0.067969
1 0.519687 0.713932 0.040625 0.068750
1 0.520000 0.713411 0.040625 0.069531
1 0.520312 0.712891 0.040625 0.070312
1 0.519844 0.712109 0.040000 0.068359
1 0.519375 0.711328 0.039375 0.066406
1 0.518906 0.710547 0.038750 0.064453
1 0.518437 0.709766 0.038125 0.062500
1 0.517969 0.708984 0.037500 0.060547
1 0.517500 0.708203 0.036875 0.058594
1 0.517031 0.707422 0.036250 0.056641
1 0.516562 0.706641 0.035625 0.054687
1 0.516094 0.705859 0.035000 0.052734
1 0.515625 0.705078 0.034375 0.050781
1 0.515960 0.706403 0.034821 0.050921
1 0.516295 0.707729 0.035268 0.051060
1 0.516629 0.709054 0.035714 0.051200
1 0.516964 0.710379 0.036161 0.051339
1 0.517299 0.711705 0.036607 0.051479
1 0.517634 0.713030 0.037054 0.051618
1 0.517969 0.714355 0.037500 0.051758
1 0.518304 0.715681 0.037946 0.051897
1 0.518638 0.717006 0.038393 0.052037
1 0.518973 0.718331 0.038839 0.052176
1 0.519308 0.719657 0.039286 0.052316
1 0.519643 0.720982 0.039732 0.052455
1 0.519978 0.722307 0.040179 0.052595
1 0.520312 0.723633 0.040625 0.052734
1 0.520592 0.722586 0.041183 0.053153
1 0.520871 0.721540 0.041741 0.053571
1 0.521150 0.720494 0.042299 0.053990
1 0.521429 0.719448 0.042857 0.054408
1 0.521708 0.718401 0.043415 0.054827
1 0.521987 0.717355 0.043973 0.055246
1 0.522266 0.716309 0.044531 0.055664
1 0.522545 0.715262 0.045089 0.056083
1 0.522824 0.714216 0.045647 0.056501
1 0.523103 0.713170 0.046205 0.056920
1 0.523382 0.712123 0.046763 0.057338
1 0.523661 0.711077 0.047321 0.057757
1 0.523940 0.710031 0.047879 0.058175
1 0.524219 0.708984 0.048438 0.058594
1 0.524170 0.709290 0.048340 0.058716
1 0.524121 0.709595 0.048242 0.058838
1 0.524072 0.709900 0.048145 0.058960
1 0.524023 0.710205 0.048047 0.059082
1 0.523975 0.710510 0.047949 0.059204
1 0.523926 0.710815 0.047852 0.059326
1 0.523877 0.711121 0.047754 0.059448
1 0.523828 0.711426 0.047656 0.059570
1 0.523779 0.711731 0.047559 0.059692
1 0.523730 0.712036 0.047461 0.059814
1 0.523682 0.712341 0.047363 0.059937
1 0.523633 0.712646 0.047266 0.060059
1 0.523584 0.712952 0.047168 0.060181
1 0.523535 0.713257 0.047070 0.060303
1 0.523486 0.713562 0.046973 0.060425
1 0.523438 0.713867 0.046875 0.060547
1 0.523438 0.713188 0.046739 0.060887
1 0.523438 0.712508 0.046603 0.061226
1 0.523438 0.711829 0.046467 0.061566
1 0.523438 0.711150 0.046332 0.061906
1 0.523438 0.710470 0.046196 0.062245
1 0.523438 0.709791 0.046060 0.062585
1 0.523438 0.709112 0.045924 0.062925
1 0.523438 0.708432 0.045788 0.063264
1 0.523438 0.707753 0.045652 0.063604
1 0.523438 0.707074 0.045516 0.063944
1 0.523438 0.706394 0.045380 0.064283
1 0.523438 0.705715 0.045245 0.064623
1 0.523438 0.705036 0.045109 0.064963
1 0.523438 0.704356 0.044973 0.065302
1 0.523438 0.703677 0.044837 0.065642
1 0.523438 0.702998 0.044701 0.065982
1 0.523438 0.702318 0.044565 0.066321
1 0.523438 0.701639 0.044429 0.066661
1 0.523438 0.700960 0.044293 0.067001
1 0.523438 0.700280 0.044158 0.067340
1 0.523438 0.699601 0.044022 0.067680
1 0.523438 0.698922 0.043886 0.068020
1 0.523438 0.698242 0.043750 0.068359
1 0.523264 0.697320 0.043750 0.067600
1 0.523090 0.696398 0.043750 0.066840
1 0.522917 0.695475 0.043750 0.066081
1 0.522743 0.694553 0.043750 0.065321
1 0.522569 0.693631 0.043750 0.064562
1 0.522396 0.692708 0.043750 0.063802
1 0.522222 0.691786 0.043750 0.063043
1 0.522049 0.690864 0.043750 0.062283
1 0.521875 0.689941 0.043750 0.061523
1 0.521701 0.689019 0.043750 0.060764
1 0.521528 0.688097 0.043750 0.060004
1 0.521354 0.687174 0.043750 0.059245
1 0.521181 0.686252 0.043750 0.058485
1 0.521007 0.685330 0.043750 0.057726
1 0.520833 0.684408 0.043750 0.056966
1 0.520660 0.683485 0.043750 0.056207
1 0.520486 0.682563 0.043750 0.055447
1 0.520312 0.681641 0.043750 0.054688
1 0.520739 0.681108 0.043750 0.054688
1 0.521165 0.680575 0.043750 0.054688
1 0.521591 0.680043 0.043750 0.054688
1 0.522017 0.679510 0.043750 0.054688
1 0.522443 0.678977 0.043750 0.054688
1 0.522869 0.678445 0.043750 0.054688
1 0.523295 0.677912 0.043750 0.054688
1 0.523722 0.677379 0.043750 0.054688
1 0.524148 0.676847 0.043750 0.054688
1 0.524574 0.676314 0.043750 0.054688
1 0.525000 0.675781 0.043750 0.054688
1 0.525488 0.671997 0.043164 0.053467
1 0.525977 0.668213 0.042578 0.052246
1 0.526465 0.664429 0.041992 0.051025
1 0.526953 0.660645 0.041406 0.049805
1 0.527441 0.656860 0.040820 0.048584
1 0.527930 0.653076 0.040234 0.047363
1 0.528418 0.649292 0.039648 0.046143
1 0.528906 0.645508 0.039062 0.044922
1 0.529861 0.644206 0.039583 0.045356
1 0.530816 0.642904 0.040104 0.045790
1 0.531771 0.641602 0.040625 0.046224
1 0.532726 0.640299 0.041146 0.046658
1 0.533681 0.638997 0.041667 0.047092
1 0.534635 0.637695 0.042188 0.047526
1 0.535590 0.636393 0.042708 0.047960
1 0.536545 0.635091 0.043229 0.048394
1 0.537500 0.633789 0.043750 0.048828
1 0.538672 0.632568 0.042969 0.049316
1 0.539844 0.631348 0.042187 0.049805
1 0.541016 0.630127 0.041406 0.050293
1 0.542187 0.628906 0.040625 0.050781
1 0.542857 0.630580 0.040625 0.050781
1 0.543527 0.632254 0.040625 0.050781
1 0.544196 0.633929 0.040625 0.050781
1 0.544866 0.635603 0.040625 0.050781
1 0.545536 0.637277 0.040625 0.050781
1 0.546205 0.638951 0.040625 0.050781
1 0.546875 0.640625 0.040625 0.050781
1 0.547949 0.640747 0.040820 0.052490
1 0.549023 0.640869 0.041016 0.054199
1 0.550098 0.640991 0.041211 0.055908
1 0.551172 0.641113 0.041406 0.057617
1 0.552246 0.641235 0.041602 0.059326
1 0.553320 0.641357 0.041797 0.061035
1 0.554395 0.641479 0.041992 0.062744
1 0.555469 0.641602 0.042188 0.064453
1 0.556037 0.640625 0.041335 0.063565
1 0.556605 0.639648 0.040483 0.062678
1 0.557173 0.638672 0.039631 0.061790
1 0.557741 0.637695 0.038778 0.060902
1 0.558310 0.636719 0.037926 0.060014
1 0.558878 0.635742 0.037074 0.059126
1 0.559446 0.634766 0.036222 0.058239
1 0.560014 0.633789 0.035369 0.057351
1 0.560582 0.632813 0.034517 0.056463
1 0.561151 0.631836 0.033665 0.055575
1 0.561719 0.630859 0.032813 0.054688
1 0.561914 0.629720 0.033984 0.055990
1 0.562109 0.628581 0.035156 0.057292
1 0.562305 0.627441 0.036328 0.058594
1 0.562500 0.626302 0.037500 0.059896
1 0.562695 0.625163 0.038672 0.061198
1 0.562891 0.624023 0.039844 0.062500
1 0.563086 0.622884 0.041016 0.063802
1 0.563281 0.621745 0.042188 0.065104
1 0.563477 0.620605 0.043359 0.066406
1 0.563672 0.619466 0.044531 0.067708
1 0.563867 0.618327 0.045703 0.069010
1 0.564063 0.617188 0.046875 0.070312
1 0.563646 0.615299 0.046458 0.069922
1 0.563229 0.613411 0.046042 0.069531
1 0.562812 0.611523 0.045625 0.069141
1 0.562396 0.609635 0.045208 0.068750
1 0.561979 0.607747 0.044792 0.068359
1 0.561562 0.605859 0.044375 0.067969
1 0.561146 0.603971 0.043958 0.067578
1 0.560729 0.602083 0.043542 0.067188
1 0.560312 0.600195 0.043125 0.066797
1 0.559896 0.598307 0.042708 0.066406
1 0.559479 0.596419 0.042292 0.066016
1 0.559063 0.594531 0.041875 0.065625
1 0.558646 0.592643 0.041458 0.065234
1 0.558229 0.590755 0.041042 0.064844
1 0.557812 0.588867 0.040625 0.064453
1 0.557173 0.588690 0.041051 0.064098
1 0.556534 0.588512 0.041477 0.063743
1 0.555895 0.588335 0.041903 0.063388
1 0.555256 0.588157 0.042330 0.063033
1 0.554616 0.587979 0.042756 0.062678
1 0.553977 0.587802 0.043182 0.062322
1 0.553338 0.587624 0.043608 0.061967
1 0.552699 0.587447 0.044034 0.061612
1 0.552060 0.587269 0.044460 0.061257
1 0.551420 0.587092 0.044886 0.060902
1 0.550781 0.586914 0.045312 0.060547
1 0.550361 0.585938 0.045433 0.060697
1 0.549940 0.584961 0.045553 0.060847
1 0.549519 0.583984 0.045673 0.060998
1 0.549099 0.583008 0.045793 0.061148
1 0.548678 0.582031 0.045913 0.061298
1 0.548257 0.581055 0.046034 0.061448
1 0.547837 0.580078 0.046154 0.061599
1 0.547416 0.579102 0.046274 0.061749
1 0.546995 0.578125 0.046394 0.061899
1 0.546575 0.577148 0.046514 0.062049
1 0.546154 0.576172 0.046635 0.062200
1 0.545733 0.575195 0.046755 0.062350
1 0.545312 0.574219 0.046875 0.062500
1 0.545573 0.571832 0.046354 0.062500
1 0.545833 0.569444 0.045833 0.062500
1 0.546094 0.567057 0.045312 0.062500
1 0.546354 0.564670 0.044792 0.062500
1 0.546615 0.562283 0.044271 0.062500
1 0.546875 0.559896 0.043750 0.062500
1 0.547135 0.557509 0.043229 0.062500
1 0.547396 0.555122 0.042708 0.062500
1 0.547656 0.552734 0.042188 0.062500
1 0.547798 0.549006 0.042188 0.062855
1 0.547940 0.545277 0.042188 0.063210
1 0.548082 0.541548 0.042188 0.063565
1 0.548224 0.537820 0.042188 0.063920
1 0.548366 0.534091 0.042188 0.064276
1 0.548509 0.530362 0.042188 0.064631
1 0.548651 0.526634 0.042188 0.064986
1 0.548793 0.522905 0.042188 0.065341
1 0.548935 0.519176 0.042188 0.065696
1 0.549077 0.515447 0.042188 0.066051
1 0.549219 0.511719 0.042188 0.066406
1 0.549503 0.509499 0.042188 0.065518
1 0.549787 0.507280 0.042188 0.064631
1 0.550071 0.505060 0.042188 0.063743
1 0.550355 0.502841 0.042188 0.062855
1 0.550639 0.500621 0.042188 0.061967
1 0.550923 0.498402 0.042188 0.061080
1 0.551207 0.496183 0.042188 0.060192
1 0.551491 0.493963 0.042188 0.059304
1 0.551776 0.491744 0.042188 0.058416
1 0.552060 0.489524 0.042188 0.057528
1 0.552344 0.487305 0.042188 0.056641
1 0.551953 0.485596 0.041927 0.056152
1 0.551563 0.483887 0.041667 0.055664
1 0.551172 0.482178 0.041406 0.055176
1 0.550781 0.480469 0.041146 0.054688
1 0.550391 0.478760 0.040885 0.054199
1 0.550000 0.477051 0.040625 0.053711
1 0.549609 0.475342 0.040365 0.053223
1 0.549219 0.473633 0.040104 0.052734
1 0.548828 0.471924 0.039844 0.052246
1 0.548438 0.470215 0.039583 0.051758
1 0.548047 0.468506 0.039323 0.051270
1 0.547656 0.466797 0.039062 0.050781
1 0.547786 0.465658 0.039062 0.051107
1 0.547917 0.464518 0.039062 0.051432
1 0.548047 0.463379 0.039062 0.051758
1 0.548177 0.462240 0.039062 0.052083
1 0.548307 0.461100 0.039062 0.052409
1 0.548438 0.459961 0.039062 0.052734
1 0.548568 0.458822 0.039062 0.053060
1 0.548698 0.457682 0.039062 0.053385
1 0.548828 0.456543 0.039062 0.053711
1 0.548958 0.455404 0.039062 0.054036
1 0.549089 0.454264 0.039062 0.054362
1 0.549219 0.453125 0.039062 0.054688
1 0.549132 0.449870 0.039583 0.053819
1 0.549045 0.446615 0.040104 0.052951
1 0.548958 0.443359 0.040625 0.052083
1 0.548872 0.440104 0.041146 0.051215
1 0.548785 0.436849 0.041667 0.050347
1 0.548698 0.433594 0.042188 0.049479
1 0.548611 0.430339 0.042708 0.048611
1 0.548524 0.427083 0.043229 0.047743
1 0.548438 0.423828 0.043750 0.046875
