1 0.536719 0.772461 0.039062 0.056641
1 0.536664 0.772368 0.039053 0.056554
1 0.536609 0.772274 0.039043 0.056466
1 0.536555 0.772181 0.039033 0.056379
1 0.536500 0.772088 0.039023 0.056292
1 0.536445 0.771994 0.039013 0.056205
1 0.536390 0.771901 0.039003 0.056118
1 0.536336 0.771808 0.038993 0.056031
1 0.536281 0.771715 0.038983 0.055944
1 0.536226 0.771621 0.038973 0.055857
1 0.536171 0.771528 0.038963 0.055770
1 0.536117 0.771435 0.038953 0.055683
1 0.536062 0.771341 0.038943 0.055596
1 0.536007 0.771248 0.038933 0.055509
1 0.535952 0.771155 0.038923 0.055421
1 0.535898 0.771061 0.038913 0.055334
1 0.535843 0.770968 0.038903 0.055247
1 0.535788 0.770875 0.038893 0.055160
1 0.535733 0.770781 0.038883 0.055073
1 0.535679 0.770688 0.038873 0.054986
1 0.535624 0.770595 0.038863 0.054899
1 0.535569 0.770502 0.038854 0.054812
1 0.535515 0.770408 0.038844 0.054725
1 0.535460 0.770315 0.038834 0.054638
1 0.535405 0.770222 0.038824 0.054551
1 0.535350 0.770128 0.038814 0.054464
1 0.535296 0.770035 0.038804 0.054376
1 0.535241 0.769942 0.038794 0.054289
1 0.535186 0.769848 0.038784 0.054202
1 0.535131 0.769755 0.038774 0.054115
1 0.535077 0.769662 0.038764 0.054028
1 0.535022 0.769569 0.038754 0.053941
1 0.534967 0.769475 0.038744 0.053854
1 0.534912 0.769382 0.038734 0.053767
1 0.534858 0.769289 0.038724 0.053680
1 0.534803 0.769195 0.038714 0.053593
1 0.534748 0.769102 0.038704 0.053506
1 0.534693 0.769009 0.038694 0.053419
1 0.534639 0.768915 0.038684 0.053332
1 0.534584 0.768822 0.038674 0.053244
1 0.534529 0.768729 0.038664 0.053157
1 0.534475 0.768636 0.038654 0.053070
1 0.534420 0.768542 0.038645 0.052983
1 0.534365 0.768449 0.038635 0.052896
1 0.534310 0.768356 0.038625 0.052809
1 0.534256 0.768262 0.038615 0.052722
1 0.534201 0.768169 0.038605 0.052635
1 0.534146 0.768076 0.038595 0.052548
1 0.534091 0.767982 0.038585 0.052461
1 0.534037 0.767889 0.038575 0.052374
1 0.533982 0.767796 0.038565 0.052287
1 0.533927 0.767703 0.038555 0.052199
1 0.533872 0.767609 0.038545 0.052112
1 0.533818 0.767516 0.038535 0.052025
1 0.533763 0.767423 0.038525 0.051938
1 0.533708 0.767329 0.038515 0.051851
1 0.533653 0.767236 0.038505 0.051764
1 0.533599 0.767143 0.038495 0.051677
1 0.533544 0.767049 0.038485 0.051590
1 0.533489 0.766956 0.038475 0.051503
1 0.533435 0.766863 0.038465 0.051416
1 0.533380 0.766770 0.038455 0.051329
1 0.533325 0.766676 0.038445 0.051242
1 0.533270 0.766583 0.038436 0.051154
1 0.533216 0.766490 0.038426 0.051067
1 0.533161 0.766396 0.038416 0.050980
1 0.533106 0.766303 0.038406 0.050893
1 0.533051 0.766210 0.038396 0.050806
1 0.532997 0.766116 0.038386 0.050719
1 0.532942 0.766023 0.038376 0.050632
1 0.532887 0.765930 0.038366 0.050545
1 0.532832 0.765836 0.038356 0.050458
1 0.532778 0.765743 0.038346 0.050371
1 0.532723 0.765650 0.038336 0.050284
1 0.532668 0.765557 0.038326 0.050197
1 0.532613 0.765463 0.038316 0.050109
1 0.532559 0.765370 0.038306 0.050022
1 0.532504 0.765277 0.038296 0.049935
1 0.532449 0.765183 0.038286 0.049848
1 0.532395 0.765090 0.038276 0.049761
1 0.532340 0.764997 0.038266 0.049674
1 0.532285 0.764903 0.038256 0.049587
1 0.532230 0.764810 0.038246 0.049500
1 0.532176 0.764717 0.038236 0.049413
1 0.532121 0.764624 0.038227 0.049326
1 0.532066 0.764530 0.038217 0.049239
1 0.532011 0.764437 0.038207 0.049152
1 0.531957 0.764344 0.038197 0.049064
1 0.531902 0.764250 0.038187 0.048977
1 0.531847 0.764157 0.038177 0.048890
1 0.531792 0.764064 0.038167 0.048803
1 0.531738 0.763970 0.038157 0.048716
1 0.531683 0.763877 0.038147 0.048629
1 0.531628 0.763784 0.038137 0.048542
1 0.531573 0.763691 0.038127 0.048455
1 0.531519 0.763597 0.038117 0.048368
1 0.531464 0.763504 0.038107 0.048281
1 0.531409 0.763411 0.038097 0.048194
1 0.531354 0.763317 0.038087 0.048107
1 0.531300 0.763224 0.038077 0.048020
1 0.531245 0.763131 0.038067 0.047932
1 0.531190 0.763037 0.038057 0.047845
1 0.531136 0.762944 0.038047 0.047758
1 0.531081 0.762851 0.038037 0.047671
1 0.531026 0.762758 0.038027 0.047584
1 0.530971 0.762664 0.038018 0.047497
1 0.530917 0.762571 0.038008 0.047410
1 0.530862 0.762478 0.037998 0.047323
1 0.530807 0.762384 0.037988 0.047236
1 0.530752 0.762291 0.037978 0.047149
1 0.530698 0.762198 0.037968 0.047062
1 0.530643 0.762104 0.037958 0.046975
1 0.530588 0.762011 0.037948 0.046887
1 0.530533 0.761918 0.037938 0.046800
1 0.530479 0.761824 0.037928 0.046713
1 0.530424 0.761731 0.037918 0.046626
1 0.530369 0.761638 0.037908 0.046539
1 0.530314 0.761545 0.037898 0.046452
1 0.530260 0.761451 0.037888 0.046365
1 0.530205 0.761358 0.037878 0.046278
1 0.530150 0.761265 0.037868 0.046191
1 0.530096 0.761171 0.037858 0.046104
1 0.530041 0.761078 0.037848 0.046017
1 0.529986 0.760985 0.037838 0.045930
1 0.529931 0.760891 0.037828 0.045842
1 0.529877 0.760798 0.037818 0.045755
1 0.529822 0.760705 0.037809 0.045668
1 0.529767 0.760612 0.037799 0.045581
1 0.529712 0.760518 0.037789 0.045494
1 0.529658 0.760425 0.037779 0.045407
1 0.529603 0.760332 0.037769 0.045320
1 0.529548 0.760238 0.037759 0.045233
1 0.529493 0.760145 0.037749 0.045146
1 0.529439 0.760052 0.037739 0.045059
1 0.529384 0.759958 0.037729 0.044972
1 0.529329 0.759865 0.037719 0.044885
1 0.529274 0.759772 0.037709 0.044797
1 0.529220 0.759679 0.037699 0.044710
1 0.529165 0.759585 0.037689 0.044623
1 0.529110 0.759492 0.037679 0.044536
1 0.529056 0.759399 0.037669 0.044449
1 0.529001 0.759305 0.037659 0.044362
1 0.528946 0.759212 0.037649 0.044275
1 0.528891 0.759119 0.037639 0.044188
1 0.528837 0.759025 0.037629 0.044101
1 0.528782 0.758932 0.037619 0.044014
1 0.528727 0.758839 0.037609 0.043927
1 0.528672 0.758746 0.037600 0.043840
1 0.528618 0.758652 0.037590 0.043752
1 0.528563 0.758559 0.037580 0.043665
1 0.528508 0.758466 0.037570 0.043578
1 0.528453 0.758372 0.037560 0.043491
1 0.528399 0.758279 0.037550 0.043404
1 0.528344 0.758186 0.037540 0.043317
1 0.528289 0.758092 0.037530 0.043230
1 0.528234 0.757999 0.037520 0.043143
1 0.528180 0.757906 0.037510 0.043056
1 0.528125 0.757812 0.037500 0.042969
1 0.528145 0.757739 0.037559 0.043091
1 0.528164 0.757666 0.037617 0.043213
1 0.528184 0.757593 0.037676 0.043335
1 0.528203 0.757520 0.037734 0.043457
1 0.528223 0.757446 0.037793 0.043579
1 0.528242 0.757373 0.037852 0.043701
1 0.528262 0.757300 0.037910 0.043823
1 0.528281 0.757227 0.037969 0.043945
1 0.528301 0.757153 0.038027 0.044067
1 0.528320 0.757080 0.038086 0.044189
1 0.528340 0.757007 0.038145 0.044312
1 0.528359 0.756934 0.038203 0.044434
1 0.528379 0.756860 0.038262 0.044556
1 0.528398 0.756787 0.038320 0.044678
1 0.528418 0.756714 0.038379 0.044800
1 0.528438 0.756641 0.038438 0.044922
1 0.528457 0.756567 0.038496 0.045044
1 0.528477 0.756494 0.038555 0.045166
1 0.528496 0.756421 0.038613 0.045288
1 0.528516 0.756348 0.038672 0.045410
1 0.528535 0.756274 0.038730 0.045532
1 0.528555 0.756201 0.038789 0.045654
1 0.528574 0.756128 0.038848 0.045776
1 0.528594 0.756055 0.038906 0.045898
1 0.528613 0.755981 0.038965 0.046021
1 0.528633 0.755908 0.039023 0.046143
1 0.528652 0.755835 0.039082 0.046265
1 0.528672 0.755762 0.039141 0.046387
1 0.528691 0.755688 0.039199 0.046509
1 0.528711 0.755615 0.039258 0.046631
1 0.528730 0.755542 0.039316 0.046753
1 0.528750 0.755469 0.039375 0.046875
1 0.528770 0.755396 0.039434 0.046997
1 0.528789 0.755322 0.039492 0.047119
1 0.528809 0.755249 0.039551 0.047241
1 0.528828 0.755176 0.039609 0.047363
1 0.528848 0.755103 0.039668 0.047485
1 0.528867 0.755029 0.039727 0.047607
1 0.528887 0.754956 0.039785 0.047729
1 0.528906 0.754883 0.039844 0.047852
1 0.528926 0.754810 0.039902 0.047974
1 0.528945 0.754736 0.039961 0.048096
1 0.528965 0.754663 0.040020 0.048218
1 0.528984 0.754590 0.040078 0.048340
1 0.529004 0.754517 0.040137 0.048462
1 0.529023 0.754443 0.040195 0.048584
1 0.529043 0.754370 0.040254 0.048706
1 0.529063 0.754297 0.040313 0.048828
1 0.529082 0.754224 0.040371 0.048950
1 0.529102 0.754150 0.040430 0.049072
1 0.529121 0.754077 0.040488 0.049194
1 0.529141 0.754004 0.040547 0.049316
1 0.529160 0.753931 0.040605 0.049438
1 0.529180 0.753857 0.040664 0.049561
1 0.529199 0.753784 0.040723 0.049683
1 0.529219 0.753711 0.040781 0.049805
1 0.529238 0.753638 0.040840 0.049927
1 0.529258 0.753564 0.040898 0.050049
1 0.529277 0.753491 0.040957 0.050171
1 0.529297 0.753418 0.041016 0.050293
1 0.529316 0.753345 0.041074 0.050415
1 0.529336 0.753271 0.041133 0.050537
1 0.529355 0.753198 0.041191 0.050659
1 0.529375 0.753125 0.041250 0.050781
1 0.529395 0.753052 0.041309 0.050903
1 0.529414 0.752979 0.041367 0.051025
1 0.529434 0.752905 0.041426 0.051147
1 0.529453 0.752832 0.041484 0.051270
1 0.529473 0.752759 0.041543 0.051392
1 0.529492 0.752686 0.041602 0.051514
1 0.529512 0.752612 0.041660 0.051636
1 0.529531 0.752539 0.041719 0.051758
1 0.529551 0.752466 0.041777 0.051880
1 0.529570 0.752393 0.041836 0.052002
1 0.529590 0.752319 0.041895 0.052124
1 0.529609 0.752246 0.041953 0.052246
1 0.529629 0.752173 0.042012 0.052368
1 0.529648 0.752100 0.042070 0.052490
1 0.529668 0.752026 0.042129 0.052612
1 0.529688 0.751953 0.042188 0.052734
1 0.529707 0.751880 0.042246 0.052856
1 0.529727 0.751807 0.042305 0.052979
1 0.529746 0.751733 0.042363 0.053101
1 0.529766 0.751660 0.042422 0.053223
1 0.529785 0.751587 0.042480 0.053345
1 0.529805 0.751514 0.042539 0.053467
1 0.529824 0.751440 0.042598 0.053589
1 0.529844 0.751367 0.042656 0.053711
1 0.529863 0.751294 0.042715 0.053833
1 0.529883 0.751221 0.042773 0.053955
1 0.529902 0.751147 0.042832 0.054077
1 0.529922 0.751074 0.042891 0.054199
1 0.529941 0.751001 0.042949 0.054321
1 0.529961 0.750928 0.043008 0.054443
1 0.529980 0.750854 0.043066 0.054565
1 0.530000 0.750781 0.043125 0.054688
1 0.530020 0.750708 0.043184 0.054810
1 0.530039 0.750635 0.043242 0.054932
1 0.530059 0.750562 0.043301 0.055054
1 0.530078 0.750488 0.043359 0.055176
1 0.530098 0.750415 0.043418 0.055298
1 0.530117 0.750342 0.043477 0.055420
1 0.530137 0.750269 0.043535 0.055542
1 0.530156 0.750195 0.043594 0.055664
1 0.530176 0.750122 0.043652 0.055786
1 0.530195 0.750049 0.043711 0.055908
1 0.530215 0.749976 0.043770 0.056030
1 0.530234 0.749902 0.043828 0.056152
1 0.530254 0.749829 0.043887 0.056274
1 0.530273 0.749756 0.043945 0.056396
1 0.530293 0.749683 0.044004 0.056519
1 0.530313 0.749609 0.044063 0.056641
1 0.530332 0.749536 0.044121 0.056763
1 0.530352 0.749463 0.044180 0.056885
1 0.530371 0.749390 0.044238 0.057007
1 0.530391 0.749316 0.044297 0.057129
1 0.530410 0.749243 0.044355 0.057251
1 0.530430 0.749170 0.044414 0.057373
1 0.530449 0.749097 0.044473 0.057495
1 0.530469 0.749023 0.044531 0.057617
1 0.530488 0.748950 0.044590 0.057739
1 0.530508 0.748877 0.044648 0.057861
1 0.530527 0.748804 0.044707 0.057983
1 0.530547 0.748730 0.044766 0.058105
1 0.530566 0.748657 0.044824 0.058228
1 0.530586 0.748584 0.044883 0.058350
1 0.530605 0.748511 0.044941 0.058472
1 0.530625 0.748437 0.045000 0.058594
1 0.530645 0.748364 0.045059 0.058716
1 0.530664 0.748291 0.045117 0.058838
1 0.530684 0.748218 0.045176 0.058960
1 0.530703 0.748145 0.045234 0.059082
1 0.530723 0.748071 0.045293 0.059204
1 0.530742 0.747998 0.045352 0.059326
1 0.530762 0.747925 0.045410 0.059448
1 0.530781 0.747852 0.045469 0.059570
1 0.530801 0.747778 0.045527 0.059692
1 0.530820 0.747705 0.045586 0.059814
1 0.530840 0.747632 0.045645 0.059937
1 0.530859 0.747559 0.045703 0.060059
1 0.530879 0.747485 0.045762 0.060181
1 0.530898 0.747412 0.045820 0.060303
1 0.530918 0.747339 0.045879 0.060425
1 0.530938 0.747266 0.045938 0.060547
1 0.530957 0.747192 0.045996 0.060669
1 0.530977 0.747119 0.046055 0.060791
1 0.530996 0.747046 0.046113 0.060913
1 0.531016 0.746973 0.046172 0.061035
1 0.531035 0.746899 0.046230 0.061157
1 0.531055 0.746826 0.046289 0.061279
1 0.531074 0.746753 0.046348 0.061401
1 0.531094 0.746680 0.046406 0.061523
1 0.531113 0.746606 0.046465 0.061646
1 0.531133 0.746533 0.046523 0.061768
1 0.531152 0.746460 0.046582 0.061890
1 0.531172 0.746387 0.046641 0.062012
1 0.531191 0.746313 0.046699 0.062134
1 0.531211 0.746240 0.046758 0.062256
1 0.531230 0.746167 0.046816 0.062378
1 0.531250 0.746094 0.046875 0.062500
