1 0.700000 0.566406 0.037500 0.050781
1 0.698906 0.566016 0.037188 0.050781
1 0.697813 0.565625 0.036875 0.050781
1 0.696719 0.565234 0.036563 0.050781
1 0.695625 0.564844 0.036250 0.050781
1 0.694531 0.564453 0.035937 0.050781
1 0.692668 0.564078 0.035817 0.050931
1 0.690805 0.563702 0.035697 0.051082
1 0.688942 0.563326 0.035577 0.051232
1 0.687079 0.562951 0.035457 0.051382
1 0.685216 0.562575 0.035337 0.051532
1 0.683353 0.562200 0.035216 0.051683
1 0.681490 0.561824 0.035096 0.051833
1 0.679627 0.561448 0.034976 0.051983
1 0.677764 0.561073 0.034856 0.052133
1 0.675901 0.560697 0.034736 0.052284
1 0.674038 0.560322 0.034615 0.052434
1 0.672175 0.559946 0.034495 0.052584
1 0.670312 0.559570 0.034375 0.052734
1 0.668555 0.559570 0.034245 0.052734
1 0.666797 0.559570 0.034115 0.052734
1 0.665039 0.559570 0.033984 0.052734
1 0.663281 0.559570 0.033854 0.052734
1 0.661523 0.559570 0.033724 0.052734
1 0.659766 0.559570 0.033594 0.052734
1 0.658008 0.559570 0.033464 0.052734
1 0.656250 0.559570 0.033333 0.052734
1 0.654492 0.559570 0.033203 0.052734
1 0.652734 0.559570 0.033073 0.052734
1 0.650977 0.559570 0.032943 0.052734
1 0.649219 0.559570 0.032813 0.052734
1 0.647321 0.559961 0.033079 0.053516
1 0.645423 0.560352 0.033345 0.054297
1 0.643524 0.560742 0.033611 0.055078
1 0.641626 0.561133 0.033878 0.055859
1 0.639728 0.561523 0.034144 0.056641
1 0.637830 0.561914 0.034410 0.057422
1 0.635932 0.562305 0.034677 0.058203
1 0.634034 0.562695 0.034943 0.058984
1 0.632136 0.563086 0.035209 0.059766
1 0.630238 0.563477 0.035475 0.060547
1 0.627848 0.564128 0.035123 0.059896
1 0.625458 0.564779 0.034771 0.059245
1 0.623069 0.565430 0.034419 0.058594
1 0.620679 0.566081 0.034067 0.057943
1 0.618290 0.566732 0.033715 0.057292
1 0.615900 0.567383 0.033363 0.056641
1 0.613510 0.568034 0.033011 0.055990
1 0.611121 0.568685 0.032658 0.055339
1 0.608731 0.569336 0.032306 0.054687
1 0.606342 0.569987 0.031954 0.054036
1 0.603952 0.570638 0.031602 0.053385
1 0.601562 0.571289 0.031250 0.052734
1 0.598793 0.571555 0.031392 0.052202
1 0.596023 0.571822 0.031534 0.051669
1 0.593253 0.572088 0.031676 0.051136
1 0.590483 0.572354 0.031818 0.050604
1 0.587713 0.572621 0.031960 0.050071
1 0.584943 0.572887 0.032102 0.049538
1 0.582173 0.573153 0.032244 0.049006
1 0.579403 0.573420 0.032386 0.048473
1 0.576634 0.573686 0.032528 0.047940
1 0.573864 0.573952 0.032670 0.047408
1 0.571094 0.574219 0.032813 0.046875
1 0.568679 0.574485 0.033097 0.047408
1 0.566264 0.574751 0.033381 0.047940
1 0.563849 0.575018 0.033665 0.048473
1 0.561435 0.575284 0.033949 0.049006
1 0.559020 0.575550 0.034233 0.049538
1 0.556605 0.575817 0.034517 0.050071
1 0.554190 0.576083 0.034801 0.050604
1 0.551776 0.576349 0.035085 0.051136
1 0.549361 0.576616 0.035369 0.051669
1 0.546946 0.576882 0.035653 0.052202
1 0.544531 0.577148 0.035937 0.052734
1 0.542656 0.577734 0.035937 0.051562
1 0.540781 0.578320 0.035937 0.050391
1 0.538906 0.578906 0.035937 0.049219
1 0.537031 0.579492 0.035937 0.048047
1 0.535156 0.580078 0.035937 0.046875
1 0.533281 0.580664 0.035937 0.045703
1 0.531406 0.581250 0.035937 0.044531
1 0.529531 0.581836 0.035937 0.043359
1 0.527656 0.582422 0.035937 0.042187
1 0.525781 0.583008 0.035937 0.041016
1 0.441406 0.565430 0.042188 0.052734
1 0.443750 0.564128 0.040625 0.054036
1 0.446094 0.562826 0.039062 0.055339
1 0.448437 0.561523 0.037500 0.056641
1 0.450174 0.561523 0.038542 0.057509
1 0.451910 0.561523 0.039583 0.058377
1 0.453646 0.561523 0.040625 0.059245
1 0.455382 0.561523 0.041667 0.060113
1 0.457118 0.561523 0.042708 0.060981
1 0.458854 0.561523 0.043750 0.061849
1 0.460590 0.561523 0.044792 0.062717
1 0.462326 0.561523 0.045833 0.063585
1 0.464062 0.561523 0.046875 0.064453
1 0.466264 0.561080 0.045881 0.064631
1 0.468466 0.560636 0.044886 0.064808
1 0.470668 0.560192 0.043892 0.064986
1 0.472869 0.559748 0.042898 0.065163
1 0.475071 0.559304 0.041903 0.065341
1 0.477273 0.558860 0.040909 0.065518
1 0.479474 0.558416 0.039915 0.065696
1 0.481676 0.557972 0.038920 0.065874
1 0.483878 0.557528 0.037926 0.066051
1 0.486080 0.557085 0.036932 0.066229
1 0.488281 0.556641 0.035937 0.066406
1 0.491309 0.557373 0.035742 0.066895
1 0.494336 0.558105 0.035547 0.067383
1 0.497363 0.558838 0.035352 0.067871
1 0.500391 0.559570 0.035156 0.068359
1 0.503418 0.560303 0.034961 0.068848
1 0.506445 0.561035 0.034766 0.069336
1 0.509473 0.561768 0.034570 0.069824
1 0.512500 0.562500 0.034375 0.070312
1 0.514844 0.563314 0.034375 0.068034
1 0.517188 0.564128 0.034375 0.065755
1 0.519531 0.564941 0.034375 0.063477
1 0.521875 0.565755 0.034375 0.061198
1 0.524219 0.566569 0.034375 0.058919
1 0.526563 0.567383 0.034375 0.056641
1 0.529297 0.568522 0.034635 0.058919
1 0.532031 0.569661 0.034896 0.061198
1 0.534766 0.570801 0.035156 0.063477
1 0.537500 0.571940 0.035417 0.065755
1 0.540234 0.573079 0.035677 0.068034
1 0.542969 0.574219 0.035937 0.070312
1 0.545313 0.575879 0.036563 0.070117
1 0.547656 0.577539 0.037188 0.069922
1 0.550000 0.579199 0.037813 0.069727
1 0.552344 0.580859 0.038438 0.069531
1 0.554688 0.582520 0.039063 0.069336
1 0.557031 0.584180 0.039688 0.069141
1 0.559375 0.585840 0.040313 0.068945
1 0.561719 0.587500 0.040938 0.068750
1 0.564063 0.589160 0.041563 0.068555
1 0.566406 0.590820 0.042188 0.068359
1 0.568537 0.592596 0.041903 0.068004
1 0.570668 0.594371 0.041619 0.067649
1 0.572798 0.596147 0.041335 0.067294
1 0.574929 0.597923 0.041051 0.066939
1 0.577060 0.599698 0.040767 0.066584
1 0.579190 0.601474 0.040483 0.066229
1 0.581321 0.603249 0.040199 0.065874
1 0.583452 0.605025 0.039915 0.065518
1 0.585582 0.606800 0.039631 0.065163
1 0.587713 0.608576 0.039347 0.064808
1 0.589844 0.610352 0.039062 0.064453
1 0.591823 0.613346 0.039062 0.063672
1 0.593802 0.616341 0.039062 0.062891
1 0.595781 0.619336 0.039062 0.062109
1 0.597760 0.622331 0.039062 0.061328
1 0.599740 0.625326 0.039062 0.060547
1 0.601719 0.628320 0.039062 0.059766
1 0.603698 0.631315 0.039062 0.058984
1 0.605677 0.634310 0.039062 0.058203
1 0.607656 0.637305 0.039062 0.057422
1 0.609635 0.640299 0.039062 0.056641
1 0.611615 0.643294 0.039062 0.055859
1 0.613594 0.646289 0.039062 0.055078
1 0.615573 0.649284 0.039062 0.054297
1 0.617552 0.652279 0.039062 0.053516
1 0.619531 0.655273 0.039062 0.052734
1 0.713281 0.270508 0.035937 0.080078
1 0.709651 0.271255 0.036213 0.080193
1 0.706020 0.272001 0.036489 0.080308
1 0.702390 0.272748 0.036765 0.080423
1 0.698759 0.273495 0.037040 0.080538
1 0.695129 0.274242 0.037316 0.080653
1 0.691498 0.274989 0.037592 0.080767
1 0.687868 0.275735 0.037868 0.080882
1 0.684237 0.276482 0.038143 0.080997
1 0.680607 0.277229 0.038419 0.081112
1 0.676976 0.277976 0.038695 0.081227
1 0.673346 0.278722 0.038971 0.081342
1 0.669715 0.279469 0.039246 0.081457
1 0.666085 0.280216 0.039522 0.081572
1 0.662454 0.280963 0.039798 0.081687
1 0.658824 0.281710 0.040074 0.081801
1 0.655193 0.282456 0.040349 0.081916
1 0.651562 0.283203 0.040625 0.082031
1 0.647712 0.284947 0.040960 0.081892
1 0.643862 0.286691 0.041295 0.081752
1 0.640011 0.288435 0.041629 0.081613
1 0.636161 0.290179 0.041964 0.081473
1 0.632310 0.291922 0.042299 0.081334
1 0.628460 0.293666 0.042634 0.081194
1 0.624609 0.295410 0.042969 0.081055
1 0.620759 0.297154 0.043304 0.080915
1 0.616908 0.298898 0.043638 0.080776
1 0.613058 0.300642 0.043973 0.080636
1 0.609208 0.302386 0.044308 0.080497
1 0.605357 0.304129 0.044643 0.080357
1 0.601507 0.305873 0.044978 0.080218
1 0.597656 0.307617 0.045312 0.080078
1 0.594206 0.311035 0.045964 0.080404
1 0.590755 0.314453 0.046615 0.080729
1 0.587305 0.317871 0.047266 0.081055
1 0.583854 0.321289 0.047917 0.081380
1 0.580404 0.324707 0.048568 0.081706
1 0.576953 0.328125 0.049219 0.082031
1 0.573503 0.331543 0.049870 0.082357
1 0.570052 0.334961 0.050521 0.082682
1 0.566602 0.338379 0.051172 0.083008
1 0.563151 0.341797 0.051823 0.083333
1 0.559701 0.345215 0.052474 0.083659
1 0.556250 0.348633 0.053125 0.083984
1 0.553764 0.353782 0.052983 0.082919
1 0.551278 0.358931 0.052841 0.081854
1 0.548793 0.364080 0.052699 0.080788
1 0.546307 0.369229 0.052557 0.079723
1 0.543821 0.374379 0.052415 0.078658
1 0.541335 0.379528 0.052273 0.077592
1 0.538849 0.384677 0.052131 0.076527
1 0.536364 0.389826 0.051989 0.075462
1 0.533878 0.394975 0.051847 0.074396
1 0.531392 0.400124 0.051705 0.073331
1 0.528906 0.405273 0.051562 0.072266
1 0.527604 0.410916 0.051910 0.072266
1 0.526302 0.416558 0.052257 0.072266
1 0.525000 0.422201 0.052604 0.072266
1 0.523698 0.427843 0.052951 0.072266
1 0.522396 0.433485 0.053299 0.072266
1 0.521094 0.439128 0.053646 0.072266
1 0.519792 0.444770 0.053993 0.072266
1 0.518490 0.450412 0.054340 0.072266
1 0.517187 0.456055 0.054688 0.072266
1 0.515885 0.461697 0.055035 0.072266
1 0.514583 0.467339 0.055382 0.072266
1 0.513281 0.472982 0.055729 0.072266
1 0.511979 0.478624 0.056076 0.072266
1 0.510677 0.484266 0.056424 0.072266
1 0.509375 0.489909 0.056771 0.072266
1 0.508073 0.495551 0.057118 0.072266
1 0.506771 0.501194 0.057465 0.072266
1 0.505469 0.506836 0.057813 0.072266
1 0.505349 0.512545 0.057572 0.071364
1 0.505228 0.518254 0.057332 0.070463
1 0.505108 0.523963 0.057091 0.069561
1 0.504988 0.529672 0.056851 0.068660
1 0.504868 0.535382 0.056611 0.067758
1 0.504748 0.541091 0.056370 0.066857
1 0.504627 0.546800 0.056130 0.065956
1 0.504507 0.552509 0.055889 0.065054
1 0.504387 0.558218 0.055649 0.064153
1 0.504267 0.563927 0.055409 0.063251
1 0.504147 0.569636 0.055168 0.062350
1 0.504026 0.575346 0.054928 0.061448
1 0.503906 0.581055 0.054688 0.060547
1 0.505114 0.587269 0.054545 0.060547
1 0.506321 0.593484 0.054403 0.060547
1 0.507528 0.599698 0.054261 0.060547
1 0.508736 0.605913 0.054119 0.060547
1 0.509943 0.612127 0.053977 0.060547
1 0.511151 0.618342 0.053835 0.060547
1 0.512358 0.624556 0.053693 0.060547
1 0.513565 0.630771 0.053551 0.060547
1 0.514773 0.636985 0.053409 0.060547
1 0.515980 0.643200 0.053267 0.060547
1 0.517188 0.649414 0.053125 0.060547
1 0.519560 0.654442 0.052894 0.060330
1 0.521933 0.659469 0.052662 0.060113
1 0.524306 0.664497 0.052431 0.059896
1 0.526678 0.669524 0.052199 0.059679
1 0.529051 0.674552 0.051968 0.059462
1 0.531424 0.679579 0.051736 0.059245
1 0.533796 0.684606 0.051505 0.059028
1 0.536169 0.689634 0.051273 0.058811
1 0.538542 0.694661 0.051042 0.058594
1 0.540914 0.699689 0.050810 0.058377
1 0.543287 0.704716 0.050579 0.058160
1 0.545660 0.709744 0.050347 0.057943
1 0.548032 0.714771 0.050116 0.057726
1 0.550405 0.719799 0.049884 0.057509
1 0.552778 0.724826 0.049653 0.057292
1 0.555150 0.729854 0.049421 0.057075
1 0.557523 0.734881 0.049190 0.056858
1 0.559896 0.739909 0.048958 0.056641
1 0.562269 0.744936 0.048727 0.056424
1 0.564641 0.749964 0.048495 0.056207
1 0.567014 0.754991 0.048264 0.055990
1 0.569387 0.760019 0.048032 0.055773
1 0.571759 0.765046 0.047801 0.055556
1 0.574132 0.770074 0.047569 0.055339
1 0.576505 0.775101 0.047338 0.055122
1 0.578877 0.780129 0.047106 0.054905
1 0.581250 0.785156 0.046875 0.054688
1 0.584416 0.788857 0.046957 0.054688
1 0.587582 0.792558 0.047039 0.054688
1 0.590748 0.796258 0.047122 0.054688
1 0.593914 0.799959 0.047204 0.054688
1 0.597081 0.803660 0.047286 0.054688
1 0.600247 0.807360 0.047368 0.054688
1 0.603413 0.811061 0.047451 0.054688
1 0.606579 0.814762 0.047533 0.054688
1 0.609745 0.818462 0.047615 0.054688
1 0.612911 0.822163 0.047697 0.054688
1 0.616077 0.825863 0.047780 0.054688
1 0.619243 0.829564 0.047862 0.054688
1 0.622410 0.833265 0.047944 0.054688
1 0.625576 0.836965 0.048026 0.054688
1 0.628742 0.840666 0.048109 0.054688
1 0.631908 0.844367 0.048191 0.054688
1 0.635074 0.848067 0.048273 0.054688
1 0.638240 0.851768 0.048355 0.054688
1 0.641406 0.855469 0.048438 0.054688
