1 0.566406 0.434570 0.032813 0.048828
1 0.566046 0.434645 0.033053 0.049579
1 0.565685 0.434721 0.033293 0.050331
1 0.565325 0.434796 0.033534 0.051082
1 0.564964 0.434871 0.033774 0.051833
1 0.564603 0.434946 0.034014 0.052584
1 0.564243 0.435021 0.034255 0.053335
1 0.563882 0.435096 0.034495 0.054087
1 0.563522 0.435171 0.034736 0.054838
1 0.563161 0.435246 0.034976 0.055589
1 0.562800 0.435322 0.035216 0.056340
1 0.562440 0.435397 0.035457 0.057091
1 0.562079 0.435472 0.035697 0.057843
1 0.561719 0.435547 0.035937 0.058594
1 0.560898 0.436279 0.036328 0.058105
1 0.560078 0.437012 0.036719 0.057617
1 0.559258 0.437744 0.037109 0.057129
1 0.558437 0.438477 0.037500 0.056641
1 0.557617 0.439209 0.037891 0.056152
1 0.556797 0.439941 0.038281 0.055664
1 0.555977 0.440674 0.038672 0.055176
1 0.555156 0.441406 0.039063 0.054687
1 0.554336 0.442139 0.039453 0.054199
1 0.553516 0.442871 0.039844 0.053711
1 0.552695 0.443604 0.040234 0.053223
1 0.551875 0.444336 0.040625 0.052734
1 0.551055 0.445068 0.041016 0.052246
1 0.550234 0.445801 0.041406 0.051758
1 0.549414 0.446533 0.041797 0.051270
1 0.548594 0.447266 0.042188 0.050781
1 0.547773 0.447998 0.042578 0.050293
1 0.546953 0.448730 0.042969 0.049805
1 0.546133 0.449463 0.043359 0.049316
1 0.545312 0.450195 0.043750 0.048828
1 0.544063 0.451123 0.043594 0.048926
1 0.542813 0.452051 0.043438 0.049023
1 0.541563 0.452979 0.043281 0.049121
1 0.540313 0.453906 0.043125 0.049219
1 0.539063 0.454834 0.042969 0.049316
1 0.537813 0.455762 0.042813 0.049414
1 0.536563 0.456689 0.042656 0.049512
1 0.535313 0.457617 0.042500 0.049609
1 0.534063 0.458545 0.042344 0.049707
1 0.532813 0.459473 0.042188 0.049805
1 0.531563 0.460400 0.042031 0.049902
1 0.530313 0.461328 0.041875 0.050000
1 0.529063 0.462256 0.041719 0.050098
1 0.527813 0.463184 0.041563 0.050195
1 0.526563 0.464111 0.041406 0.050293
1 0.525313 0.465039 0.041250 0.050391
1 0.524063 0.465967 0.041094 0.050488
1 0.522813 0.466895 0.040938 0.050586
1 0.521563 0.467822 0.040781 0.050684
1 0.520312 0.468750 0.040625 0.050781
1 0.518945 0.468933 0.040234 0.050659
1 0.517578 0.469116 0.039844 0.050537
1 0.516211 0.469299 0.039453 0.050415
1 0.514844 0.469482 0.039062 0.050293
1 0.513477 0.469666 0.038672 0.050171
1 0.512109 0.469849 0.038281 0.050049
1 0.510742 0.470032 0.037891 0.049927
1 0.509375 0.470215 0.037500 0.049805
1 0.508008 0.470398 0.037109 0.049683
1 0.506641 0.470581 0.036719 0.049561
1 0.505273 0.470764 0.036328 0.049438
1 0.503906 0.470947 0.035937 0.049316
1 0.502539 0.471130 0.035547 0.049194
1 0.501172 0.471313 0.035156 0.049072
1 0.499805 0.471497 0.034766 0.048950
1 0.498438 0.471680 0.034375 0.048828
1 0.496973 0.470825 0.034961 0.048828
1 0.495508 0.469971 0.035547 0.048828
1 0.494043 0.469116 0.036133 0.048828
1 0.492578 0.468262 0.036719 0.048828
1 0.491113 0.467407 0.037305 0.048828
1 0.489648 0.466553 0.037891 0.048828
1 0.488184 0.465698 0.038477 0.048828
1 0.486719 0.464844 0.039062 0.048828
1 0.485254 0.463989 0.039648 0.048828
1 0.483789 0.463135 0.040234 0.048828
1 0.482324 0.462280 0.040820 0.048828
1 0.480859 0.461426 0.041406 0.048828
1 0.479395 0.460571 0.041992 0.048828
1 0.477930 0.459717 0.042578 0.048828
1 0.476465 0.458862 0.043164 0.048828
1 0.475000 0.458008 0.043750 0.048828
1 0.473759 0.457491 0.043474 0.048943
1 0.472518 0.456974 0.043199 0.049058
1 0.471278 0.456457 0.042923 0.049173
1 0.470037 0.455940 0.042647 0.049288
1 0.468796 0.455423 0.042371 0.049403
1 0.467555 0.454906 0.042096 0.049517
1 0.466314 0.454389 0.041820 0.049632
1 0.465074 0.453872 0.041544 0.049747
1 0.463833 0.453355 0.041268 0.049862
1 0.462592 0.452838 0.040993 0.049977
1 0.461351 0.452321 0.040717 0.050092
1 0.460110 0.451804 0.040441 0.050207
1 0.458869 0.451287 0.040165 0.050322
1 0.457629 0.450770 0.039890 0.050437
1 0.456388 0.450253 0.039614 0.050551
1 0.455147 0.449736 0.039338 0.050666
1 0.453906 0.449219 0.039062 0.050781
1 0.452849 0.448759 0.039338 0.051011
1 0.451792 0.448300 0.039614 0.051241
1 0.450735 0.447840 0.039890 0.051471
1 0.449678 0.447381 0.040165 0.051700
1 0.448621 0.446921 0.040441 0.051930
1 0.447564 0.446461 0.040717 0.052160
1 0.446507 0.446002 0.040993 0.052390
1 0.445450 0.445542 0.041268 0.052619
1 0.444393 0.445083 0.041544 0.052849
1 0.443336 0.444623 0.041820 0.053079
1 0.442279 0.444164 0.042096 0.053309
1 0.441222 0.443704 0.042371 0.053539
1 0.440165 0.443244 0.042647 0.053768
1 0.439108 0.442785 0.042923 0.053998
1 0.438051 0.442325 0.043199 0.054228
1 0.436994 0.441866 0.043474 0.054458
1 0.435937 0.441406 0.043750 0.054688
1 0.434789 0.440947 0.043842 0.054458
1 0.433640 0.440487 0.043934 0.054228
1 0.432491 0.440028 0.044026 0.053998
1 0.431342 0.439568 0.044118 0.053768
1 0.430193 0.439108 0.044210 0.053539
1 0.429044 0.438649 0.044301 0.053309
1 0.427895 0.438189 0.044393 0.053079
1 0.426746 0.437730 0.044485 0.052849
1 0.425597 0.437270 0.044577 0.052619
1 0.424449 0.436811 0.044669 0.052390
1 0.423300 0.436351 0.044761 0.052160
1 0.422151 0.435892 0.044853 0.051930
1 0.421002 0.435432 0.044945 0.051700
1 0.419853 0.434972 0.045037 0.051471
1 0.418704 0.434513 0.045129 0.051241
1 0.417555 0.434053 0.045221 0.051011
1 0.416406 0.433594 0.045312 0.050781
1 0.415264 0.433519 0.045312 0.050781
1 0.414123 0.433444 0.045312 0.050781
1 0.412981 0.433368 0.045312 0.050781
1 0.411839 0.433293 0.045312 0.050781
1 0.410697 0.433218 0.045312 0.050781
1 0.409555 0.433143 0.045312 0.050781
1 0.408413 0.433068 0.045312 0.050781
1 0.407272 0.432993 0.045312 0.050781
1 0.406130 0.432918 0.045312 0.050781
1 0.404988 0.432843 0.045312 0.050781
1 0.403846 0.432767 0.045312 0.050781
1 0.402704 0.432692 0.045312 0.050781
1 0.401562 0.432617 0.045312 0.050781
1 0.400421 0.432542 0.045312 0.050781
1 0.399279 0.432467 0.045312 0.050781
1 0.398137 0.432392 0.045312 0.050781
1 0.396995 0.432317 0.045312 0.050781
1 0.395853 0.432242 0.045312 0.050781
1 0.394712 0.432166 0.045312 0.050781
1 0.393570 0.432091 0.045312 0.050781
1 0.392428 0.432016 0.045312 0.050781
1 0.391286 0.431941 0.045312 0.050781
1 0.390144 0.431866 0.045312 0.050781
1 0.389002 0.431791 0.045312 0.050781
1 0.387861 0.431716 0.045312 0.050781
1 0.386719 0.431641 0.045312 0.050781
1 0.385535 0.431996 0.045218 0.050900
1 0.384351 0.432351 0.045123 0.051018
1 0.383168 0.432706 0.045028 0.051136
1 0.381984 0.433061 0.044934 0.051255
1 0.380800 0.433416 0.044839 0.051373
1 0.379616 0.433771 0.044744 0.051491
1 0.378433 0.434126 0.044650 0.051610
1 0.377249 0.434482 0.044555 0.051728
1 0.376065 0.434837 0.044460 0.051847
1 0.374882 0.435192 0.044366 0.051965
1 0.373698 0.435547 0.044271 0.052083
1 0.372514 0.435902 0.044176 0.052202
1 0.371330 0.436257 0.044081 0.052320
1 0.370147 0.436612 0.043987 0.052438
1 0.368963 0.436967 0.043892 0.052557
1 0.367779 0.437322 0.043797 0.052675
1 0.366596 0.437678 0.043703 0.052794
1 0.365412 0.438033 0.043608 0.052912
1 0.364228 0.438388 0.043513 0.053030
1 0.363045 0.438743 0.043419 0.053149
1 0.361861 0.439098 0.043324 0.053267
1 0.360677 0.439453 0.043229 0.053385
1 0.359493 0.439808 0.043134 0.053504
1 0.358310 0.440163 0.043040 0.053622
1 0.357126 0.440518 0.042945 0.053741
1 0.355942 0.440874 0.042850 0.053859
1 0.354759 0.441229 0.042756 0.053977
1 0.353575 0.441584 0.042661 0.054096
1 0.352391 0.441939 0.042566 0.054214
1 0.351207 0.442294 0.042472 0.054332
1 0.350024 0.442649 0.042377 0.054451
1 0.348840 0.443004 0.042282 0.054569
1 0.347656 0.443359 0.042188 0.054688
1 0.346520 0.444158 0.042188 0.054510
1 0.345384 0.444957 0.042188 0.054332
1 0.344247 0.445756 0.042188 0.054155
1 0.343111 0.446555 0.042188 0.053977
1 0.341974 0.447354 0.042188 0.053800
1 0.340838 0.448153 0.042188 0.053622
1 0.339702 0.448952 0.042188 0.053445
1 0.338565 0.449751 0.042188 0.053267
1 0.337429 0.450550 0.042188 0.053089
1 0.336293 0.451349 0.042188 0.052912
1 0.335156 0.452148 0.042188 0.052734
1 0.334010 0.452799 0.042396 0.052734
1 0.332865 0.453451 0.042604 0.052734
1 0.331719 0.454102 0.042813 0.052734
1 0.330573 0.454753 0.043021 0.052734
1 0.329427 0.455404 0.043229 0.052734
1 0.328281 0.456055 0.043438 0.052734
1 0.327135 0.456706 0.043646 0.052734
1 0.325990 0.457357 0.043854 0.052734
1 0.324844 0.458008 0.044063 0.052734
1 0.323698 0.458659 0.044271 0.052734
1 0.322552 0.459310 0.044479 0.052734
1 0.321406 0.459961 0.044688 0.052734
1 0.320260 0.460612 0.044896 0.052734
1 0.319115 0.461263 0.045104 0.052734
1 0.317969 0.461914 0.045312 0.052734
1 0.316774 0.462431 0.045496 0.052390
1 0.315579 0.462948 0.045680 0.052045
1 0.314384 0.463465 0.045864 0.051700
1 0.313189 0.463982 0.046048 0.051356
1 0.311994 0.464499 0.046232 0.051011
1 0.310800 0.465016 0.046415 0.050666
1 0.309605 0.465533 0.046599 0.050322
1 0.308410 0.466050 0.046783 0.049977
1 0.307215 0.466567 0.046967 0.049632
1 0.306020 0.467084 0.047151 0.049288
1 0.304825 0.467601 0.047335 0.048943
1 0.303631 0.468118 0.047518 0.048598
1 0.302436 0.468635 0.047702 0.048254
1 0.301241 0.469152 0.047886 0.047909
1 0.300046 0.469669 0.048070 0.047564
1 0.298851 0.470186 0.048254 0.047220
1 0.297656 0.470703 0.048438 0.046875
1 0.295982 0.471470 0.048214 0.047294
1 0.294308 0.472238 0.047991 0.047712
1 0.292634 0.473005 0.047768 0.048131
1 0.290960 0.473772 0.047545 0.048549
1 0.289286 0.474540 0.047321 0.048968
1 0.287612 0.475307 0.047098 0.049386
1 0.285937 0.476074 0.046875 0.049805
1 0.284263 0.476842 0.046652 0.050223
1 0.282589 0.477609 0.046429 0.050642
1 0.280915 0.478376 0.046205 0.051060
1 0.279241 0.479143 0.045982 0.051479
1 0.277567 0.479911 0.045759 0.051897
1 0.275893 0.480678 0.045536 0.052316
1 0.274219 0.481445 0.045312 0.052734
1 0.272489 0.482282 0.045201 0.052176
1 0.270759 0.483119 0.045089 0.051618
1 0.269029 0.483956 0.044978 0.051060
1 0.267299 0.484794 0.044866 0.050502
1 0.265569 0.485631 0.044754 0.049944
1 0.263839 0.486468 0.044643 0.049386
1 0.262109 0.487305 0.044531 0.048828
1 0.260379 0.488142 0.044420 0.048270
1 0.258650 0.488979 0.044308 0.047712
1 0.256920 0.489816 0.044196 0.047154
1 0.255190 0.490653 0.044085 0.046596
1 0.253460 0.491490 0.043973 0.046038
1 0.251730 0.492327 0.043862 0.045480
1 0.250000 0.493164 0.043750 0.044922
1 0.248394 0.493761 0.043490 0.045030
1 0.246788 0.494358 0.043229 0.045139
1 0.245182 0.494954 0.042969 0.045247
1 0.243576 0.495551 0.042708 0.045356
1 0.241970 0.496148 0.042448 0.045464
1 0.240365 0.496745 0.042187 0.045573
1 0.238759 0.497342 0.041927 0.045681
1 0.237153 0.497938 0.041667 0.045790
1 0.235547 0.498535 0.041406 0.045898
1 0.233941 0.499132 0.041146 0.046007
1 0.232335 0.499729 0.040885 0.046115
1 0.230729 0.500326 0.040625 0.046224
1 0.229123 0.500922 0.040365 0.046332
1 0.227517 0.501519 0.040104 0.046441
1 0.225911 0.502116 0.039844 0.046549
1 0.224306 0.502713 0.039583 0.046658
1 0.222700 0.503309 0.039323 0.046766
1 0.221094 0.503906 0.039062 0.046875
1 0.219231 0.504207 0.039062 0.046875
1 0.217368 0.504507 0.039062 0.046875
1 0.215505 0.504808 0.039062 0.046875
1 0.213642 0.505108 0.039062 0.046875
1 0.211779 0.505409 0.039062 0.046875
1 0.209916 0.505709 0.039062 0.046875
1 0.208053 0.506010 0.039062 0.046875
1 0.206190 0.506310 0.039062 0.046875
1 0.204327 0.506611 0.039062 0.046875
1 0.202464 0.506911 0.039062 0.046875
1 0.200601 0.507212 0.039062 0.046875
1 0.198738 0.507512 0.039062 0.046875
1 0.196875 0.507813 0.039062 0.046875
1 0.195012 0.508113 0.039062 0.046875
1 0.193149 0.508413 0.039062 0.046875
1 0.191286 0.508714 0.039062 0.046875
1 0.189423 0.509014 0.039062 0.046875
1 0.187560 0.509315 0.039062 0.046875
1 0.185697 0.509615 0.039062 0.046875
1 0.183834 0.509916 0.039062 0.046875
1 0.181971 0.510216 0.039062 0.046875
1 0.180108 0.510517 0.039062 0.046875
1 0.178245 0.510817 0.039062 0.046875
1 0.176382 0.511118 0.039062 0.046875
1 0.174519 0.511418 0.039062 0.046875
1 0.172656 0.511719 0.039062 0.046875
