1 0.504687 0.632812 0.046875 0.058594
1 0.503331 0.630294 0.046628 0.058491
1 0.501974 0.627775 0.046382 0.058388
1 0.500617 0.625257 0.046135 0.058285
1 0.499260 0.622738 0.045888 0.058183
1 0.497903 0.620220 0.045641 0.058080
1 0.496546 0.617701 0.045395 0.057977
1 0.495189 0.615183 0.045148 0.057874
1 0.493832 0.612664 0.044901 0.057771
1 0.492475 0.610146 0.044655 0.057669
1 0.491118 0.607627 0.044408 0.057566
1 0.489762 0.605109 0.044161 0.057463
1 0.488405 0.602590 0.043914 0.057360
1 0.487048 0.600072 0.043668 0.057257
1 0.485691 0.597553 0.043421 0.057155
1 0.484334 0.595035 0.043174 0.057052
1 0.482977 0.592516 0.042928 0.056949
1 0.481620 0.589998 0.042681 0.056846
1 0.480263 0.587479 0.042434 0.056743
1 0.478906 0.584961 0.042188 0.056641
1 0.477995 0.585395 0.041927 0.056424
1 0.477083 0.585829 0.041667 0.056207
1 0.476172 0.586263 0.041406 0.055990
1 0.475260 0.586697 0.041146 0.055773
1 0.474349 0.587131 0.040885 0.055556
1 0.473437 0.587565 0.040625 0.055339
1 0.472526 0.587999 0.040365 0.055122
1 0.471615 0.588433 0.040104 0.054905
1 0.470703 0.588867 0.039844 0.054687
1 0.469792 0.589301 0.039583 0.054470
1 0.468880 0.589735 0.039323 0.054253
1 0.467969 0.590169 0.039062 0.054036
1 0.467057 0.590603 0.038802 0.053819
1 0.466146 0.591037 0.038542 0.053602
1 0.465234 0.591471 0.038281 0.053385
1 0.464323 0.591905 0.038021 0.053168
1 0.463411 0.592339 0.037760 0.052951
1 0.462500 0.592773 0.037500 0.052734
1 0.462031 0.592057 0.037813 0.052865
1 0.461562 0.591341 0.038125 0.052995
1 0.461094 0.590625 0.038438 0.053125
1 0.460625 0.589909 0.038750 0.053255
1 0.460156 0.589193 0.039063 0.053385
1 0.459687 0.588477 0.039375 0.053516
1 0.459219 0.587760 0.039688 0.053646
1 0.458750 0.587044 0.040000 0.053776
1 0.458281 0.586328 0.040313 0.053906
1 0.457812 0.585612 0.040625 0.054036
1 0.457344 0.584896 0.040938 0.054167
1 0.456875 0.584180 0.041250 0.054297
1 0.456406 0.583464 0.041563 0.054427
1 0.455937 0.582747 0.041875 0.054557
1 0.455469 0.582031 0.042188 0.054688
1 0.455108 0.580303 0.042428 0.056340
1 0.454748 0.578576 0.042668 0.057993
1 0.454387 0.576848 0.042909 0.059645
1 0.454026 0.575120 0.043149 0.061298
1 0.453666 0.573392 0.043389 0.062951
1 0.453305 0.571665 0.043630 0.064603
1 0.452945 0.569937 0.043870 0.066256
1 0.452584 0.568209 0.044111 0.067909
1 0.452224 0.566481 0.044351 0.069561
1 0.451863 0.564754 0.044591 0.071214
1 0.451502 0.563026 0.044832 0.072867
1 0.451142 0.561298 0.045072 0.074519
1 0.450781 0.559570 0.045312 0.076172
1 0.450355 0.556552 0.045028 0.074396
1 0.449929 0.553533 0.044744 0.072621
1 0.449503 0.550515 0.044460 0.070845
1 0.449077 0.547496 0.044176 0.069070
1 0.448651 0.544478 0.043892 0.067294
1 0.448224 0.541460 0.043608 0.065518
1 0.447798 0.538441 0.043324 0.063743
1 0.447372 0.535423 0.043040 0.061967
1 0.446946 0.532404 0.042756 0.060192
1 0.446520 0.529386 0.042472 0.058416
1 0.446094 0.526367 0.042188 0.056641
1 0.445739 0.525391 0.042045 0.056463
1 0.445384 0.524414 0.041903 0.056286
1 0.445028 0.523437 0.041761 0.056108
1 0.444673 0.522461 0.041619 0.055930
1 0.444318 0.521484 0.041477 0.055753
1 0.443963 0.520508 0.041335 0.055575
1 0.443608 0.519531 0.041193 0.055398
1 0.443253 0.518555 0.041051 0.055220
1 0.442898 0.517578 0.040909 0.055043
1 0.442543 0.516602 0.040767 0.054865
1 0.442188 0.515625 0.040625 0.054688
1 0.441518 0.512416 0.040179 0.054967
1 0.440848 0.509208 0.039732 0.055246
1 0.440179 0.505999 0.039286 0.055525
1 0.439509 0.502790 0.038839 0.055804
1 0.438839 0.499581 0.038393 0.056083
1 0.438170 0.496373 0.037946 0.056362
1 0.437500 0.493164 0.037500 0.056641
1 0.436762 0.488064 0.037760 0.056641
1 0.436024 0.482964 0.038021 0.056641
1 0.435286 0.477865 0.038281 0.056641
1 0.434549 0.472765 0.038542 0.056641
1 0.433811 0.467665 0.038802 0.056641
1 0.433073 0.462565 0.039063 0.056641
1 0.432335 0.457465 0.039323 0.056641
1 0.431597 0.452365 0.039583 0.056641
1 0.430859 0.447266 0.039844 0.056641
1 0.430122 0.442166 0.040104 0.056641
1 0.429384 0.437066 0.040365 0.056641
1 0.428646 0.431966 0.040625 0.056641
1 0.427908 0.426866 0.040885 0.056641
1 0.427170 0.421766 0.041146 0.056641
1 0.426432 0.416667 0.041406 0.056641
1 0.425694 0.411567 0.041667 0.056641
1 0.424957 0.406467 0.041927 0.056641
1 0.424219 0.401367 0.042188 0.056641
1 0.423021 0.399284 0.042083 0.056901
1 0.421823 0.397201 0.041979 0.057161
1 0.420625 0.395117 0.041875 0.057422
1 0.419427 0.393034 0.041771 0.057682
1 0.418229 0.390951 0.041667 0.057943
1 0.417031 0.388867 0.041562 0.058203
1 0.415833 0.386784 0.041458 0.058464
1 0.414635 0.384701 0.041354 0.058724
1 0.413437 0.382617 0.041250 0.058984
1 0.412240 0.380534 0.041146 0.059245
1 0.411042 0.378451 0.041042 0.059505
1 0.409844 0.376367 0.040937 0.059766
1 0.408646 0.374284 0.040833 0.060026
1 0.407448 0.372201 0.040729 0.060286
1 0.406250 0.370117 0.040625 0.060547
1 0.405575 0.369718 0.040554 0.060281
1 0.404901 0.369318 0.040483 0.060014
1 0.404226 0.368919 0.040412 0.059748
1 0.403551 0.368519 0.040341 0.059482
1 0.402876 0.368120 0.040270 0.059215
1 0.402202 0.367720 0.040199 0.058949
1 0.401527 0.367321 0.040128 0.058683
1 0.400852 0.366921 0.040057 0.058416
1 0.400178 0.366522 0.039986 0.058150
1 0.399503 0.366122 0.039915 0.057884
1 0.398828 0.365723 0.039844 0.057617
1 0.398153 0.365323 0.039773 0.057351
1 0.397479 0.364924 0.039702 0.057085
1 0.396804 0.364524 0.039631 0.056818
1 0.396129 0.364125 0.039560 0.056552
1 0.395455 0.363725 0.039489 0.056286
1 0.394780 0.363326 0.039418 0.056019
1 0.394105 0.362926 0.039347 0.055753
1 0.393430 0.362527 0.039276 0.055487
1 0.392756 0.362127 0.039205 0.055220
1 0.392081 0.361728 0.039134 0.054954
1 0.391406 0.361328 0.039062 0.054688
1 0.391101 0.360436 0.039130 0.054772
1 0.390795 0.359545 0.039198 0.054857
1 0.390489 0.358653 0.039266 0.054942
1 0.390183 0.357762 0.039334 0.055027
1 0.389878 0.356870 0.039402 0.055112
1 0.389572 0.355978 0.039470 0.055197
1 0.389266 0.355087 0.039538 0.055282
1 0.388961 0.354195 0.039606 0.055367
1 0.388655 0.353303 0.039674 0.055452
1 0.388349 0.352412 0.039742 0.055537
1 0.388043 0.351520 0.039810 0.055622
1 0.387738 0.350628 0.039878 0.055707
1 0.387432 0.349737 0.039946 0.055791
1 0.387126 0.348845 0.040014 0.055876
1 0.386821 0.347953 0.040082 0.055961
1 0.386515 0.347062 0.040149 0.056046
1 0.386209 0.346170 0.040217 0.056131
1 0.385904 0.345279 0.040285 0.056216
1 0.385598 0.344387 0.040353 0.056301
1 0.385292 0.343495 0.040421 0.056386
1 0.384986 0.342604 0.040489 0.056471
1 0.384681 0.341712 0.040557 0.056556
1 0.384375 0.340820 0.040625 0.056641
1 0.384635 0.340104 0.040938 0.056771
1 0.384896 0.339388 0.041250 0.056901
1 0.385156 0.338672 0.041563 0.057031
1 0.385417 0.337956 0.041875 0.057161
1 0.385677 0.337240 0.042188 0.057292
1 0.385938 0.336523 0.042500 0.057422
1 0.386198 0.335807 0.042813 0.057552
1 0.386458 0.335091 0.043125 0.057682
1 0.386719 0.334375 0.043438 0.057813
1 0.386979 0.333659 0.043750 0.057943
1 0.387240 0.332943 0.044063 0.058073
1 0.387500 0.332227 0.044375 0.058203
1 0.387760 0.331510 0.044688 0.058333
1 0.388021 0.330794 0.045000 0.058464
1 0.388281 0.330078 0.045312 0.058594
1 0.388114 0.327985 0.044978 0.058594
1 0.387946 0.325893 0.044643 0.058594
1 0.387779 0.323800 0.044308 0.058594
1 0.387612 0.321708 0.043973 0.058594
1 0.387444 0.319615 0.043638 0.058594
1 0.387277 0.317522 0.043304 0.058594
1 0.387109 0.315430 0.042969 0.058594
1 0.386942 0.313337 0.042634 0.058594
1 0.386775 0.311244 0.042299 0.058594
1 0.386607 0.309152 0.041964 0.058594
1 0.386440 0.307059 0.041629 0.058594
1 0.386272 0.304967 0.041295 0.058594
1 0.386105 0.302874 0.040960 0.058594
1 0.385937 0.300781 0.040625 0.058594
1 0.385986 0.301636 0.040527 0.058350
1 0.386035 0.302490 0.040430 0.058105
1 0.386084 0.303345 0.040332 0.057861
1 0.386133 0.304199 0.040234 0.057617
1 0.386182 0.305054 0.040137 0.057373
1 0.386230 0.305908 0.040039 0.057129
1 0.386279 0.306763 0.039941 0.056885
1 0.386328 0.307617 0.039844 0.056641
1 0.386377 0.308472 0.039746 0.056396
1 0.386426 0.309326 0.039648 0.056152
1 0.386475 0.310181 0.039551 0.055908
1 0.386523 0.311035 0.039453 0.055664
1 0.386572 0.311890 0.039355 0.055420
1 0.386621 0.312744 0.039258 0.055176
1 0.386670 0.313599 0.039160 0.054932
1 0.386719 0.314453 0.039062 0.054688
1 0.386949 0.313764 0.039154 0.054688
1 0.387178 0.313074 0.039246 0.054688
1 0.387408 0.312385 0.039338 0.054688
1 0.387638 0.311696 0.039430 0.054688
1 0.387868 0.311006 0.039522 0.054688
1 0.388097 0.310317 0.039614 0.054688
1 0.388327 0.309628 0.039706 0.054688
1 0.388557 0.308938 0.039798 0.054688
1 0.388787 0.308249 0.039890 0.054688
1 0.389017 0.307560 0.039982 0.054688
1 0.389246 0.306870 0.040074 0.054688
1 0.389476 0.306181 0.040165 0.054688
1 0.389706 0.305492 0.040257 0.054688
1 0.389936 0.304802 0.040349 0.054688
1 0.390165 0.304113 0.040441 0.054688
1 0.390395 0.303424 0.040533 0.054688
1 0.390625 0.302734 0.040625 0.054688
1 0.390234 0.302557 0.040838 0.055043
1 0.389844 0.302379 0.041051 0.055398
1 0.389453 0.302202 0.041264 0.055753
1 0.389063 0.302024 0.041477 0.056108
1 0.388672 0.301847 0.041690 0.056463
1 0.388281 0.301669 0.041903 0.056818
1 0.387891 0.301491 0.042116 0.057173
1 0.387500 0.301314 0.042330 0.057528
1 0.387109 0.301136 0.042543 0.057884
1 0.386719 0.300959 0.042756 0.058239
1 0.386328 0.300781 0.042969 0.058594
1 0.385938 0.300604 0.043182 0.058949
1 0.385547 0.300426 0.043395 0.059304
1 0.385156 0.300249 0.043608 0.059659
1 0.384766 0.300071 0.043821 0.060014
1 0.384375 0.299893 0.044034 0.060369
1 0.383984 0.299716 0.044247 0.060724
1 0.383594 0.299538 0.044460 0.061080
1 0.383203 0.299361 0.044673 0.061435
1 0.382813 0.299183 0.044886 0.061790
1 0.382422 0.299006 0.045099 0.062145
1 0.382031 0.298828 0.045312 0.062500
1 0.382083 0.298437 0.045625 0.062500
1 0.382135 0.298047 0.045938 0.062500
1 0.382188 0.297656 0.046250 0.062500
1 0.382240 0.297266 0.046563 0.062500
1 0.382292 0.296875 0.046875 0.062500
1 0.382344 0.296484 0.047188 0.062500
1 0.382396 0.296094 0.047500 0.062500
1 0.382448 0.295703 0.047813 0.062500
1 0.382500 0.295312 0.048125 0.062500
1 0.382552 0.294922 0.048438 0.062500
1 0.382604 0.294531 0.048750 0.062500
1 0.382656 0.294141 0.049063 0.062500
1 0.382708 0.293750 0.049375 0.062500
1 0.382760 0.293359 0.049688 0.062500
1 0.382812 0.292969 0.050000 0.062500
1 0.382670 0.293590 0.049148 0.062322
1 0.382528 0.294212 0.048295 0.062145
1 0.382386 0.294833 0.047443 0.061967
1 0.382244 0.295455 0.046591 0.061790
1 0.382102 0.296076 0.045739 0.061612
1 0.381960 0.296697 0.044886 0.061435
1 0.381818 0.297319 0.044034 0.061257
1 0.381676 0.297940 0.043182 0.061080
1 0.381534 0.298562 0.042330 0.060902
1 0.381392 0.299183 0.041477 0.060724
1 0.381250 0.299805 0.040625 0.060547
1 0.381037 0.298917 0.041335 0.060192
1 0.380824 0.298029 0.042045 0.059837
1 0.380611 0.297141 0.042756 0.059482
1 0.380398 0.296254 0.043466 0.059126
1 0.380185 0.295366 0.044176 0.058771
1 0.379972 0.294478 0.044886 0.058416
1 0.379759 0.293590 0.045597 0.058061
1 0.379545 0.292702 0.046307 0.057706
1 0.379332 0.291815 0.047017 0.057351
1 0.379119 0.290927 0.047727 0.056996
1 0.378906 0.290039 0.048438 0.056641
1 0.379557 0.288249 0.049740 0.057617
1 0.380208 0.286458 0.051042 0.058594
1 0.380859 0.284668 0.052344 0.059570
1 0.381510 0.282878 0.053646 0.060547
1 0.382161 0.281087 0.054948 0.061523
1 0.382812 0.279297 0.056250 0.062500
