1 0.089975 0.380421 0.049788 0.056803
1 0.093295 0.383550 0.049601 0.056594
1 0.100966 0.388638 0.050287 0.057369
1 0.105084 0.391472 0.050494 0.057557
1 0.113130 0.398559 0.050377 0.057382
1 0.117070 0.403191 0.051086 0.058252
1 0.252511 0.114258 0.306430 0.189453
1 0.258067 0.129883 0.310073 0.197266
1 0.268004 0.138672 0.316438 0.195312
1 0.278948 0.142578 0.323427 0.195312
1 0.284422 0.154297 0.327148 0.199219
1 0.294172 0.169922 0.333530 0.203125
1 0.303398 0.176758 0.339886 0.205078
1 0.308400 0.185547 0.343362 0.203125
1 0.318580 0.195312 0.350664 0.199219
1 0.322921 0.215820 0.353925 0.205078
1 0.332854 0.206055 0.361366 0.193359
1 0.336990 0.215820 0.364875 0.205078
1 0.346455 0.216797 0.372464 0.199219
1 0.350908 0.232422 0.375743 0.207031
1 0.360158 0.247070 0.383526 0.212891
1 0.364580 0.263672 0.387560 0.214844
1 0.372912 0.260742 0.394658 0.205078
1 0.381799 0.264648 0.402299 0.205078
1 0.386472 0.258789 0.406618 0.193359
1 0.394755 0.263672 0.414018 0.191406
1 0.399492 0.279297 0.417847 0.203125
1 0.407809 0.292969 0.425407 0.214844
1 0.416209 0.311523 0.432933 0.220703
1 0.424367 0.315430 0.440198 0.224609
1 0.429076 0.323242 0.444119 0.228516
1 0.436831 0.323242 0.451205 0.220703
1 0.445498 0.328125 0.458635 0.218750
1 0.448788 0.324219 0.461737 0.218750
1 0.457757 0.333984 0.469457 0.222656
1 0.264362 0.581971 0.183519 0.596682
1 0.271984 0.586273 0.189941 0.600915
1 0.275228 0.596914 0.191909 0.610445
1 0.269787 0.600998 0.176462 0.614409
1 0.275085 0.611439 0.180801 0.623348
1 0.279064 0.616094 0.183794 0.627434
1 0.282811 0.625010 0.186029 0.635804
1 0.288462 0.633601 0.190439 0.643734
1 0.292413 0.638226 0.193670 0.647703
1 0.296825 0.642593 0.197288 0.651520
1 0.304552 0.657248 0.212171 0.664503
1 0.307834 0.662249 0.215971 0.668788
1 0.310770 0.666709 0.219123 0.672746
1 0.315123 0.675743 0.223325 0.680669
1 0.316899 0.680163 0.224412 0.684421
1 0.322080 0.688861 0.227945 0.691876
1 0.325006 0.693338 0.230456 0.695553
1 0.332115 0.703011 0.237991 0.703933
1 0.335997 0.707694 0.242466 0.707908
1 0.343595 0.716845 0.252389 0.715851
1 0.349767 0.726368 0.260425 0.723725
1 0.353589 0.735679 0.264744 0.731545
1 0.355028 0.740480 0.266014 0.735619
1 0.360960 0.750911 0.270477 0.743935
1 0.364042 0.755379 0.272947 0.747432
1 0.371723 0.765192 0.280443 0.755961
1 0.375697 0.770165 0.285388 0.760468
1 0.383199 0.779760 0.293520 0.768508
1 0.390111 0.788804 0.300833 0.776359
1 0.391719 0.793598 0.302968 0.780407
1 0.394411 0.803714 0.305441 0.788438
1 0.399706 0.813947 0.309977 0.797037
1 0.402618 0.818613 0.313041 0.800988
1 0.408608 0.828640 0.319635 0.809262
1 0.411216 0.832913 0.322801 0.813000
1 0.415695 0.842181 0.329126 0.821301
1 0.420312 0.852539 0.334375 0.830078
1 0.689063 0.538086 0.671875 0.423828
1 0.699219 0.542969 0.679688 0.417969
1 0.703906 0.546875 0.689063 0.421875
1 0.710156 0.545898 0.692187 0.412109
1 0.719531 0.532227 0.698438 0.408203
1 0.710938 0.534180 0.684375 0.412109
1 0.723437 0.545898 0.703125 0.423828
1 0.722656 0.560547 0.707812 0.441406
1 0.455359 0.915039 0.360226 0.892578
1 0.458786 0.915039 0.364985 0.892578
1 0.461597 0.929688 0.362351 0.906250
1 0.304068 0.473910 0.039062 0.042969
1 0.306134 0.467844 0.040468 0.044123
1 0.308597 0.473862 0.039645 0.042906
1 0.310008 0.480044 0.040035 0.043576
1 0.310621 0.483489 0.040777 0.044730
1 0.312261 0.488861 0.040815 0.044918
1 0.312686 0.490738 0.040791 0.044904
1 0.313696 0.492635 0.040306 0.044157
1 0.314645 0.493226 0.040131 0.043791
1 0.315929 0.496071 0.039877 0.043852
1 0.316934 0.498876 0.040930 0.045189
1 0.318519 0.504988 0.040168 0.044102
1 0.319001 0.508168 0.039884 0.043700
1 0.318735 0.514514 0.040180 0.043936
1 0.319339 0.517001 0.039526 0.042927
1 0.320497 0.519116 0.039537 0.043172
1 0.321086 0.519200 0.039595 0.042853
1 0.323138 0.521191 0.039247 0.042289
1 0.324763 0.525705 0.038699 0.041468
1 0.325677 0.530731 0.038289 0.040929
1 0.325646 0.533527 0.038773 0.041372
1 0.326585 0.536949 0.038266 0.041137
1 0.327062 0.538745 0.038120 0.040599
1 0.327544 0.540675 0.037990 0.040321
1 0.328484 0.543293 0.039011 0.041678
1 0.329168 0.543500 0.039293 0.041789
1 0.331168 0.544160 0.038816 0.041000
1 0.332315 0.544348 0.038535 0.040192
1 0.334312 0.546458 0.037865 0.039325
1 0.335193 0.547841 0.039105 0.040628
1 0.336875 0.550474 0.037328 0.038563
1 0.337264 0.551691 0.039514 0.041326
1 0.338968 0.553069 0.038901 0.040625
1 0.340525 0.554409 0.037311 0.038781
1 0.341262 0.554400 0.037109 0.038366
1 0.343240 0.554911 0.038705 0.040127
1 0.344007 0.554954 0.038498 0.040330
1 0.346077 0.555068 0.038855 0.040347
1 0.347117 0.555044 0.038632 0.040447
1 0.349148 0.554677 0.037304 0.038513
1 0.350128 0.554184 0.037491 0.039203
1 0.352034 0.553907 0.038283 0.039849
1 0.353131 0.553544 0.039075 0.040765
1 0.355411 0.553037 0.038132 0.039247
1 0.357873 0.552395 0.036747 0.038077
1 0.359243 0.551914 0.038478 0.040051
1 0.361546 0.551486 0.038555 0.039951
1 0.362613 0.550958 0.037550 0.039074
1 0.365190 0.549965 0.038459 0.039859
1 0.366704 0.549428 0.038888 0.040228
1 0.369353 0.548314 0.036745 0.037833
1 0.370855 0.547912 0.038037 0.039474
1 0.373342 0.547364 0.038430 0.039901
1 0.374584 0.545968 0.038328 0.039730
1 0.377573 0.545478 0.038448 0.039749
1 0.378873 0.544486 0.036669 0.037661
1 0.381742 0.543409 0.038209 0.039341
1 0.385412 0.542528 0.036850 0.037663
1 0.386981 0.541638 0.038549 0.039644
1 0.389825 0.539857 0.038061 0.039137
1 0.391490 0.538295 0.037202 0.038465
1 0.395350 0.537967 0.038032 0.039770
1 0.397036 0.538916 0.036167 0.037678
1 0.400664 0.539725 0.036552 0.037381
1 0.399380 0.538175 0.035707 0.036527
1 0.400857 0.538396 0.034872 0.035813
1 0.404922 0.538048 0.036595 0.038404
1 0.409428 0.536788 0.034969 0.036260
1 0.410241 0.534192 0.035196 0.036355
1 0.414703 0.534634 0.033670 0.034633
1 0.418151 0.535866 0.034922 0.036106
1 0.419931 0.535896 0.034806 0.036135
1 0.426573 0.538110 0.035801 0.037157
1 0.431318 0.537927 0.036818 0.038316
1 0.433772 0.536774 0.035417 0.036133
1 0.435588 0.528782 0.037295 0.038084
1 0.440936 0.528625 0.036395 0.036987
1 0.443407 0.528691 0.037513 0.038402
1 0.448303 0.529350 0.037337 0.038083
1 0.451346 0.529967 0.039416 0.040540
1 0.457063 0.529086 0.040294 0.042262
1 0.459970 0.528273 0.039832 0.041372
1 0.464072 0.522477 0.042135 0.043357
1 0.467029 0.520133 0.042483 0.043933
1 0.473264 0.519791 0.042270 0.043604
1 0.480080 0.520199 0.041431 0.042545
1 0.486948 0.521206 0.043051 0.044774
1 0.490000 0.521936 0.043619 0.045428
1 0.496503 0.520327 0.042405 0.043685
1 0.499504 0.518114 0.042453 0.043728
1 0.505684 0.514732 0.043234 0.044732
1 0.512205 0.512475 0.042944 0.044689
1 0.516108 0.512445 0.042254 0.043823
1 0.523969 0.516919 0.044278 0.045942
1 0.531082 0.515992 0.044718 0.046290
1 0.534225 0.516480 0.043478 0.044343
1 0.540409 0.515813 0.044926 0.046030
1 0.543252 0.514594 0.046530 0.048149
1 0.549985 0.507440 0.046364 0.047350
1 0.556915 0.507553 0.046794 0.048028
1 0.561028 0.507580 0.045608 0.046454
1 0.569287 0.507196 0.045993 0.047023
1 0.573390 0.507675 0.046319 0.047382
1 0.579663 0.511922 0.046091 0.047405
1 0.582831 0.512248 0.045813 0.046898
1 0.590121 0.512059 0.048042 0.049897
1 0.593298 0.511636 0.048111 0.049892
1 0.602787 0.507275 0.049972 0.050938
1 0.606173 0.506461 0.050827 0.052056
1 0.614369 0.506685 0.050011 0.051517
1 0.618938 0.507385 0.050327 0.051883
1 0.627446 0.508022 0.050287 0.051400
1 0.635004 0.508810 0.049504 0.050736
1 0.638426 0.508637 0.049350 0.050321
1 0.645655 0.508435 0.050357 0.051826
1 0.649133 0.508251 0.049491 0.050299
1 0.657469 0.505790 0.050298 0.051189
1 0.665042 0.503341 0.049655 0.050670
1 0.672296 0.501204 0.049595 0.050952
1 0.676436 0.499698 0.050270 0.051398
1 0.683819 0.495464 0.049441 0.050381
1 0.687315 0.493540 0.049349 0.050330
1 0.693736 0.489353 0.049349 0.050667
1 0.700652 0.483716 0.048869 0.049885
1 0.704417 0.480918 0.049519 0.050464
1 0.711859 0.473542 0.048861 0.049765
1 0.718598 0.466177 0.049251 0.050344
1 0.721938 0.462416 0.049838 0.051357
1 0.725050 0.458777 0.050255 0.051788
1 0.731692 0.449835 0.049405 0.050795
1 0.735089 0.444935 0.049279 0.050061
1 0.741367 0.435703 0.050381 0.051296
1 0.744024 0.430706 0.049797 0.051343
1 0.749771 0.420357 0.049597 0.050454
1 0.752216 0.414861 0.048916 0.049769
1 0.757383 0.403208 0.050294 0.051552
1 0.759944 0.396881 0.050097 0.051246
1 0.764806 0.384085 0.049970 0.051028
1 0.769523 0.370212 0.050971 0.052197
1 0.771688 0.363294 0.052526 0.053647
1 0.778045 0.341669 0.051244 0.052144
1 0.779871 0.334529 0.050769 0.052051
1 0.783448 0.319412 0.049612 0.050393
1 0.785157 0.311533 0.050438 0.051586
1 0.788556 0.295377 0.051725 0.053101
1 0.789986 0.287138 0.052037 0.053209
1 0.792614 0.270617 0.050103 0.051169
1 0.795134 0.253694 0.051142 0.051965
1 0.796337 0.245153 0.051192 0.052396
1 0.798318 0.228078 0.051709 0.052794
1 0.799133 0.219267 0.051344 0.052395
1 0.800670 0.201643 0.050013 0.050927
1 0.801297 0.193090 0.051420 0.052725
1 0.802941 0.174711 0.050129 0.051269
1 0.804230 0.156384 0.051567 0.053113
1 0.805360 0.137875 0.049488 0.050412
1 0.194221 1.026354 0.012606 0.102646
1 0.208521 1.019199 0.022580 0.084764
1 0.216269 1.014509 0.028004 0.075416
1 0.230950 1.005941 0.037755 0.057328
1 0.238020 1.001667 0.042508 0.048088
1 0.251883 0.991492 0.051464 0.028631
1 0.258757 0.986328 0.056010 0.019531
1 0.265683 0.105112 0.051614 0.048830
1 0.275020 0.115708 0.051009 0.048022
1 0.279672 0.120950 0.051662 0.048900
1 0.288974 0.130408 0.051515 0.048726
1 0.298045 0.139955 0.050977 0.048047
1 0.306770 0.147679 0.051094 0.047924
1 0.315522 0.156286 0.051236 0.048272
1 0.319791 0.160446 0.050834 0.047709
1 0.332175 0.171566 0.050275 0.047164
1 0.340547 0.180139 0.049948 0.046989
1 0.344907 0.184308 0.050018 0.047125
1 0.353067 0.191575 0.049905 0.046862
1 0.356963 0.195723 0.050260 0.047371
1 0.364557 0.203646 0.050290 0.047467
1 0.372019 0.211417 0.049908 0.047119
1 0.375638 0.215658 0.050190 0.047436
1 0.382710 0.223396 0.049804 0.047062
1 0.385787 0.227334 0.049856 0.047115
1 0.392287 0.234950 0.049970 0.047212
1 0.398517 0.242682 0.049971 0.047163
1 0.401671 0.246737 0.049915 0.047142
1 0.407935 0.254863 0.049941 0.047171
1 0.413919 0.263204 0.049822 0.046802
1 0.416870 0.267471 0.049847 0.046741
1 0.422717 0.275724 0.050020 0.047141
1 0.428220 0.284622 0.049894 0.046924
1 0.431062 0.288931 0.049707 0.046603
1 0.436504 0.297853 0.050140 0.047374
1 0.439114 0.301819 0.049802 0.047017
1 0.444355 0.310822 0.050157 0.047246
1 0.446929 0.315243 0.049752 0.046991
1 0.451972 0.323732 0.050147 0.047093
1 0.454455 0.327890 0.049749 0.046687
1 0.459125 0.336907 0.049572 0.046761
1 0.464022 0.345017 0.049587 0.046739
1 0.466375 0.349293 0.049890 0.046940
1 0.470645 0.358499 0.049915 0.047228
1 0.472717 0.362883 0.049828 0.046853
1 0.476396 0.372032 0.049648 0.046842
1 0.480034 0.380910 0.050003 0.046936
1 0.481847 0.385394 0.050151 0.047339
1 0.485616 0.393648 0.049589 0.046744
1 0.487395 0.398166 0.049705 0.046658
1 0.490556 0.406554 0.049579 0.046596
1 0.491975 0.410851 0.049532 0.046614
1 0.494865 0.420290 0.049603 0.046586
1 0.496280 0.424613 0.049766 0.046845
1 0.499121 0.433501 0.050593 0.047595
1 0.500561 0.438617 0.050160 0.047153
1 0.503225 0.447860 0.049734 0.046790
1 0.504549 0.452358 0.049600 0.046597
1 0.507046 0.462470 0.049903 0.046803
1 0.508187 0.467230 0.049970 0.047081
1 0.510285 0.477058 0.049731 0.046855
1 0.511434 0.481938 0.050036 0.046959
1 0.513715 0.492224 0.049564 0.046482
1 0.514746 0.497160 0.049901 0.047034
1 0.516575 0.507290 0.049668 0.046570
1 0.518339 0.518526 0.049474 0.046641
1 0.519408 0.523046 0.050012 0.046902
1 0.521146 0.533724 0.049658 0.046816
1 0.521884 0.539045 0.049501 0.046438
1 0.523306 0.549435 0.049338 0.046508
1 0.523764 0.555030 0.049857 0.046974
1 0.524865 0.566233 0.049598 0.046581
1 0.525263 0.571823 0.049811 0.046703
1 0.526200 0.583351 0.049529 0.046440
1 0.526587 0.594747 0.049636 0.046727
1 0.526661 0.600625 0.049737 0.046793
1 0.526874 0.612523 0.050005 0.046927
1 0.526905 0.618347 0.050078 0.047012
1 0.526948 0.629814 0.050050 0.047146
1 0.526680 0.641388 0.049720 0.046839
1 0.526526 0.647086 0.049619 0.046733
1 0.526068 0.658513 0.049902 0.046846
1 0.525372 0.670785 0.050407 0.047513
1 0.524561 0.682547 0.049783 0.046851
1 0.524344 0.688598 0.050161 0.047195
1 0.523870 0.700885 0.050328 0.047224
1 0.523529 0.707265 0.049756 0.046681
1 0.523438 0.720703 0.050000 0.046875
1 0.519531 0.735352 0.039062 0.052734
