1 0.436719 0.462891 0.042188 0.042969
1 0.435547 0.461182 0.041406 0.044434
1 0.434375 0.459473 0.040625 0.045898
1 0.433203 0.457764 0.039844 0.047363
1 0.432031 0.456055 0.039062 0.048828
1 0.431348 0.454407 0.039062 0.048706
1 0.430664 0.452759 0.039062 0.048584
1 0.429980 0.451111 0.039062 0.048462
1 0.429297 0.449463 0.039062 0.048340
1 0.428613 0.447815 0.039062 0.048218
1 0.427930 0.446167 0.039062 0.048096
1 0.427246 0.444519 0.039062 0.047974
1 0.426563 0.442871 0.039062 0.047852
1 0.425879 0.441223 0.039062 0.047729
1 0.425195 0.439575 0.039062 0.047607
1 0.424512 0.437927 0.039062 0.047485
1 0.423828 0.436279 0.039062 0.047363
1 0.423145 0.434631 0.039062 0.047241
1 0.422461 0.432983 0.039062 0.047119
1 0.421777 0.431335 0.039062 0.046997
1 0.421094 0.429688 0.039062 0.046875
1 0.420634 0.428596 0.038695 0.046760
1 0.420175 0.427505 0.038327 0.046645
1 0.419715 0.426413 0.037960 0.046530
1 0.419256 0.425322 0.037592 0.046415
1 0.418796 0.424230 0.037224 0.046301
1 0.418336 0.423139 0.036857 0.046186
1 0.417877 0.422047 0.036489 0.046071
1 0.417417 0.420956 0.036121 0.045956
1 0.416958 0.419864 0.035754 0.045841
1 0.416498 0.418773 0.035386 0.045726
1 0.416039 0.417682 0.035018 0.045611
1 0.415579 0.416590 0.034651 0.045496
1 0.415119 0.415499 0.034283 0.045381
1 0.414660 0.414407 0.033915 0.045267
1 0.414200 0.413316 0.033548 0.045152
1 0.413741 0.412224 0.033180 0.045037
1 0.413281 0.411133 0.032813 0.044922
1 0.413125 0.410156 0.033125 0.044727
1 0.412969 0.409180 0.033438 0.044531
1 0.412812 0.408203 0.033750 0.044336
1 0.412656 0.407227 0.034063 0.044141
1 0.412500 0.406250 0.034375 0.043945
1 0.412344 0.405273 0.034688 0.043750
1 0.412187 0.404297 0.035000 0.043555
1 0.412031 0.403320 0.035313 0.043359
1 0.411875 0.402344 0.035625 0.043164
1 0.411719 0.401367 0.035938 0.042969
1 0.411562 0.400391 0.036250 0.042773
1 0.411406 0.399414 0.036563 0.042578
1 0.411250 0.398437 0.036875 0.042383
1 0.411094 0.397461 0.037188 0.042187
1 0.410937 0.396484 0.037500 0.041992
1 0.410781 0.395508 0.037813 0.041797
1 0.410625 0.394531 0.038125 0.041602
1 0.410469 0.393555 0.038438 0.041406
1 0.410312 0.392578 0.038750 0.041211
1 0.410156 0.391602 0.039062 0.041016
1 0.409796 0.391001 0.038822 0.041617
1 0.409435 0.390400 0.038582 0.042218
1 0.409075 0.389799 0.038341 0.042819
1 0.408714 0.389198 0.038101 0.043419
1 0.408353 0.388597 0.037861 0.044020
1 0.407993 0.387996 0.037620 0.044621
1 0.407632 0.387395 0.037380 0.045222
1 0.407272 0.386794 0.037139 0.045823
1 0.406911 0.386193 0.036899 0.046424
1 0.406550 0.385592 0.036659 0.047025
1 0.406190 0.384991 0.036418 0.047626
1 0.405829 0.384390 0.036178 0.048227
1 0.405469 0.383789 0.035937 0.048828
1 0.405469 0.382227 0.038438 0.049609
1 0.405469 0.380664 0.040938 0.050391
1 0.405469 0.379102 0.043438 0.051172
1 0.405469 0.377539 0.045938 0.051953
1 0.405469 0.375977 0.048438 0.052734
1 0.404792 0.374349 0.047917 0.052604
1 0.404115 0.372721 0.047396 0.052474
1 0.403438 0.371094 0.046875 0.052344
1 0.402760 0.369466 0.046354 0.052214
1 0.402083 0.367839 0.045833 0.052083
1 0.401406 0.366211 0.045312 0.051953
1 0.400729 0.364583 0.044792 0.051823
1 0.400052 0.362956 0.044271 0.051693
1 0.399375 0.361328 0.043750 0.051562
1 0.398698 0.359701 0.043229 0.051432
1 0.398021 0.358073 0.042708 0.051302
1 0.397344 0.356445 0.042187 0.051172
1 0.396667 0.354818 0.041667 0.051042
1 0.395990 0.353190 0.041146 0.050911
1 0.395313 0.351562 0.040625 0.050781
1 0.394688 0.350098 0.040937 0.051367
1 0.394063 0.348633 0.041250 0.051953
1 0.393438 0.347168 0.041562 0.052539
1 0.392813 0.345703 0.041875 0.053125
1 0.392188 0.344238 0.042187 0.053711
1 0.391563 0.342773 0.042500 0.054297
1 0.390938 0.341309 0.042812 0.054883
1 0.390313 0.339844 0.043125 0.055469
1 0.389688 0.338379 0.043437 0.056055
1 0.389062 0.336914 0.043750 0.056641
1 0.388281 0.336013 0.043870 0.056340
1 0.387500 0.335111 0.043990 0.056040
1 0.386719 0.334210 0.044111 0.055739
1 0.385938 0.333308 0.044231 0.055439
1 0.385156 0.332407 0.044351 0.055138
1 0.384375 0.331505 0.044471 0.054838
1 0.383594 0.330604 0.044591 0.054537
1 0.382813 0.329703 0.044712 0.054237
1 0.382031 0.328801 0.044832 0.053936
1 0.381250 0.327900 0.044952 0.053636
1 0.380469 0.326998 0.045072 0.053335
1 0.379688 0.326097 0.045192 0.053035
1 0.378906 0.325195 0.045312 0.052734
1 0.378125 0.324358 0.045089 0.052176
1 0.377344 0.323521 0.044866 0.051618
1 0.376562 0.322684 0.044643 0.051060
1 0.375781 0.321847 0.044420 0.050502
1 0.375000 0.321010 0.044196 0.049944
1 0.374219 0.320173 0.043973 0.049386
1 0.373437 0.319336 0.043750 0.048828
1 0.372656 0.318499 0.043527 0.048270
1 0.371875 0.317662 0.043304 0.047712
1 0.371094 0.316825 0.043080 0.047154
1 0.370312 0.315988 0.042857 0.046596
1 0.369531 0.315151 0.042634 0.046038
1 0.368750 0.314314 0.042411 0.045480
1 0.367969 0.313477 0.042188 0.044922
1 0.367076 0.313663 0.042039 0.045294
1 0.366183 0.313849 0.041890 0.045666
1 0.365290 0.314035 0.041741 0.046038
1 0.364397 0.314221 0.041592 0.046410
1 0.363504 0.314407 0.041443 0.046782
1 0.362612 0.314593 0.041295 0.047154
1 0.361719 0.314779 0.041146 0.047526
1 0.360826 0.314965 0.040997 0.047898
1 0.359933 0.315151 0.040848 0.048270
1 0.359040 0.315337 0.040699 0.048642
1 0.358147 0.315523 0.040551 0.049014
1 0.357254 0.315709 0.040402 0.049386
1 0.356362 0.315895 0.040253 0.049758
1 0.355469 0.316081 0.040104 0.050130
1 0.354576 0.316267 0.039955 0.050502
1 0.353683 0.316453 0.039807 0.050874
1 0.352790 0.316639 0.039658 0.051246
1 0.351897 0.316825 0.039509 0.051618
1 0.351004 0.317011 0.039360 0.051990
1 0.350112 0.317197 0.039211 0.052362
1 0.349219 0.317383 0.039062 0.052734
1 0.348372 0.317057 0.039453 0.052734
1 0.347526 0.316732 0.039844 0.052734
1 0.346680 0.316406 0.040234 0.052734
1 0.345833 0.316081 0.040625 0.052734
1 0.344987 0.315755 0.041016 0.052734
1 0.344141 0.315430 0.041406 0.052734
1 0.343294 0.315104 0.041797 0.052734
1 0.342448 0.314779 0.042188 0.052734
1 0.341602 0.314453 0.042578 0.052734
1 0.340755 0.314128 0.042969 0.052734
1 0.339909 0.313802 0.043359 0.052734
1 0.339062 0.313477 0.043750 0.052734
1 0.338216 0.313151 0.044141 0.052734
1 0.337370 0.312826 0.044531 0.052734
1 0.336523 0.312500 0.044922 0.052734
1 0.335677 0.312174 0.045312 0.052734
1 0.334831 0.311849 0.045703 0.052734
1 0.333984 0.311523 0.046094 0.052734
1 0.333138 0.311198 0.046484 0.052734
1 0.332292 0.310872 0.046875 0.052734
1 0.331445 0.310547 0.047266 0.052734
1 0.330599 0.310221 0.047656 0.052734
1 0.329753 0.309896 0.048047 0.052734
1 0.328906 0.309570 0.048438 0.052734
1 0.328013 0.308826 0.048140 0.052362
1 0.327121 0.308082 0.047842 0.051990
1 0.326228 0.307338 0.047545 0.051618
1 0.325335 0.306594 0.047247 0.051246
1 0.324442 0.305850 0.046949 0.050874
1 0.323549 0.305106 0.046652 0.050502
1 0.322656 0.304362 0.046354 0.050130
1 0.321763 0.303618 0.046057 0.049758
1 0.320871 0.302874 0.045759 0.049386
1 0.319978 0.302130 0.045461 0.049014
1 0.319085 0.301386 0.045164 0.048642
1 0.318192 0.300642 0.044866 0.048270
1 0.317299 0.299898 0.044568 0.047898
1 0.316406 0.299154 0.044271 0.047526
1 0.315513 0.298410 0.043973 0.047154
1 0.314621 0.297666 0.043676 0.046782
1 0.313728 0.296922 0.043378 0.046410
1 0.312835 0.296177 0.043080 0.046038
1 0.311942 0.295433 0.042783 0.045666
1 0.311049 0.294689 0.042485 0.045294
1 0.310156 0.293945 0.042188 0.044922
1 0.309082 0.293091 0.041992 0.045410
1 0.308008 0.292236 0.041797 0.045898
1 0.306934 0.291382 0.041602 0.046387
1 0.305859 0.290527 0.041406 0.046875
1 0.304785 0.289673 0.041211 0.047363
1 0.303711 0.288818 0.041016 0.047852
1 0.302637 0.287964 0.040820 0.048340
1 0.301563 0.287109 0.040625 0.048828
1 0.300488 0.286255 0.040430 0.049316
1 0.299414 0.285400 0.040234 0.049805
1 0.298340 0.284546 0.040039 0.050293
1 0.297266 0.283691 0.039844 0.050781
1 0.296191 0.282837 0.039648 0.051270
1 0.295117 0.281982 0.039453 0.051758
1 0.294043 0.281128 0.039258 0.052246
1 0.292969 0.280273 0.039062 0.052734
1 0.292311 0.279400 0.039227 0.052220
1 0.291653 0.278526 0.039391 0.051706
1 0.290995 0.277652 0.039556 0.051192
1 0.290337 0.276778 0.039720 0.050678
1 0.289679 0.275905 0.039885 0.050164
1 0.289021 0.275031 0.040049 0.049650
1 0.288363 0.274157 0.040214 0.049137
1 0.287706 0.273283 0.040378 0.048623
1 0.287048 0.272410 0.040543 0.048109
1 0.286390 0.271536 0.040707 0.047595
1 0.285732 0.270662 0.040872 0.047081
1 0.285074 0.269788 0.041036 0.046567
1 0.284416 0.268914 0.041201 0.046053
1 0.283758 0.268041 0.041365 0.045539
1 0.283100 0.267167 0.041530 0.045025
1 0.282442 0.266293 0.041694 0.044511
1 0.281785 0.265419 0.041859 0.043997
1 0.281127 0.264546 0.042023 0.043483
1 0.280469 0.263672 0.042188 0.042969
1 0.279932 0.263062 0.042480 0.043213
1 0.279395 0.262451 0.042773 0.043457
1 0.278857 0.261841 0.043066 0.043701
1 0.278320 0.261230 0.043359 0.043945
1 0.277783 0.260620 0.043652 0.044189
1 0.277246 0.260010 0.043945 0.044434
1 0.276709 0.259399 0.044238 0.044678
1 0.276172 0.258789 0.044531 0.044922
1 0.275635 0.258179 0.044824 0.045166
1 0.275098 0.257568 0.045117 0.045410
1 0.274561 0.256958 0.045410 0.045654
1 0.274023 0.256348 0.045703 0.045898
1 0.273486 0.255737 0.045996 0.046143
1 0.272949 0.255127 0.046289 0.046387
1 0.272412 0.254517 0.046582 0.046631
1 0.271875 0.253906 0.046875 0.046875
1 0.271540 0.252651 0.046875 0.046875
1 0.271205 0.251395 0.046875 0.046875
1 0.270871 0.250140 0.046875 0.046875
1 0.270536 0.248884 0.046875 0.046875
1 0.270201 0.247628 0.046875 0.046875
1 0.269866 0.246373 0.046875 0.046875
1 0.269531 0.245117 0.046875 0.046875
1 0.269196 0.243862 0.046875 0.046875
1 0.268862 0.242606 0.046875 0.046875
1 0.268527 0.241350 0.046875 0.046875
1 0.268192 0.240095 0.046875 0.046875
1 0.267857 0.238839 0.046875 0.046875
1 0.267522 0.237584 0.046875 0.046875
1 0.267188 0.236328 0.046875 0.046875
1 0.266746 0.235054 0.046671 0.046875
1 0.266304 0.233781 0.046467 0.046875
1 0.265863 0.232507 0.046264 0.046875
1 0.265421 0.231233 0.046060 0.046875
1 0.264980 0.229959 0.045856 0.046875
1 0.264538 0.228685 0.045652 0.046875
1 0.264096 0.227412 0.045448 0.046875
1 0.263655 0.226138 0.045245 0.046875
1 0.263213 0.224864 0.045041 0.046875
1 0.262772 0.223590 0.044837 0.046875
1 0.262330 0.222317 0.044633 0.046875
1 0.261889 0.221043 0.044429 0.046875
1 0.261447 0.219769 0.044226 0.046875
1 0.261005 0.218495 0.044022 0.046875
1 0.260564 0.217221 0.043818 0.046875
1 0.260122 0.215948 0.043614 0.046875
1 0.259681 0.214674 0.043410 0.046875
1 0.259239 0.213400 0.043207 0.046875
1 0.258798 0.212126 0.043003 0.046875
1 0.258356 0.210853 0.042799 0.046875
1 0.257914 0.209579 0.042595 0.046875
1 0.257473 0.208305 0.042391 0.046875
1 0.257031 0.207031 0.042188 0.046875
1 0.256787 0.205750 0.042480 0.047241
1 0.256543 0.204468 0.042773 0.047607
1 0.256299 0.203186 0.043066 0.047974
1 0.256055 0.201904 0.043359 0.048340
1 0.255811 0.200623 0.043652 0.048706
1 0.255566 0.199341 0.043945 0.049072
1 0.255322 0.198059 0.044238 0.049438
1 0.255078 0.196777 0.044531 0.049805
1 0.254834 0.195496 0.044824 0.050171
1 0.254590 0.194214 0.045117 0.050537
1 0.254346 0.192932 0.045410 0.050903
1 0.254102 0.191650 0.045703 0.051270
1 0.253857 0.190369 0.045996 0.051636
1 0.253613 0.189087 0.046289 0.052002
1 0.253369 0.187805 0.046582 0.052368
1 0.253125 0.186523 0.046875 0.052734
1 0.252902 0.185500 0.047024 0.052362
1 0.252679 0.184477 0.047173 0.051990
1 0.252455 0.183454 0.047321 0.051618
1 0.252232 0.182431 0.047470 0.051246
1 0.252009 0.181408 0.047619 0.050874
1 0.251786 0.180385 0.047768 0.050502
1 0.251563 0.179362 0.047917 0.050130
1 0.251339 0.178339 0.048065 0.049758
1 0.251116 0.177316 0.048214 0.049386
1 0.250893 0.176293 0.048363 0.049014
1 0.250670 0.175270 0.048512 0.048642
1 0.250446 0.174247 0.048661 0.048270
1 0.250223 0.173224 0.048810 0.047898
1 0.250000 0.172201 0.048958 0.047526
1 0.249777 0.171177 0.049107 0.047154
1 0.249554 0.170154 0.049256 0.046782
1 0.249330 0.169131 0.049405 0.046410
1 0.249107 0.168108 0.049554 0.046038
1 0.248884 0.167085 0.049702 0.045666
1 0.248661 0.166062 0.049851 0.045294
1 0.248438 0.165039 0.050000 0.044922
