2 0.566971 0.167663 0.067689 0.059229
2 0.567043 0.167540 0.067620 0.059172
2 0.567188 0.168782 0.068361 0.060143
2 0.568164 0.169138 0.067734 0.059406
2 0.568274 0.170459 0.068147 0.059957
2 0.568600 0.170959 0.068042 0.059801
2 0.568437 0.172912 0.067937 0.059701
2 0.568437 0.172912 0.067937 0.059701
2 0.568486 0.174736 0.067888 0.059657
2 0.568523 0.176116 0.067979 0.059784
2 0.568571 0.178033 0.067983 0.059807
2 0.568522 0.177998 0.067878 0.059708
2 0.568461 0.180840 0.067663 0.059460
2 0.568478 0.180816 0.067672 0.059486
2 0.568469 0.182679 0.067739 0.059586
2 0.568477 0.184557 0.068178 0.060201
2 0.568543 0.185488 0.067966 0.059931
2 0.567122 0.188994 0.068058 0.060135
2 0.566946 0.189298 0.068013 0.060092
2 0.566847 0.191270 0.067953 0.059892
2 0.565384 0.194509 0.068556 0.060695
2 0.565407 0.195485 0.068562 0.060758
2 0.565216 0.198057 0.068615 0.060773
2 0.564519 0.201886 0.068730 0.061109
2 0.564489 0.201934 0.068759 0.061136
2 0.562962 0.206255 0.068367 0.060500
2 0.562782 0.208993 0.068348 0.060551
2 0.562704 0.211009 0.068535 0.060705
2 0.561317 0.214658 0.068177 0.060258
2 0.559642 0.218817 0.068522 0.060774
2 0.558997 0.220659 0.067618 0.059466
2 0.557428 0.225935 0.066655 0.058198
2 0.557471 0.226859 0.067018 0.058592
2 0.556101 0.230664 0.066874 0.058409
2 0.555405 0.232388 0.066675 0.058232
2 0.553971 0.236164 0.066724 0.058295
2 0.553770 0.237071 0.067418 0.059212
2 0.552808 0.240556 0.067442 0.059186
2 0.552762 0.240711 0.067469 0.059202
2 0.551378 0.245139 0.066651 0.058132
2 0.551378 0.245139 0.066651 0.058132
2 0.551675 0.248335 0.066780 0.058310
2 0.550215 0.251229 0.066452 0.057958
2 0.548981 0.252679 0.066943 0.058584
2 0.548056 0.254686 0.066974 0.058558
2 0.547467 0.256245 0.067012 0.058606
2 0.547362 0.257107 0.066628 0.058151
2 0.546432 0.258371 0.067237 0.058765
2 0.546249 0.259266 0.067000 0.058656
2 0.546162 0.259326 0.067026 0.058707
2 0.546056 0.259528 0.067015 0.058699
2 0.546056 0.259528 0.067015 0.058699
2 0.546056 0.259528 0.067015 0.058699
2 0.546045 0.259217 0.067028 0.058696
2 0.547097 0.259064 0.066838 0.058362
2 0.547141 0.257922 0.067012 0.058550
2 0.548721 0.255991 0.067134 0.058686
2 0.549062 0.255900 0.067096 0.058685
2 0.551058 0.253997 0.067281 0.058920
2 0.552738 0.252313 0.067591 0.059139
2 0.554356 0.251718 0.067319 0.059243
2 0.556756 0.249556 0.067232 0.059158
2 0.558744 0.247582 0.067302 0.059238
2 0.560102 0.246929 0.067303 0.058847
2 0.563092 0.244138 0.067280 0.059040
2 0.565785 0.241732 0.067084 0.058920
2 0.567090 0.241012 0.067363 0.058917
2 0.569960 0.238242 0.067318 0.059092
2 0.571055 0.238022 0.067433 0.059355
2 0.573867 0.235851 0.067239 0.059029
2 0.575719 0.235820 0.067879 0.059893
2 0.577323 0.234691 0.068332 0.060394
2 0.578677 0.234566 0.068824 0.061242
2 0.581039 0.232849 0.068693 0.060976
2 0.583348 0.231427 0.069062 0.061573
2 0.584475 0.231290 0.068706 0.060964
2 0.586484 0.230692 0.068927 0.061330
2 0.588384 0.230760 0.068794 0.061129
2 0.591140 0.229280 0.068965 0.061259
2 0.591820 0.229385 0.068705 0.060951
2 0.593380 0.229255 0.068825 0.061077
2 0.594189 0.229226 0.069361 0.061812
2 0.596584 0.227602 0.068950 0.061239
2 0.598139 0.227591 0.068946 0.061237
2 0.598324 0.227542 0.068930 0.061173
2 0.600094 0.227560 0.069115 0.061426
2 0.603362 0.226144 0.068929 0.061406
2 0.603362 0.226144 0.068929 0.061406
2 0.606013 0.226089 0.068783 0.061212
2 0.606074 0.226136 0.068735 0.061180
2 0.609189 0.225133 0.068720 0.060745
2 0.609735 0.224904 0.068740 0.060831
2 0.611090 0.224944 0.068718 0.060766
2 0.612776 0.224487 0.068725 0.061020
2 0.613194 0.224369 0.068634 0.060960
2 0.614665 0.223920 0.068604 0.060737
2 0.616296 0.223948 0.068625 0.060781
2 0.616358 0.223857 0.068577 0.060702
2 0.618006 0.223560 0.068629 0.060621
2 0.619454 0.222966 0.068425 0.060342
2 0.619684 0.222755 0.068190 0.060109
2 0.621965 0.221706 0.068137 0.059775
2 0.623511 0.221750 0.068220 0.059889
2 0.625058 0.221745 0.068325 0.060116
2 0.625713 0.221331 0.068397 0.060048
2 0.627232 0.221280 0.068040 0.059358
2 0.627232 0.221280 0.068040 0.059358
2 0.628498 0.221645 0.068009 0.059352
2 0.628818 0.221522 0.068153 0.059511
2 0.630656 0.221388 0.068308 0.059776
2 0.630734 0.221504 0.068302 0.059741
2 0.632748 0.221699 0.068486 0.060106
2 0.633893 0.222897 0.068241 0.059751
2 0.634283 0.223664 0.068529 0.060157
2 0.634507 0.225115 0.068319 0.059906
2 0.634925 0.225165 0.068284 0.059823
2 0.635959 0.226471 0.067653 0.059013
2 0.635747 0.227051 0.068159 0.059648
2 0.637163 0.227158 0.068215 0.059696
2 0.637135 0.227470 0.068285 0.059754
2 0.638522 0.227647 0.068141 0.059491
2 0.638514 0.227799 0.068091 0.059446
2 0.638625 0.228782 0.067869 0.059246
2 0.638717 0.230589 0.067905 0.059475
2 0.639746 0.230660 0.068048 0.059639
2 0.640232 0.231811 0.068220 0.059837
2 0.640613 0.232392 0.067919 0.059588
2 0.640626 0.233317 0.067891 0.059225
2 0.641060 0.235053 0.068024 0.059491
2 0.641209 0.235075 0.068089 0.059590
2 0.641254 0.236977 0.068079 0.059716
2 0.641277 0.238864 0.068041 0.059729
2 0.641458 0.238894 0.068066 0.059768
2 0.641629 0.240867 0.068023 0.059746
2 0.641754 0.242133 0.067953 0.059997
2 0.641771 0.243542 0.068000 0.059992
2 0.641745 0.244447 0.067955 0.059836
2 0.641741 0.245387 0.068009 0.059948
2 0.641788 0.247073 0.067864 0.059636
2 0.641214 0.248856 0.067812 0.059515
2 0.641301 0.249787 0.067901 0.060035
2 0.641262 0.249854 0.067853 0.059956
2 0.641101 0.251799 0.067809 0.059979
2 0.641030 0.252074 0.067761 0.059843
2 0.640804 0.254011 0.067698 0.059690
2 0.639942 0.254961 0.067888 0.059811
2 0.639851 0.255534 0.067884 0.059993
2 0.639499 0.257368 0.067843 0.059899
2 0.639404 0.257340 0.067782 0.059807
2 0.638562 0.259303 0.067891 0.059970
2 0.638462 0.259533 0.067853 0.059946
2 0.638247 0.260630 0.067653 0.059227
2 0.637070 0.261612 0.067769 0.059807
2 0.637036 0.262088 0.067642 0.059279
2 0.637058 0.262545 0.067614 0.059173
2 0.636655 0.263162 0.067769 0.059715
2 0.636520 0.263524 0.067743 0.059745
2 0.636517 0.264437 0.067479 0.058987
2 0.636437 0.264443 0.067411 0.058887
2 0.635313 0.264720 0.067585 0.059208
2 0.634788 0.265354 0.067592 0.059544
2 0.634738 0.265420 0.067555 0.059488
2 0.634653 0.265478 0.067408 0.059258
2 0.634546 0.265553 0.067330 0.059107
2 0.633532 0.266528 0.067531 0.059123
2 0.633477 0.267114 0.067566 0.059437
2 0.632636 0.268106 0.067258 0.058666
2 0.632584 0.268099 0.067300 0.058724
2 0.631586 0.269943 0.067233 0.058674
2 0.631649 0.269971 0.067211 0.058634
2 0.630865 0.271443 0.067455 0.059282
2 0.630856 0.271682 0.067347 0.059014
2 0.629587 0.273647 0.067077 0.058565
2 0.629496 0.274188 0.067350 0.058860
2 0.629213 0.275025 0.067489 0.059318
2 0.628887 0.275265 0.067525 0.059381
2 0.627730 0.277257 0.067461 0.059233
2 0.626901 0.278388 0.067615 0.059181
2 0.626262 0.279656 0.067599 0.059140
2 0.626230 0.279827 0.067885 0.059498
2 0.625918 0.280446 0.067897 0.059404
2 0.624846 0.282488 0.068203 0.059944
2 0.624777 0.282523 0.067940 0.059521
2 0.624279 0.283461 0.067782 0.059303
2 0.623170 0.285192 0.067502 0.058915
2 0.622723 0.285708 0.068091 0.059622
2 0.622488 0.287194 0.067654 0.059213
2 0.620926 0.288292 0.067798 0.059126
2 0.620925 0.288384 0.067830 0.059245
2 0.619589 0.290344 0.067962 0.059474
2 0.619289 0.291768 0.067995 0.059464
2 0.619284 0.291750 0.067991 0.059460
2 0.617751 0.293749 0.068098 0.059622
2 0.617729 0.293826 0.068056 0.059558
2 0.616544 0.295324 0.067745 0.059157
2 0.615426 0.296311 0.067588 0.058973
2 0.614716 0.297213 0.067747 0.059193
2 0.614273 0.297234 0.067768 0.059343
2 0.613159 0.298277 0.067812 0.059353
2 0.613135 0.298751 0.067730 0.059464
2 0.611912 0.299232 0.067650 0.059014
2 0.610907 0.300123 0.067650 0.059077
2 0.610131 0.300618 0.067681 0.059407
2 0.609588 0.301150 0.067847 0.059443
2 0.608472 0.302540 0.067681 0.059368
2 0.608467 0.302562 0.067693 0.059389
2 0.607281 0.303152 0.067661 0.059076
2 0.607241 0.303722 0.067818 0.059194
2 0.606189 0.305090 0.067781 0.059409
2 0.606135 0.305148 0.067817 0.059401
2 0.605440 0.306072 0.067764 0.059256
2 0.604626 0.307353 0.068361 0.060092
2 0.604611 0.307480 0.068359 0.060027
2 0.603789 0.308434 0.067718 0.059258
2 0.602728 0.309778 0.068392 0.059863
2 0.602065 0.310564 0.067845 0.059278
2 0.601733 0.310780 0.068186 0.059787
2 0.600927 0.313141 0.068254 0.059684
2 0.600917 0.313231 0.068377 0.059808
2 0.599892 0.314604 0.067957 0.059526
2 0.599302 0.315900 0.068142 0.059524
2 0.598904 0.316655 0.068398 0.060130
2 0.598166 0.318418 0.067586 0.058946
2 0.597608 0.320410 0.067732 0.059119
2 0.596312 0.322267 0.067645 0.059063
2 0.595556 0.324330 0.067863 0.059431
2 0.594952 0.325759 0.067813 0.059191
2 0.594097 0.327599 0.068146 0.059593
2 0.593303 0.329688 0.068164 0.059538
2 0.592399 0.330544 0.068962 0.060901
2 0.591605 0.331557 0.068307 0.059630
2 0.590725 0.332225 0.068500 0.060241
2 0.589925 0.333355 0.068722 0.060114
2 0.589295 0.333754 0.068541 0.060173
2 0.588249 0.334062 0.068260 0.059570
2 0.587779 0.334094 0.068484 0.060075
2 0.586645 0.333464 0.068658 0.060030
2 0.585700 0.332576 0.068861 0.060492
2 0.584890 0.331153 0.069213 0.060873
2 0.584112 0.330098 0.068143 0.059447
2 0.583626 0.327524 0.068750 0.060085
2 0.583124 0.325754 0.068785 0.060379
2 0.582623 0.322860 0.069015 0.060714
2 0.582293 0.320851 0.068857 0.060403
2 0.581969 0.316968 0.068892 0.060479
2 0.581893 0.312351 0.068259 0.059580
2 0.581837 0.310405 0.068305 0.059684
2 0.581829 0.305227 0.068970 0.060662
2 0.581824 0.300344 0.068763 0.060348
2 0.581805 0.297655 0.069374 0.061215
2 0.582158 0.292814 0.068354 0.059705
2 0.582156 0.289820 0.069294 0.060989
2 0.582570 0.284604 0.069009 0.060596
2 0.583189 0.278638 0.069282 0.061010
2 0.583447 0.275639 0.068629 0.060178
2 0.583902 0.269735 0.068606 0.060136
2 0.584793 0.263326 0.068824 0.060528
2 0.585225 0.260299 0.069179 0.060930
2 0.585686 0.254102 0.068623 0.060244
2 0.586826 0.247449 0.068982 0.060528
2 0.587763 0.241231 0.069609 0.061698
2 0.588231 0.237837 0.068533 0.059975
2 0.589085 0.231476 0.069473 0.061485
2 0.590166 0.225673 0.069265 0.060762
2 0.590566 0.222375 0.068180 0.059561
2 0.591715 0.215945 0.068869 0.060157
2 0.592717 0.210163 0.069055 0.060533
2 0.593137 0.207576 0.068470 0.059881
2 0.594196 0.201410 0.068408 0.059987
2 0.594564 0.199037 0.068153 0.059556
2 0.595315 0.193355 0.068092 0.059545
2 0.595716 0.191346 0.068194 0.059665
2 0.596647 0.185855 0.068328 0.059815
2 0.597357 0.181680 0.068072 0.059510
2 0.597520 0.178853 0.069213 0.060722
2 0.598558 0.174592 0.069193 0.061018
2 0.598618 0.172249 0.068452 0.060113
2 0.599521 0.167886 0.068091 0.059668
2 0.599780 0.162962 0.068886 0.060454
2 0.600595 0.158550 0.067666 0.059028
2 0.601303 0.154775 0.067652 0.059025
2 0.601662 0.152212 0.067302 0.058757
2 0.602382 0.148739 0.067938 0.059674
2 0.603194 0.144142 0.067452 0.058874
2 0.604052 0.140007 0.068034 0.059602
2 0.604337 0.138014 0.067942 0.059336
2 0.605242 0.133899 0.068467 0.060112
2 0.605621 0.131900 0.068281 0.059723
2 0.606533 0.128094 0.068587 0.060434
2 0.607529 0.124644 0.067620 0.059040
2 0.607811 0.122293 0.068632 0.060505
2 0.608803 0.118391 0.068385 0.059912
2 0.609994 0.113814 0.068251 0.060041
2 0.610336 0.112355 0.068562 0.060234
2 0.611563 0.107791 0.068023 0.059721
2 0.612830 0.103849 0.068223 0.060241
2 0.613846 0.099939 0.067653 0.059263
2 0.614654 0.097930 0.067800 0.059450
2 0.616166 0.094044 0.067862 0.059633
2 0.617372 0.089942 0.067481 0.059327
2 0.618035 0.088000 0.067204 0.058626
2 0.619531 0.083984 0.067187 0.058594
