2 0.460114 0.538163 0.078213 0.079376
2 0.460277 0.536803 0.077829 0.078898
2 0.460515 0.532955 0.077510 0.078615
2 0.460951 0.529345 0.076974 0.078030
2 0.461298 0.525795 0.077228 0.078159
2 0.461488 0.523952 0.077479 0.078460
2 0.461998 0.520616 0.077627 0.078714
2 0.462440 0.516806 0.077330 0.078459
2 0.462380 0.515380 0.077018 0.078068
2 0.463015 0.511440 0.077540 0.078480
2 0.462951 0.510010 0.077222 0.078137
2 0.463395 0.506073 0.077222 0.078143
2 0.463305 0.504554 0.077608 0.078602
2 0.463735 0.501088 0.077566 0.078739
2 0.463635 0.499175 0.077637 0.078784
2 0.463777 0.495568 0.077256 0.078364
2 0.463875 0.493942 0.076911 0.077972
2 0.464006 0.490477 0.076650 0.077678
2 0.464219 0.488682 0.076795 0.077748
2 0.464186 0.484805 0.076755 0.077744
2 0.464202 0.481291 0.077224 0.078278
2 0.464409 0.479476 0.077449 0.078451
2 0.464512 0.476138 0.077272 0.078211
2 0.464601 0.474419 0.077166 0.078060
2 0.464483 0.470894 0.076887 0.077755
2 0.464651 0.467089 0.076944 0.077817
2 0.464585 0.465462 0.077097 0.078015
2 0.464603 0.461807 0.077430 0.078393
2 0.464710 0.459856 0.077501 0.078488
2 0.464719 0.456591 0.077373 0.078281
2 0.464674 0.453255 0.076941 0.077781
2 0.464526 0.451315 0.076843 0.077657
2 0.464547 0.448123 0.077422 0.078376
2 0.464451 0.446634 0.077412 0.078338
2 0.464465 0.444840 0.077297 0.078196
2 0.464400 0.442202 0.077306 0.078258
2 0.464251 0.438760 0.077443 0.078425
2 0.464005 0.437420 0.076864 0.077818
2 0.463972 0.434474 0.077201 0.078255
2 0.463923 0.433207 0.077069 0.078065
2 0.463719 0.430648 0.077252 0.078263
2 0.463640 0.429335 0.077194 0.078153
2 0.463602 0.426771 0.077445 0.078472
2 0.463072 0.424302 0.077229 0.078114
2 0.463059 0.423350 0.077531 0.078455
2 0.462975 0.420885 0.077630 0.078596
2 0.462441 0.417945 0.076883 0.077866
2 0.462174 0.415146 0.077527 0.078618
2 0.462052 0.415085 0.077593 0.078656
2 0.461992 0.412981 0.077577 0.078631
2 0.461548 0.410695 0.077344 0.078264
2 0.461339 0.410475 0.077041 0.077885
2 0.460761 0.408668 0.076975 0.077968
2 0.460765 0.407632 0.077419 0.078473
2 0.460636 0.405755 0.077387 0.078377
2 0.460400 0.404228 0.077069 0.077900
2 0.460230 0.403397 0.077718 0.078630
2 0.459700 0.401561 0.077505 0.078414
2 0.459673 0.401066 0.077185 0.078061
2 0.459332 0.399280 0.077196 0.078253
2 0.459287 0.398465 0.076720 0.077653
2 0.458895 0.397022 0.077028 0.077945
2 0.458880 0.396440 0.076929 0.077768
2 0.458550 0.394534 0.077088 0.077868
2 0.458398 0.392929 0.077055 0.077859
2 0.458298 0.392759 0.076923 0.077693
2 0.457953 0.390816 0.076703 0.077580
2 0.457903 0.388939 0.076698 0.077615
2 0.457881 0.388411 0.076955 0.077903
2 0.457526 0.386460 0.076993 0.077945
2 0.457534 0.385961 0.077268 0.078299
2 0.457479 0.384502 0.077028 0.077962
2 0.457434 0.383521 0.077171 0.078158
2 0.456938 0.381591 0.077466 0.078358
2 0.457000 0.381136 0.077063 0.077851
2 0.456895 0.379239 0.077094 0.077907
2 0.456815 0.378645 0.077318 0.078152
2 0.456726 0.377149 0.077014 0.077811
2 0.456741 0.375374 0.077068 0.077902
2 0.456589 0.374577 0.077297 0.078188
2 0.456215 0.373267 0.076753 0.077678
2 0.456095 0.372880 0.077006 0.077971
2 0.456060 0.370999 0.076927 0.077857
2 0.455623 0.369543 0.077098 0.077921
2 0.455740 0.369254 0.076881 0.077771
2 0.455292 0.367294 0.077004 0.077818
2 0.455342 0.366783 0.077470 0.078355
2 0.455243 0.365846 0.077389 0.078304
2 0.454883 0.364838 0.077226 0.078209
2 0.454801 0.364246 0.077349 0.078407
2 0.454751 0.362866 0.077193 0.078227
2 0.454371 0.361546 0.076871 0.077823
2 0.453900 0.361074 0.077345 0.078201
2 0.453941 0.359991 0.077322 0.078195
2 0.453344 0.358685 0.077288 0.078259
2 0.453304 0.358278 0.077187 0.078172
2 0.453054 0.358109 0.077001 0.078032
2 0.452422 0.356394 0.077508 0.078440
2 0.452408 0.355642 0.076874 0.077648
2 0.451992 0.354935 0.077202 0.078081
2 0.451792 0.354999 0.076979 0.077919
2 0.451118 0.353707 0.076647 0.077491
2 0.450634 0.352847 0.077298 0.078171
2 0.450532 0.352373 0.077201 0.078088
2 0.449736 0.351727 0.076611 0.077502
2 0.449230 0.351023 0.077275 0.078119
2 0.448444 0.350245 0.076829 0.077867
2 0.447821 0.349730 0.076661 0.077459
2 0.447637 0.348874 0.077382 0.078287
2 0.446453 0.347788 0.076571 0.077465
2 0.445908 0.347814 0.076686 0.077489
2 0.445264 0.347171 0.076962 0.078034
2 0.444792 0.346576 0.077223 0.078238
2 0.444201 0.345819 0.076602 0.077390
2 0.443586 0.345279 0.076880 0.077937
2 0.442663 0.344699 0.077201 0.078122
2 0.442398 0.344683 0.077074 0.078076
2 0.441562 0.344403 0.077024 0.077834
2 0.441086 0.344097 0.076622 0.077342
2 0.440247 0.343688 0.076620 0.077496
2 0.439778 0.343566 0.076981 0.077661
2 0.438790 0.343271 0.076953 0.077941
2 0.438197 0.343072 0.077369 0.078172
2 0.437449 0.342499 0.077014 0.078131
2 0.437052 0.342479 0.077162 0.078156
2 0.436131 0.341921 0.076571 0.077474
2 0.434880 0.341585 0.077107 0.077870
2 0.434317 0.341086 0.076787 0.077301
2 0.433771 0.340947 0.076569 0.076557
2 0.432922 0.340848 0.076600 0.076959
2 0.432225 0.340569 0.076427 0.076434
2 0.431197 0.340020 0.075980 0.076256
2 0.430059 0.339771 0.076168 0.076121
2 0.429364 0.339567 0.076491 0.076763
2 0.428588 0.339564 0.076458 0.076404
2 0.427882 0.339380 0.076809 0.077252
2 0.426663 0.339279 0.076944 0.077415
2 0.426255 0.339189 0.077009 0.077496
2 0.425420 0.339104 0.077213 0.077496
2 0.425115 0.338896 0.077099 0.077583
2 0.424237 0.338830 0.077097 0.077265
2 0.423837 0.338724 0.076902 0.077121
2 0.423272 0.338096 0.075977 0.076234
2 0.422827 0.337850 0.076234 0.076243
2 0.422276 0.337706 0.076492 0.076576
2 0.422161 0.337165 0.076867 0.077182
2 0.421831 0.336263 0.076094 0.076437
2 0.421892 0.336019 0.076031 0.076364
2 0.421818 0.335324 0.076653 0.077152
2 0.421839 0.335302 0.076682 0.077197
2 0.421941 0.334434 0.076250 0.076632
2 0.422067 0.333480 0.076626 0.077032
2 0.422443 0.332400 0.076426 0.076583
2 0.422964 0.332013 0.076197 0.076433
2 0.423611 0.330906 0.076805 0.077251
2 0.424356 0.330147 0.076353 0.076466
2 0.424849 0.329230 0.076778 0.077292
2 0.425860 0.327936 0.076429 0.076567
2 0.426457 0.327639 0.076722 0.077257
2 0.428519 0.325587 0.076923 0.077243
2 0.429416 0.325461 0.076887 0.077410
2 0.430964 0.324033 0.076222 0.076554
2 0.432105 0.323482 0.076950 0.077169
2 0.434055 0.322353 0.076035 0.076267
2 0.435048 0.321449 0.076966 0.077170
2 0.436957 0.320517 0.076077 0.076203
2 0.439447 0.318945 0.076532 0.076745
2 0.440650 0.318575 0.075920 0.076104
2 0.443123 0.317262 0.076686 0.076798
2 0.444524 0.316326 0.076088 0.075973
2 0.447140 0.315088 0.076348 0.076494
2 0.448577 0.314499 0.075800 0.075817
2 0.451639 0.312885 0.075796 0.075862
2 0.454431 0.311577 0.076429 0.076655
2 0.457615 0.309614 0.076361 0.076573
2 0.460443 0.308293 0.076046 0.076074
2 0.462256 0.306966 0.075776 0.075839
2 0.465155 0.305469 0.076354 0.076538
2 0.466754 0.304328 0.076051 0.076211
2 0.469795 0.302706 0.075663 0.075621
2 0.472739 0.300598 0.075943 0.075957
2 0.474057 0.299634 0.076507 0.076654
2 0.476715 0.297276 0.075889 0.076198
2 0.478203 0.296551 0.076080 0.076497
2 0.480566 0.294224 0.076539 0.076716
2 0.483256 0.292343 0.076615 0.076858
2 0.484516 0.291266 0.075566 0.075828
2 0.485826 0.289931 0.076627 0.077199
2 0.487705 0.288103 0.076725 0.077181
2 0.488875 0.287031 0.075661 0.075980
2 0.490573 0.285322 0.075569 0.075898
2 0.491684 0.284126 0.076749 0.077111
2 0.493254 0.282225 0.076691 0.077061
2 0.494191 0.281051 0.075898 0.075998
2 0.496247 0.278359 0.076725 0.077015
2 0.497356 0.276212 0.076633 0.076905
2 0.498234 0.274754 0.076569 0.077046
2 0.499112 0.272685 0.076752 0.076970
2 0.499475 0.271684 0.075559 0.075636
2 0.500141 0.270052 0.075842 0.076145
2 0.500582 0.269374 0.075725 0.075797
2 0.501133 0.267411 0.075676 0.075886
2 0.501368 0.266299 0.076003 0.076378
2 0.501692 0.264442 0.076222 0.076555
2 0.501856 0.263842 0.075453 0.075520
2 0.502037 0.261885 0.075510 0.075477
2 0.502389 0.260138 0.075519 0.075459
2 0.502343 0.259438 0.075821 0.075823
2 0.502339 0.258431 0.075926 0.075954
2 0.502233 0.256520 0.075911 0.075940
2 0.502156 0.255668 0.075515 0.075484
2 0.501854 0.254224 0.075324 0.075394
2 0.501756 0.253228 0.076116 0.076500
2 0.501404 0.251649 0.075478 0.075831
2 0.501098 0.250069 0.075162 0.075186
2 0.500337 0.248514 0.075432 0.075470
2 0.499987 0.248037 0.075027 0.075239
2 0.499183 0.246520 0.075342 0.075259
2 0.498208 0.245309 0.076191 0.076626
2 0.497897 0.244754 0.075430 0.075562
2 0.496855 0.243539 0.075758 0.076208
2 0.496421 0.242969 0.075796 0.076060
2 0.495230 0.241809 0.075320 0.075650
2 0.494591 0.241542 0.076513 0.076726
2 0.493396 0.240167 0.075204 0.075315
2 0.492544 0.240036 0.075599 0.075671
2 0.491083 0.238895 0.076024 0.076155
2 0.489934 0.238166 0.075447 0.075410
2 0.489161 0.237973 0.075549 0.075889
2 0.487656 0.237238 0.076490 0.076999
2 0.486094 0.236437 0.074826 0.075501
2 0.485330 0.235844 0.075858 0.076502
2 0.483806 0.235264 0.076307 0.077032
2 0.482824 0.235241 0.075850 0.076751
2 0.481292 0.234329 0.074854 0.075549
2 0.480230 0.234152 0.075385 0.075977
2 0.478511 0.233525 0.076400 0.077234
2 0.477744 0.232743 0.075340 0.075902
2 0.476099 0.232170 0.075564 0.076131
2 0.475114 0.231834 0.075965 0.076832
2 0.473378 0.231214 0.076005 0.076875
2 0.471620 0.230520 0.075026 0.075571
2 0.470681 0.229907 0.075692 0.076354
2 0.469027 0.229342 0.075962 0.076688
2 0.467062 0.228613 0.074761 0.075273
2 0.465132 0.227546 0.076332 0.076974
2 0.464185 0.227581 0.076088 0.076914
2 0.462333 0.226994 0.075158 0.075756
2 0.461055 0.226357 0.075006 0.075590
2 0.459155 0.225436 0.076135 0.076939
2 0.458065 0.224902 0.075094 0.075607
2 0.456196 0.224475 0.074881 0.075440
2 0.455186 0.224353 0.075417 0.075895
2 0.453114 0.223150 0.075588 0.076319
2 0.451107 0.222751 0.075117 0.075584
2 0.448850 0.222115 0.076037 0.076739
2 0.446685 0.221284 0.075821 0.076584
2 0.445477 0.221054 0.075255 0.075866
2 0.443450 0.220528 0.075197 0.075765
2 0.441094 0.220162 0.076090 0.076798
2 0.439012 0.219626 0.076409 0.077335
2 0.437813 0.219225 0.075839 0.076537
2 0.435588 0.218684 0.075308 0.075882
2 0.434515 0.218524 0.075510 0.076195
2 0.432274 0.217568 0.076295 0.077030
2 0.431147 0.217067 0.075310 0.075963
2 0.428756 0.216065 0.076213 0.076925
2 0.427728 0.215584 0.075968 0.076689
2 0.425401 0.214459 0.075726 0.076287
2 0.424434 0.213561 0.075923 0.076487
2 0.422081 0.212088 0.076034 0.076709
2 0.420852 0.211431 0.075501 0.075896
2 0.418321 0.209367 0.075337 0.075610
2 0.417126 0.208671 0.075223 0.075527
2 0.414178 0.206780 0.075246 0.075441
2 0.411307 0.204555 0.075903 0.076226
2 0.409789 0.203490 0.075517 0.075715
2 0.407182 0.201589 0.075408 0.075554
2 0.405693 0.200359 0.076073 0.076303
2 0.402827 0.198101 0.076077 0.076318
2 0.401319 0.196865 0.075543 0.075651
2 0.398139 0.194528 0.075896 0.076053
2 0.395018 0.192279 0.076029 0.076182
2 0.393271 0.191245 0.075163 0.074915
2 0.389950 0.189292 0.075159 0.074767
2 0.388127 0.188058 0.075562 0.075272
2 0.384468 0.186410 0.075910 0.075786
2 0.380830 0.184474 0.075809 0.075515
2 0.378830 0.183559 0.074828 0.074204
2 0.374833 0.182026 0.075119 0.074766
2 0.372805 0.181075 0.075460 0.075075
2 0.368680 0.179549 0.074899 0.074362
2 0.366766 0.178749 0.075856 0.075380
2 0.362558 0.177383 0.075575 0.074969
2 0.360488 0.176781 0.076408 0.075952
2 0.356269 0.175437 0.076068 0.075402
2 0.354276 0.174946 0.076585 0.076166
2 0.350072 0.173957 0.076072 0.075394
2 0.346160 0.172912 0.077130 0.076502
2 0.344193 0.172432 0.076504 0.075704
2 0.342298 0.172033 0.075993 0.075070
2 0.337002 0.170566 0.076551 0.075681
2 0.333803 0.169792 0.076427 0.075320
2 0.332230 0.169289 0.077086 0.076014
2 0.329344 0.168463 0.076465 0.075261
2 0.326695 0.167798 0.075911 0.074426
2 0.325480 0.167724 0.076507 0.074981
2 0.323206 0.167169 0.077009 0.075630
2 0.321314 0.166955 0.077921 0.076430
2 0.319741 0.166543 0.077163 0.075315
2 0.318492 0.166381 0.076792 0.075014
2 0.317945 0.166291 0.077124 0.074862
2 0.317032 0.166343 0.076794 0.074752
2 0.316791 0.166825 0.077066 0.074916
2 0.316398 0.167166 0.077544 0.075457
2 0.316406 0.167969 0.076563 0.074219
