2 0.441585 0.271750 0.052856 0.054152
2 0.440758 0.272326 0.052150 0.053108
2 0.438791 0.273882 0.052974 0.054418
2 0.436700 0.275683 0.052723 0.053915
2 0.435562 0.276145 0.053141 0.054665
2 0.433545 0.277490 0.052503 0.053671
2 0.431517 0.279299 0.051487 0.052353
2 0.430407 0.279732 0.052827 0.054089
2 0.428245 0.281581 0.052305 0.053352
2 0.426913 0.282102 0.051970 0.052946
2 0.424655 0.283797 0.053235 0.054839
2 0.423516 0.284317 0.051726 0.052794
2 0.421069 0.286163 0.052220 0.053376
2 0.419932 0.286695 0.051488 0.052588
2 0.417375 0.288367 0.051402 0.052400
2 0.414939 0.289900 0.052763 0.053955
2 0.413717 0.290890 0.051733 0.052810
2 0.410978 0.292382 0.051310 0.052235
2 0.408271 0.293953 0.051677 0.052549
2 0.407110 0.294907 0.051834 0.052675
2 0.404501 0.296288 0.051256 0.052172
2 0.403125 0.297164 0.052414 0.053524
2 0.400424 0.298541 0.051755 0.052757
2 0.399065 0.299356 0.052844 0.053968
2 0.396320 0.300825 0.052599 0.053718
2 0.394900 0.301793 0.052877 0.054214
2 0.392009 0.303353 0.053301 0.054764
2 0.390587 0.303921 0.051920 0.053016
2 0.387751 0.305749 0.051697 0.052546
2 0.386261 0.306423 0.051648 0.052596
2 0.383137 0.307845 0.051366 0.052210
2 0.380218 0.309281 0.052516 0.053595
2 0.377365 0.310917 0.052931 0.054109
2 0.375638 0.311582 0.052168 0.053189
2 0.372516 0.313161 0.052787 0.053961
2 0.369408 0.314317 0.051749 0.052583
2 0.368130 0.314917 0.053435 0.054812
2 0.365181 0.316095 0.052053 0.053145
2 0.363560 0.316950 0.053512 0.054942
2 0.360514 0.318423 0.052558 0.053715
2 0.357480 0.319417 0.052505 0.053757
2 0.354583 0.320622 0.052623 0.053860
2 0.353586 0.320971 0.052081 0.053034
2 0.350641 0.321647 0.051714 0.052597
2 0.348132 0.322845 0.052940 0.054264
2 0.346680 0.323283 0.052429 0.053677
2 0.344471 0.324707 0.053066 0.054197
2 0.343477 0.325057 0.053127 0.054521
2 0.340887 0.325634 0.051363 0.052191
2 0.338906 0.326692 0.053113 0.054500
2 0.337015 0.327307 0.052612 0.053758
2 0.335133 0.327795 0.052086 0.052912
2 0.334303 0.327758 0.051891 0.052906
2 0.332862 0.328503 0.052769 0.053927
2 0.332333 0.328523 0.053624 0.054959
2 0.330991 0.328847 0.053633 0.055113
2 0.329749 0.329320 0.052353 0.053467
2 0.329511 0.329429 0.052630 0.053895
2 0.328550 0.329738 0.051720 0.052545
2 0.328372 0.329755 0.051753 0.052616
2 0.327650 0.329759 0.052899 0.054028
2 0.327356 0.329715 0.052751 0.053682
2 0.327397 0.329646 0.052731 0.053662
2 0.327262 0.329700 0.052580 0.053467
2 0.327254 0.329605 0.052630 0.053549
2 0.327279 0.329606 0.052714 0.053665
2 0.327615 0.329477 0.053028 0.054199
2 0.328146 0.329334 0.052495 0.053690
2 0.328422 0.328538 0.052622 0.053694
2 0.329104 0.328487 0.053712 0.055004
2 0.329703 0.328253 0.052645 0.053810
2 0.330580 0.328123 0.053266 0.054350
2 0.331133 0.326815 0.053567 0.055050
2 0.331572 0.326924 0.052767 0.053888
2 0.333249 0.325966 0.052094 0.052994
2 0.334087 0.325847 0.052838 0.054085
2 0.335669 0.324901 0.053918 0.055447
2 0.336272 0.324729 0.052804 0.053956
2 0.337749 0.323754 0.051773 0.052680
2 0.339808 0.322707 0.053637 0.054855
2 0.340586 0.322089 0.052453 0.053539
2 0.342261 0.321812 0.052220 0.053259
2 0.343445 0.320797 0.053943 0.055437
2 0.345397 0.320283 0.052451 0.053535
2 0.347489 0.319154 0.053900 0.055177
2 0.348502 0.318833 0.053477 0.054871
2 0.350003 0.318101 0.052315 0.053425
2 0.352003 0.317244 0.052903 0.054050
2 0.353178 0.316569 0.052759 0.053955
2 0.355412 0.315578 0.053050 0.054157
2 0.356837 0.314644 0.052936 0.054010
2 0.358874 0.313491 0.053558 0.054911
2 0.361548 0.311962 0.052313 0.053278
2 0.364344 0.311061 0.052614 0.053717
2 0.365460 0.310094 0.052315 0.053569
2 0.368031 0.309421 0.053349 0.054518
2 0.369150 0.308483 0.051552 0.052441
2 0.372096 0.306834 0.051675 0.052521
2 0.373425 0.306543 0.051740 0.052741
2 0.376424 0.305361 0.052933 0.054306
2 0.377851 0.304916 0.052859 0.054182
2 0.380952 0.303263 0.053064 0.054401
2 0.382028 0.302761 0.052297 0.053188
2 0.385554 0.301277 0.053221 0.054584
2 0.388086 0.299963 0.052080 0.053042
2 0.390077 0.299422 0.053313 0.054643
2 0.393124 0.298021 0.052726 0.053856
2 0.396297 0.296509 0.052339 0.053405
2 0.398015 0.296080 0.052711 0.053981
2 0.401368 0.294375 0.052016 0.053196
2 0.402790 0.293828 0.053075 0.054459
2 0.406716 0.292949 0.051462 0.052326
2 0.408013 0.291958 0.051760 0.052674
2 0.411969 0.290902 0.051941 0.052969
2 0.415466 0.288932 0.051705 0.052777
2 0.416983 0.288918 0.051561 0.052594
2 0.421199 0.287072 0.052021 0.052896
2 0.422977 0.286540 0.051834 0.052808
2 0.426730 0.285546 0.051945 0.052831
2 0.428804 0.284826 0.051969 0.053039
2 0.432681 0.282999 0.051298 0.052202
2 0.436773 0.281654 0.052613 0.053549
2 0.438569 0.280690 0.051431 0.052291
2 0.443059 0.279369 0.052161 0.053167
2 0.445053 0.278795 0.050804 0.051639
2 0.447040 0.278070 0.051815 0.052895
2 0.451309 0.276393 0.051076 0.051931
2 0.455480 0.274915 0.051706 0.052916
2 0.457588 0.274150 0.051964 0.053067
2 0.461764 0.272371 0.052212 0.053192
2 0.463785 0.271889 0.051747 0.052763
2 0.468038 0.269956 0.052320 0.053283
2 0.469712 0.269164 0.051507 0.052571
2 0.474232 0.267149 0.051963 0.053200
2 0.477685 0.265571 0.050835 0.051667
2 0.479640 0.264561 0.051182 0.052089
2 0.483031 0.262878 0.051903 0.053364
2 0.486933 0.260971 0.051226 0.052159
2 0.488165 0.260053 0.052242 0.053288
2 0.491870 0.258451 0.051827 0.052886
2 0.493357 0.257819 0.051229 0.052069
2 0.496604 0.256199 0.051723 0.052693
2 0.497907 0.255146 0.051368 0.052298
2 0.500777 0.253873 0.052282 0.053465
2 0.502174 0.253131 0.052309 0.053700
2 0.504785 0.252075 0.052314 0.053761
2 0.505987 0.251106 0.050790 0.051684
2 0.508075 0.249981 0.052576 0.054239
2 0.510157 0.249031 0.052466 0.053639
2 0.511006 0.248534 0.052460 0.053747
2 0.512635 0.247471 0.052088 0.053655
2 0.513398 0.247028 0.051928 0.052909
2 0.515051 0.246054 0.051524 0.052615
2 0.515439 0.245742 0.051104 0.052288
2 0.516766 0.245049 0.051216 0.052059
2 0.517082 0.244461 0.051360 0.052295
2 0.518185 0.243377 0.051355 0.052399
2 0.518866 0.242449 0.051588 0.052693
2 0.519202 0.242407 0.052290 0.053638
2 0.519559 0.241960 0.052728 0.054069
2 0.519702 0.241580 0.052460 0.053655
2 0.519928 0.240619 0.051964 0.052813
2 0.519968 0.240128 0.051689 0.052638
2 0.520085 0.239388 0.051368 0.052252
2 0.520145 0.239046 0.051270 0.052087
2 0.520286 0.237655 0.051328 0.052800
2 0.520161 0.237495 0.050849 0.051937
2 0.520193 0.236456 0.050873 0.051832
2 0.519797 0.235747 0.051434 0.052592
2 0.519863 0.235122 0.052721 0.053893
2 0.519546 0.234133 0.052144 0.053309
2 0.519411 0.232885 0.052755 0.053628
2 0.518945 0.231765 0.051148 0.052285
2 0.518572 0.230506 0.051322 0.052410
2 0.518229 0.229369 0.052568 0.053631
2 0.517906 0.228673 0.052492 0.053491
2 0.517272 0.227580 0.050835 0.051633
2 0.517188 0.227124 0.052225 0.053429
2 0.516735 0.225489 0.052480 0.053608
2 0.515792 0.223833 0.051255 0.052288
2 0.515590 0.223269 0.052728 0.054068
2 0.514754 0.221580 0.052982 0.053835
2 0.514262 0.220441 0.051370 0.052467
2 0.513320 0.219029 0.051682 0.052699
2 0.512607 0.217384 0.050842 0.052156
2 0.512125 0.216725 0.050997 0.052336
2 0.511700 0.214607 0.050749 0.051542
2 0.510428 0.212646 0.050767 0.051805
2 0.509097 0.210046 0.050660 0.051898
2 0.508340 0.208575 0.050730 0.051766
2 0.507108 0.205895 0.051986 0.053010
2 0.506344 0.204330 0.049471 0.050376
2 0.505081 0.201042 0.049745 0.050628
2 0.503846 0.197657 0.051946 0.053071
2 0.503026 0.195936 0.051455 0.053199
2 0.502001 0.192180 0.051196 0.052416
2 0.501330 0.190248 0.051639 0.053469
2 0.499802 0.186721 0.050459 0.052096
2 0.499126 0.184858 0.050812 0.051851
2 0.497496 0.180953 0.050453 0.051416
2 0.495372 0.177505 0.049568 0.050827
2 0.494532 0.175562 0.051091 0.052081
2 0.493070 0.172169 0.052084 0.053322
2 0.491948 0.170256 0.051291 0.052945
2 0.490423 0.166840 0.051016 0.052716
2 0.489705 0.165435 0.050326 0.051247
2 0.487658 0.162688 0.050484 0.051792
2 0.486725 0.160995 0.051603 0.052810
2 0.484916 0.158339 0.050423 0.051392
2 0.483760 0.156903 0.051926 0.053301
2 0.481778 0.155003 0.051005 0.052124
2 0.480538 0.153628 0.050680 0.051684
2 0.478686 0.151808 0.049811 0.050630
2 0.477526 0.150861 0.051950 0.053326
2 0.475387 0.149426 0.050222 0.051185
2 0.473196 0.147956 0.049504 0.050802
2 0.471977 0.147479 0.049788 0.050924
2 0.469686 0.146705 0.051262 0.052519
2 0.467377 0.146014 0.048845 0.049678
2 0.466266 0.145661 0.050708 0.051727
2 0.463826 0.145687 0.050106 0.051543
2 0.461410 0.145751 0.049815 0.050660
2 0.460211 0.145773 0.050922 0.051978
2 0.457511 0.146207 0.049677 0.050978
2 0.456325 0.146393 0.049226 0.050302
2 0.453590 0.147217 0.051048 0.052173
2 0.452345 0.147872 0.050582 0.051506
2 0.449517 0.149269 0.051812 0.053277
2 0.446825 0.150759 0.050936 0.052504
2 0.445439 0.151399 0.050231 0.051532
2 0.442612 0.153329 0.050605 0.051685
2 0.441068 0.154081 0.049359 0.050190
2 0.438366 0.156157 0.050817 0.051912
2 0.435208 0.158492 0.051811 0.053131
2 0.433777 0.159833 0.050228 0.051286
2 0.430756 0.162273 0.051679 0.053148
2 0.429055 0.163663 0.050603 0.051719
2 0.425955 0.166762 0.052258 0.053679
2 0.422873 0.169447 0.050348 0.051464
2 0.421391 0.170918 0.051730 0.053058
2 0.418369 0.173848 0.051337 0.052743
2 0.416837 0.175745 0.051763 0.053249
2 0.413867 0.178971 0.051501 0.053042
2 0.412414 0.180990 0.051430 0.052952
2 0.409379 0.184257 0.052179 0.053808
2 0.408099 0.186065 0.051875 0.053151
2 0.405638 0.189528 0.052447 0.053665
2 0.404809 0.191165 0.050991 0.052163
2 0.402050 0.195017 0.051336 0.052443
2 0.401052 0.197371 0.052601 0.054027
2 0.398877 0.201087 0.051112 0.052178
2 0.396873 0.204912 0.051169 0.052529
2 0.396124 0.207029 0.052097 0.053220
2 0.394526 0.211029 0.052292 0.053462
2 0.393753 0.213068 0.051745 0.053221
2 0.392365 0.217186 0.051884 0.053239
2 0.391749 0.219314 0.052671 0.054119
2 0.390997 0.223289 0.051779 0.052988
2 0.390304 0.227199 0.052457 0.053966
2 0.390134 0.229156 0.052540 0.053914
2 0.389705 0.232707 0.051601 0.052652
2 0.389645 0.234606 0.051283 0.052360
2 0.389550 0.237933 0.049856 0.050643
2 0.389367 0.241223 0.050893 0.051902
2 0.389465 0.243137 0.051276 0.052347
2 0.389563 0.246514 0.051874 0.053017
2 0.390036 0.249778 0.050876 0.051766
2 0.390132 0.251287 0.051359 0.052510
2 0.390517 0.254280 0.052224 0.053825
2 0.390897 0.255902 0.050692 0.051760
2 0.391348 0.258753 0.052479 0.053667
2 0.391747 0.260682 0.052633 0.054050
2 0.392112 0.262169 0.052245 0.053843
2 0.392748 0.265226 0.050996 0.052081
2 0.393454 0.268002 0.052548 0.054158
2 0.394068 0.270094 0.052028 0.053339
2 0.394952 0.274459 0.052299 0.053808
2 0.395626 0.277149 0.050536 0.051575
2 0.396291 0.279989 0.053340 0.054811
2 0.396496 0.281608 0.052624 0.054237
2 0.397255 0.284410 0.050723 0.051735
2 0.397423 0.286315 0.052697 0.054054
2 0.397623 0.289111 0.052762 0.054048
2 0.398014 0.292394 0.052087 0.053439
2 0.398360 0.293685 0.053259 0.055149
2 0.398703 0.297058 0.052254 0.053638
2 0.398522 0.298899 0.049719 0.050745
2 0.398747 0.302106 0.049767 0.050919
2 0.398596 0.305591 0.050188 0.051108
2 0.398875 0.309202 0.050119 0.050946
2 0.398882 0.310786 0.049844 0.050738
2 0.399219 0.314029 0.048452 0.049252
2 0.399062 0.315835 0.049077 0.050029
2 0.399321 0.319408 0.050157 0.051267
2 0.399095 0.321320 0.050569 0.051510
2 0.398992 0.324271 0.049702 0.050552
2 0.398935 0.325707 0.049485 0.050491
2 0.398721 0.327978 0.049724 0.050827
2 0.398787 0.329232 0.050036 0.050971
2 0.398688 0.331236 0.050217 0.051210
2 0.398685 0.333172 0.050273 0.051197
2 0.398408 0.335024 0.050789 0.051661
2 0.398388 0.336353 0.050862 0.051764
2 0.398128 0.337372 0.050288 0.051239
2 0.398350 0.338113 0.050710 0.051606
2 0.398271 0.338057 0.051009 0.052000
2 0.398146 0.338207 0.051583 0.052794
2 0.398137 0.338024 0.051582 0.052932
2 0.397606 0.337453 0.051153 0.052354
2 0.398188 0.336995 0.051811 0.053194
2 0.398338 0.336595 0.051470 0.052596
2 0.398486 0.335321 0.049898 0.050699
2 0.398480 0.335203 0.050957 0.051913
2 0.398661 0.334406 0.051145 0.052045
2 0.398622 0.333945 0.050343 0.051213
2 0.398579 0.333392 0.050456 0.051253
2 0.398646 0.333498 0.050220 0.051143
2 0.398981 0.333702 0.049440 0.050230
2 0.399043 0.333897 0.049766 0.050611
2 0.399263 0.334019 0.050404 0.051538
2 0.399249 0.334774 0.051302 0.052511
2 0.399474 0.335108 0.051087 0.052388
2 0.399658 0.336334 0.051135 0.052354
2 0.399777 0.337169 0.050618 0.051642
2 0.399926 0.338931 0.050984 0.051987
2 0.400000 0.339844 0.050000 0.050781
