2 0.652202 0.381712 0.028171 0.025070
2 0.649654 0.382846 0.035656 0.032483
2 0.646859 0.384355 0.038337 0.034726
2 0.643410 0.385888 0.034646 0.032283
2 0.639443 0.387251 0.030069 0.026957
2 0.635653 0.388686 0.036225 0.032645
2 0.631396 0.390639 0.040517 0.036556
2 0.628739 0.391217 0.028602 0.026042
2 0.623830 0.393090 0.027923 0.025790
2 0.618909 0.395193 0.029745 0.026729
2 0.616161 0.395832 0.034315 0.033862
2 0.611110 0.398277 0.040425 0.035990
2 0.607966 0.399409 0.031107 0.028482
2 0.601862 0.401763 0.034451 0.031147
2 0.598643 0.402915 0.032045 0.028681
2 0.592296 0.405554 0.041033 0.040064
2 0.588758 0.406412 0.035593 0.032192
2 0.581590 0.409149 0.030946 0.028774
2 0.578460 0.410382 0.041267 0.037761
2 0.570698 0.413093 0.031096 0.028351
2 0.563068 0.415749 0.037679 0.036623
2 0.559191 0.417225 0.037288 0.034795
2 0.550903 0.419930 0.035026 0.033178
2 0.542555 0.422566 0.030376 0.028244
2 0.534153 0.425955 0.034988 0.031446
2 0.529950 0.427233 0.037713 0.035348
2 0.520437 0.430389 0.029284 0.026677
2 0.515976 0.431987 0.029700 0.028355
2 0.506839 0.435138 0.036374 0.036565
2 0.497254 0.438363 0.029528 0.028488
2 0.492341 0.440377 0.029770 0.027783
2 0.482857 0.443531 0.034383 0.030617
2 0.472588 0.446623 0.035124 0.034795
2 0.467567 0.448576 0.035240 0.034706
2 0.457389 0.452508 0.033978 0.032118
2 0.451915 0.454072 0.029843 0.028970
2 0.441812 0.457857 0.031107 0.027903
2 0.436557 0.459390 0.029111 0.027540
2 0.426366 0.463222 0.033320 0.029701
2 0.416211 0.466430 0.035990 0.035863
2 0.411416 0.467957 0.031629 0.030083
2 0.401606 0.471917 0.034195 0.032112
2 0.391902 0.475318 0.034156 0.031795
2 0.382752 0.478059 0.036505 0.032392
2 0.373554 0.481409 0.029960 0.027186
2 0.369093 0.482677 0.030696 0.028544
2 0.360624 0.485705 0.032965 0.030004
2 0.356352 0.486972 0.028952 0.025919
2 0.348500 0.489493 0.029863 0.026500
2 0.344738 0.490517 0.031015 0.028263
2 0.337573 0.493154 0.028444 0.025217
2 0.334320 0.494073 0.036698 0.033109
2 0.327796 0.496487 0.031932 0.028759
2 0.324929 0.497572 0.034126 0.031861
2 0.319345 0.499304 0.036393 0.036908
2 0.314270 0.501338 0.034933 0.033987
2 0.311858 0.502580 0.028279 0.025309
2 0.307961 0.504535 0.029016 0.027057
2 0.306547 0.505681 0.035752 0.035281
2 0.303427 0.507696 0.035780 0.035175
2 0.301007 0.510082 0.032334 0.030579
2 0.300110 0.510937 0.035130 0.033620
2 0.298775 0.513092 0.041380 0.042256
2 0.298260 0.514841 0.032208 0.028537
2 0.297354 0.516673 0.038762 0.040262
2 0.297047 0.519416 0.036747 0.036127
2 0.296917 0.521990 0.031403 0.029773
2 0.297060 0.524299 0.031747 0.031211
2 0.297266 0.525448 0.033038 0.033399
2 0.297725 0.526508 0.038489 0.039834
2 0.298839 0.528769 0.039849 0.040963
2 0.298888 0.530104 0.030194 0.029195
2 0.300130 0.531825 0.030100 0.028080
2 0.301993 0.532614 0.040231 0.041193
2 0.302654 0.533090 0.035126 0.034497
2 0.304287 0.533594 0.030029 0.027930
2 0.305310 0.533435 0.029664 0.029669
2 0.307339 0.533123 0.033793 0.033822
2 0.308683 0.532410 0.039037 0.041728
2 0.310751 0.531820 0.028604 0.027752
2 0.314541 0.530021 0.028488 0.029058
2 0.317230 0.529291 0.030808 0.032151
2 0.319949 0.528570 0.038776 0.040780
2 0.321264 0.528577 0.038365 0.041284
2 0.323675 0.529798 0.028334 0.029827
2 0.326421 0.531598 0.029094 0.030061
2 0.328053 0.532349 0.039121 0.040673
2 0.330458 0.535522 0.029556 0.030056
2 0.331903 0.536730 0.034761 0.037369
2 0.334771 0.539981 0.037851 0.041929
2 0.336084 0.541974 0.038278 0.041742
2 0.338945 0.546047 0.039442 0.041229
2 0.340346 0.547973 0.038374 0.040209
2 0.342809 0.551718 0.034205 0.036833
2 0.345598 0.554819 0.029175 0.030877
2 0.348459 0.557208 0.028326 0.029639
2 0.350158 0.557872 0.039446 0.042598
2 0.352975 0.558977 0.029000 0.029109
2 0.354422 0.559521 0.030443 0.029219
2 0.357071 0.559442 0.029834 0.029895
2 0.360276 0.559467 0.029560 0.028979
2 0.361865 0.559021 0.029046 0.028169
2 0.365055 0.557636 0.031542 0.031471
2 0.366613 0.556844 0.031063 0.030539
2 0.370135 0.554961 0.031356 0.030174
2 0.371282 0.553698 0.030239 0.029511
2 0.374696 0.550997 0.031866 0.030963
2 0.376506 0.549424 0.028424 0.028705
2 0.379955 0.545854 0.036140 0.038466
2 0.383155 0.542498 0.037461 0.039787
2 0.387033 0.538897 0.035117 0.035168
2 0.388695 0.537004 0.035114 0.034975
2 0.392408 0.532605 0.039428 0.042051
2 0.393897 0.530177 0.034187 0.036340
2 0.397216 0.525903 0.028493 0.029500
2 0.401399 0.520649 0.036312 0.035968
2 0.404861 0.515284 0.035019 0.037218
2 0.406723 0.512606 0.035158 0.037942
2 0.410343 0.506861 0.035975 0.038140
2 0.412059 0.504496 0.029332 0.027897
2 0.415746 0.498265 0.029398 0.030713
2 0.417619 0.494839 0.029534 0.030743
2 0.421797 0.488643 0.029914 0.029830
2 0.423558 0.485229 0.031543 0.032406
2 0.427375 0.478512 0.032991 0.033698
2 0.431100 0.471724 0.033084 0.032267
2 0.432932 0.467610 0.031253 0.032561
2 0.436552 0.460000 0.039170 0.042721
2 0.438955 0.456554 0.040271 0.040625
2 0.442639 0.448499 0.038977 0.042679
2 0.446459 0.440568 0.038569 0.039886
2 0.448692 0.436537 0.039631 0.041715
2 0.452246 0.428496 0.031230 0.031361
2 0.456255 0.420122 0.033129 0.032414
2 0.458330 0.415247 0.041266 0.043933
2 0.462058 0.406928 0.030573 0.028393
2 0.464208 0.402252 0.034918 0.035575
2 0.467909 0.393419 0.032256 0.032451
2 0.470120 0.389444 0.032380 0.028807
2 0.474011 0.380687 0.035211 0.036457
2 0.478294 0.372790 0.038500 0.038457
2 0.480140 0.368801 0.037346 0.039050
2 0.484230 0.362368 0.032947 0.029689
2 0.487978 0.356194 0.031634 0.032081
2 0.490267 0.353332 0.038850 0.038777
2 0.494100 0.348484 0.034247 0.034754
2 0.498493 0.344819 0.035623 0.032112
2 0.502338 0.340962 0.043080 0.045974
2 0.504403 0.340130 0.035049 0.033199
2 0.508139 0.338022 0.034206 0.034621
2 0.510056 0.336888 0.037676 0.039173
2 0.514183 0.336418 0.036254 0.033032
2 0.515951 0.335985 0.036363 0.036749
2 0.519631 0.335167 0.045345 0.048221
2 0.523070 0.335166 0.046479 0.048583
2 0.526460 0.335583 0.044522 0.044318
2 0.527936 0.335608 0.043229 0.043239
2 0.530489 0.336223 0.034379 0.034111
2 0.533209 0.336318 0.033313 0.033282
2 0.535805 0.336542 0.035646 0.032602
2 0.536771 0.336303 0.033650 0.033170
2 0.539427 0.335514 0.047320 0.046546
2 0.540220 0.334944 0.041050 0.041745
2 0.541660 0.334070 0.037166 0.037355
2 0.542722 0.333149 0.047109 0.049672
2 0.543766 0.332770 0.036772 0.033747
2 0.544622 0.330619 0.034394 0.034260
2 0.545581 0.329056 0.038797 0.039096
2 0.545545 0.328643 0.035362 0.035262
2 0.545833 0.326659 0.034362 0.035192
2 0.545930 0.326081 0.037126 0.038590
2 0.545932 0.324205 0.035993 0.037084
2 0.546097 0.323305 0.044038 0.046989
2 0.545668 0.322074 0.038560 0.039568
2 0.545393 0.321262 0.037478 0.035401
2 0.544514 0.319365 0.042310 0.044762
2 0.543956 0.319064 0.034678 0.034519
2 0.542534 0.317366 0.037654 0.038325
2 0.542227 0.317043 0.036095 0.032611
2 0.540207 0.315345 0.034428 0.032759
2 0.539343 0.314521 0.034907 0.034812
2 0.537067 0.313461 0.034834 0.033503
2 0.534933 0.311552 0.038764 0.040460
2 0.532603 0.310399 0.039829 0.039131
2 0.531299 0.309831 0.041103 0.039066
2 0.528370 0.308513 0.042024 0.040106
2 0.526850 0.307847 0.042204 0.041396
2 0.523623 0.306751 0.038001 0.036227
2 0.521986 0.306025 0.044625 0.043682
2 0.517928 0.305184 0.031918 0.031906
2 0.516297 0.304636 0.034716 0.035839
2 0.512440 0.303482 0.035732 0.032621
2 0.508447 0.302028 0.041072 0.043766
2 0.506500 0.301858 0.037821 0.037519
2 0.501968 0.300943 0.033500 0.033966
2 0.497346 0.299795 0.035834 0.037051
2 0.495404 0.299700 0.036499 0.033159
2 0.490853 0.298761 0.041661 0.039482
2 0.488110 0.298353 0.038781 0.040913
2 0.483036 0.297659 0.033538 0.033178
2 0.480610 0.297301 0.033427 0.032582
2 0.475462 0.296616 0.036971 0.038157
2 0.470431 0.295809 0.035057 0.034002
2 0.467473 0.295682 0.033115 0.033743
2 0.462190 0.294875 0.037191 0.036445
2 0.459567 0.294710 0.038665 0.038594
2 0.453578 0.293821 0.033331 0.034581
2 0.450666 0.293661 0.032627 0.033261
2 0.445350 0.292878 0.039752 0.038667
2 0.442435 0.292705 0.037863 0.038904
2 0.436415 0.292003 0.037984 0.040153
2 0.433284 0.291917 0.036260 0.037975
2 0.427104 0.291412 0.032862 0.033521
2 0.420984 0.291018 0.035775 0.036468
2 0.418063 0.290260 0.043105 0.045291
2 0.411726 0.289982 0.036391 0.036800
2 0.408608 0.289902 0.035816 0.036378
2 0.402328 0.289474 0.033870 0.033918
2 0.399339 0.289173 0.035940 0.036163
2 0.393141 0.288224 0.043627 0.046104
2 0.389762 0.287941 0.036255 0.037357
2 0.383386 0.287487 0.033713 0.034246
2 0.380598 0.286277 0.044914 0.048089
2 0.374052 0.285988 0.036177 0.037410
2 0.370898 0.285332 0.034251 0.034890
2 0.364705 0.284064 0.037489 0.039039
2 0.358339 0.283212 0.035745 0.036819
2 0.352025 0.281740 0.033298 0.033838
2 0.348743 0.281543 0.033778 0.034475
2 0.342452 0.279803 0.033044 0.033192
2 0.339489 0.279032 0.038201 0.039897
2 0.333402 0.277110 0.036959 0.038884
2 0.327382 0.275157 0.036622 0.037813
2 0.321828 0.273508 0.036018 0.034999
2 0.319016 0.272362 0.034311 0.034759
2 0.313518 0.270446 0.034677 0.034661
2 0.308010 0.268283 0.030840 0.030214
2 0.303267 0.266321 0.031339 0.030346
2 0.300730 0.264718 0.039462 0.041650
2 0.296055 0.262769 0.041152 0.043591
2 0.291241 0.260615 0.032950 0.033017
2 0.289447 0.259580 0.036195 0.037000
2 0.285250 0.256971 0.039829 0.041437
2 0.281272 0.254904 0.034505 0.033974
2 0.279777 0.254034 0.033541 0.033229
2 0.275923 0.251159 0.040294 0.041859
2 0.274149 0.250204 0.033265 0.032998
2 0.271419 0.247525 0.041827 0.042559
2 0.269640 0.246378 0.034070 0.032972
2 0.267261 0.243845 0.042497 0.041401
2 0.264396 0.241401 0.041157 0.040894
2 0.263080 0.240101 0.038810 0.038668
2 0.260890 0.237420 0.038161 0.036271
2 0.259569 0.236042 0.043151 0.042265
2 0.257312 0.233374 0.037507 0.037076
2 0.255350 0.230425 0.038051 0.038123
2 0.254164 0.228849 0.036273 0.034900
2 0.252264 0.225603 0.039754 0.039885
2 0.250367 0.221718 0.042969 0.043687
2 0.249367 0.219742 0.042907 0.044544
2 0.247788 0.215824 0.044679 0.046928
2 0.246047 0.211902 0.043702 0.045990
2 0.245433 0.210219 0.043414 0.042737
2 0.244068 0.205674 0.032950 0.031947
2 0.243383 0.203858 0.033158 0.030956
2 0.242579 0.198656 0.044417 0.044997
2 0.241148 0.194232 0.035057 0.035340
2 0.240610 0.189528 0.038665 0.036663
2 0.239846 0.187370 0.036917 0.036758
2 0.239389 0.182577 0.033174 0.031876
2 0.238595 0.178314 0.032322 0.029897
2 0.238616 0.175777 0.036688 0.035612
2 0.238166 0.171074 0.039240 0.039657
2 0.237875 0.168902 0.032471 0.031160
2 0.237781 0.164642 0.032386 0.030788
2 0.237607 0.160598 0.035708 0.032342
2 0.237819 0.155839 0.044652 0.043019
2 0.237609 0.153565 0.036899 0.033403
2 0.237571 0.149738 0.037438 0.033617
2 0.237368 0.145446 0.035394 0.032105
2 0.237365 0.143520 0.035498 0.032451
2 0.237442 0.139131 0.035756 0.031811
2 0.237973 0.134319 0.043833 0.043233
2 0.237780 0.130008 0.036205 0.034317
2 0.237893 0.125560 0.032889 0.031039
2 0.238374 0.118253 0.036108 0.034993
2 0.238805 0.113775 0.034685 0.031048
2 0.239453 0.108291 0.033850 0.031510
2 0.239573 0.105757 0.035908 0.034212
2 0.240300 0.100451 0.034436 0.030977
2 0.241048 0.094453 0.034735 0.032807
2 0.241545 0.091229 0.045124 0.046198
2 0.242629 0.085534 0.048468 0.045853
2 0.242917 0.079429 0.047554 0.048018
2 0.244088 0.073515 0.041226 0.037236
2 0.244173 0.070655 0.038218 0.035795
2 0.244893 0.064356 0.041601 0.040600
2 0.245930 0.058521 0.041621 0.040328
2 0.246884 0.052755 0.042616 0.039994
2 0.247266 0.049695 0.036954 0.034353
2 0.248437 0.043945 0.037500 0.033203
