2 0.448437 0.857422 0.015625 0.710938
2 0.450781 0.858344 0.021354 0.710395
2 0.453125 0.859266 0.027083 0.709852
2 0.455469 0.860189 0.032813 0.709310
2 0.457812 0.861111 0.038542 0.708767
2 0.460156 0.862033 0.044271 0.708225
2 0.462500 0.862956 0.050000 0.707682
2 0.464844 0.863878 0.055729 0.707140
2 0.467187 0.864800 0.061458 0.706597
2 0.469531 0.865723 0.067187 0.706055
2 0.473112 0.866645 0.073828 0.705512
2 0.476693 0.867567 0.080469 0.704970
2 0.480273 0.868490 0.087109 0.704427
2 0.483854 0.869412 0.093750 0.703885
2 0.487435 0.870334 0.100391 0.703342
2 0.491016 0.871257 0.107031 0.702799
2 0.494596 0.872179 0.113672 0.702257
2 0.498177 0.873101 0.120313 0.701714
2 0.501758 0.874023 0.126953 0.701172
2 0.505339 0.875098 0.133594 0.700586
2 0.508919 0.876172 0.140234 0.700000
2 0.512500 0.877246 0.146875 0.699414
2 0.516992 0.878320 0.153516 0.698828
2 0.521484 0.879395 0.160156 0.698242
2 0.525977 0.880469 0.166797 0.697656
2 0.530469 0.881543 0.173437 0.697070
2 0.534961 0.882617 0.180078 0.696484
2 0.539453 0.883691 0.186719 0.695898
2 0.543945 0.884766 0.193359 0.695312
2 0.548438 0.885010 0.200000 0.694336
2 0.552344 0.885254 0.206473 0.693359
2 0.556250 0.885498 0.212946 0.692383
2 0.560156 0.885742 0.219420 0.691406
2 0.564063 0.885986 0.225893 0.690430
2 0.567969 0.886230 0.232366 0.689453
2 0.571875 0.886475 0.238839 0.688477
2 0.575781 0.886719 0.245312 0.687500
2 0.581250 0.885200 0.252679 0.686198
2 0.586719 0.883681 0.260045 0.684896
2 0.592187 0.882161 0.267411 0.683594
2 0.597656 0.880642 0.274777 0.682292
2 0.603125 0.879123 0.282143 0.680990
2 0.608594 0.877604 0.289509 0.679688
2 0.614062 0.876085 0.296875 0.678385
2 0.618466 0.874566 0.300568 0.677083
2 0.622869 0.873047 0.304261 0.675781
2 0.627273 0.871582 0.307955 0.675781
2 0.631676 0.870117 0.311648 0.675781
2 0.636080 0.868652 0.315341 0.675781
2 0.640483 0.867188 0.319034 0.675781
2 0.644886 0.865723 0.322727 0.675781
2 0.649290 0.864258 0.326420 0.675781
2 0.653693 0.862793 0.330114 0.675781
2 0.658097 0.861328 0.333807 0.675781
2 0.662500 0.857422 0.337500 0.674805
2 0.665365 0.853516 0.339062 0.673828
2 0.668229 0.849609 0.340625 0.672852
2 0.671094 0.845703 0.342187 0.671875
2 0.673958 0.841797 0.343750 0.670898
2 0.676823 0.837891 0.345313 0.669922
2 0.679688 0.833984 0.346875 0.668945
2 0.682552 0.830078 0.348438 0.667969
2 0.685417 0.824544 0.350000 0.666667
2 0.688281 0.819010 0.351562 0.665365
2 0.690838 0.813477 0.350994 0.664063
2 0.693395 0.807943 0.350426 0.662760
2 0.695952 0.802409 0.349858 0.661458
2 0.698509 0.796875 0.349290 0.660156
2 0.701065 0.794224 0.348722 0.659877
2 0.703622 0.791574 0.348153 0.659598
2 0.706179 0.788923 0.347585 0.659319
2 0.708736 0.786272 0.347017 0.659040
2 0.711293 0.783622 0.346449 0.658761
2 0.713849 0.780971 0.345881 0.658482
2 0.716406 0.778320 0.345313 0.658203
2 0.716211 0.775146 0.343828 0.656738
2 0.716016 0.771973 0.342344 0.655273
2 0.715820 0.768799 0.340859 0.653809
2 0.715625 0.765625 0.339375 0.652344
2 0.715430 0.762451 0.337891 0.650879
2 0.715234 0.759277 0.336406 0.649414
2 0.715039 0.756104 0.334922 0.647949
2 0.714844 0.752930 0.333437 0.646484
2 0.714648 0.750977 0.331953 0.645508
2 0.714453 0.749023 0.330469 0.644531
2 0.714258 0.747070 0.328984 0.643555
2 0.714062 0.745117 0.327500 0.642578
2 0.713867 0.743164 0.326016 0.641602
2 0.713672 0.741211 0.324531 0.640625
2 0.713477 0.739258 0.323047 0.639648
2 0.713281 0.737305 0.321562 0.638672
2 0.713086 0.735631 0.320078 0.637556
2 0.712891 0.733956 0.318594 0.636440
2 0.712695 0.732282 0.317109 0.635324
2 0.712500 0.730608 0.315625 0.634208
2 0.710882 0.728934 0.313951 0.633092
2 0.709263 0.727260 0.312277 0.631975
2 0.707645 0.725586 0.310603 0.630859
2 0.706027 0.725220 0.308929 0.629639
2 0.704408 0.724854 0.307254 0.628418
2 0.702790 0.724487 0.305580 0.627197
2 0.701172 0.724121 0.303906 0.625977
2 0.699554 0.723755 0.302232 0.624756
2 0.697935 0.723389 0.300558 0.623535
2 0.696317 0.723022 0.298884 0.622314
2 0.694699 0.722656 0.297210 0.621094
2 0.693080 0.723958 0.295536 0.619792
2 0.691462 0.725260 0.293862 0.618490
2 0.689844 0.726562 0.292187 0.617188
2 0.689614 0.727865 0.290993 0.615885
2 0.689384 0.729167 0.289798 0.614583
2 0.689154 0.730469 0.288603 0.613281
2 0.688925 0.729688 0.287408 0.610938
2 0.688695 0.728906 0.286213 0.608594
2 0.688465 0.728125 0.285018 0.606250
2 0.688235 0.727344 0.283824 0.603906
2 0.688006 0.726562 0.282629 0.601562
2 0.687776 0.730469 0.281434 0.603516
2 0.687546 0.734375 0.280239 0.605469
2 0.687316 0.738281 0.279044 0.607422
2 0.687086 0.742188 0.277849 0.609375
2 0.686857 0.746094 0.276654 0.611328
2 0.686627 0.750000 0.275460 0.613281
2 0.686397 0.753906 0.274265 0.615234
2 0.686167 0.757813 0.273070 0.617188
2 0.685938 0.761719 0.271875 0.619141
2 0.686393 0.765625 0.270443 0.621094
2 0.686849 0.769097 0.269010 0.624132
2 0.687305 0.772569 0.267578 0.627170
2 0.687760 0.776042 0.266146 0.630208
2 0.688216 0.779514 0.264714 0.633247
2 0.688672 0.782986 0.263281 0.636285
2 0.689128 0.786458 0.261849 0.639323
2 0.689583 0.789931 0.260417 0.642361
2 0.690039 0.793403 0.258984 0.645399
2 0.690495 0.796875 0.257552 0.648438
2 0.690951 0.800564 0.256120 0.652778
2 0.691406 0.804253 0.254688 0.657118
2 0.692698 0.807943 0.254026 0.661458
2 0.693990 0.811632 0.253365 0.665799
2 0.695282 0.815321 0.252704 0.670139
2 0.696575 0.819010 0.252043 0.674479
2 0.697867 0.822700 0.251382 0.678819
2 0.699159 0.826389 0.250721 0.683160
2 0.700451 0.830078 0.250060 0.687500
2 0.701743 0.833203 0.249399 0.691797
2 0.703035 0.836328 0.248738 0.696094
2 0.704327 0.839453 0.248077 0.700391
2 0.705619 0.842578 0.247416 0.704687
2 0.706911 0.845703 0.246755 0.708984
2 0.708203 0.848828 0.246094 0.713281
2 0.709495 0.851953 0.245433 0.717578
2 0.710787 0.855078 0.244772 0.721875
2 0.712079 0.858203 0.244111 0.726172
2 0.713371 0.861328 0.243450 0.730469
2 0.714663 0.861704 0.242788 0.730619
2 0.715956 0.862079 0.242127 0.730769
2 0.717248 0.862455 0.241466 0.730919
2 0.718540 0.862831 0.240805 0.731070
2 0.719832 0.863206 0.240144 0.731220
2 0.721124 0.863582 0.239483 0.731370
2 0.722416 0.863957 0.238822 0.731520
2 0.723708 0.864333 0.238161 0.731671
2 0.725000 0.864709 0.237500 0.731821
2 0.724357 0.865084 0.237500 0.731971
2 0.723713 0.865460 0.237500 0.732121
2 0.723070 0.865835 0.237500 0.732272
2 0.722426 0.866211 0.237500 0.732422
2 0.721783 0.868239 0.237500 0.731971
2 0.721140 0.870267 0.237500 0.731520
2 0.720496 0.872296 0.237500 0.731070
2 0.719853 0.874324 0.237500 0.730619
2 0.719210 0.876352 0.237500 0.730168
2 0.718566 0.878380 0.237500 0.729718
2 0.717923 0.880409 0.237500 0.729267
2 0.717279 0.882437 0.237500 0.728816
2 0.716636 0.884465 0.237500 0.728365
2 0.715993 0.886493 0.237500 0.727915
2 0.715349 0.888522 0.237500 0.727464
2 0.714706 0.890550 0.237500 0.727013
2 0.714063 0.892578 0.237500 0.726562
2 0.711719 0.895703 0.237380 0.725391
2 0.709375 0.898828 0.237260 0.724219
2 0.707031 0.901953 0.237139 0.723047
2 0.704688 0.905078 0.237019 0.721875
2 0.702344 0.908203 0.236899 0.720703
2 0.700000 0.911328 0.236779 0.719531
2 0.697656 0.914453 0.236659 0.718359
2 0.695313 0.917578 0.236538 0.717188
2 0.692969 0.920703 0.236418 0.716016
2 0.690625 0.923828 0.236298 0.714844
2 0.688281 0.928561 0.236178 0.714994
2 0.685938 0.933293 0.236058 0.715144
2 0.683594 0.938026 0.235937 0.715294
2 0.680664 0.942758 0.236328 0.715445
2 0.677734 0.947491 0.236719 0.715595
2 0.674805 0.952224 0.237109 0.715745
2 0.671875 0.956956 0.237500 0.715895
2 0.668945 0.961689 0.237891 0.716046
2 0.666016 0.966421 0.238281 0.716196
2 0.663086 0.971154 0.238672 0.716346
2 0.660156 0.975886 0.239063 0.716496
2 0.657227 0.980619 0.239453 0.716647
2 0.654297 0.985352 0.239844 0.716797
2 0.651367 0.993304 0.240234 0.716518
2 0.648438 1.001256 0.240625 0.716239
2 0.647721 1.009208 0.242057 0.715960
2 0.647005 1.017160 0.243490 0.715681
2 0.646289 1.025112 0.244922 0.715402
2 0.645573 1.033064 0.246354 0.715123
2 0.644857 1.041016 0.247786 0.714844
2 0.644141 1.047974 0.249219 0.713623
2 0.643424 1.054932 0.250651 0.712402
2 0.642708 1.061890 0.252083 0.711182
2 0.641992 1.068848 0.253516 0.709961
2 0.641276 1.075806 0.254948 0.708740
2 0.640560 1.082764 0.256380 0.707520
2 0.639844 1.089722 0.257812 0.706299
2 0.637946 1.096680 0.256920 0.705078
2 0.636049 1.105664 0.256027 0.705859
2 0.634152 1.114648 0.255134 0.706641
2 0.632254 1.123633 0.254241 0.707422
2 0.630357 1.132617 0.253348 0.708203
2 0.628460 1.141602 0.252455 0.708984
2 0.626562 1.150586 0.251562 0.709766
2 0.624665 1.159570 0.250670 0.710547
2 0.622768 1.168555 0.249777 0.711328
2 0.620871 1.177539 0.248884 0.712109
2 0.618973 1.186523 0.247991 0.712891
2 0.617076 1.196899 0.247098 0.715088
2 0.615179 1.207275 0.246205 0.717285
2 0.613281 1.217651 0.245312 0.719482
2 0.611250 1.228027 0.242500 0.721680
2 0.609219 1.238403 0.239688 0.723877
2 0.607187 1.248779 0.236875 0.726074
2 0.605156 1.259155 0.234063 0.728271
2 0.603125 1.269531 0.231250 0.730469
2 0.601094 1.278906 0.228438 0.732813
2 0.599062 1.288281 0.225625 0.735156
2 0.597031 1.297656 0.222813 0.737500
2 0.595000 1.307031 0.220000 0.739844
2 0.592969 1.316406 0.217188 0.742188
2 0.590937 1.322917 0.214375 0.743490
2 0.588906 1.329427 0.211563 0.744792
2 0.586875 1.335938 0.208750 0.746094
2 0.584844 1.342448 0.205938 0.747396
2 0.582812 1.348958 0.203125 0.748698
2 0.580692 1.355469 0.196652 0.750000
2 0.578571 1.365234 0.190179 0.751563
2 0.576451 1.375000 0.183705 0.753125
2 0.574330 1.384766 0.177232 0.754688
2 0.572210 1.394531 0.170759 0.756250
2 0.570089 1.404297 0.164286 0.757812
2 0.567969 1.406250 0.157812 0.756250
2 0.565980 1.408203 0.152699 0.754688
2 0.563991 1.410156 0.147585 0.753125
2 0.562003 1.412109 0.142472 0.751563
2 0.560014 1.414062 0.137358 0.750000
2 0.558026 1.412109 0.132244 0.746094
2 0.556037 1.409180 0.127131 0.740234
2 0.554048 1.406250 0.122017 0.734375
2 0.552060 1.403320 0.116903 0.728516
2 0.550071 1.400391 0.111790 0.722656
2 0.548082 1.397461 0.106676 0.716797
2 0.546094 1.394531 0.101562 0.710938
2 0.543438 1.391602 0.096250 0.705078
2 0.540781 1.388672 0.090938 0.699219
2 0.538125 1.381696 0.085625 0.689732
2 0.535469 1.374721 0.080313 0.680246
2 0.532813 1.367746 0.075000 0.670759
2 0.530156 1.360770 0.069688 0.661272
2 0.527500 1.353795 0.064375 0.651786
2 0.524844 1.346819 0.059063 0.642299
2 0.522188 1.339844 0.053750 0.632812
2 0.519531 1.331909 0.048438 0.621826
2 0.516286 1.323975 0.045793 0.610840
2 0.513041 1.316040 0.043149 0.599854
2 0.509796 1.308105 0.040505 0.588867
2 0.506550 1.300171 0.037861 0.577881
2 0.503305 1.292236 0.035216 0.566895
2 0.500060 1.284302 0.032572 0.555908
2 0.496815 1.276367 0.029928 0.544922
2 0.493570 1.268921 0.027284 0.534424
2 0.490325 1.261475 0.024639 0.523926
2 0.487079 1.254028 0.021995 0.513428
2 0.483834 1.246582 0.019351 0.502930
2 0.480589 1.239136 0.016707 0.492432
2 0.477344 1.231689 0.014063 0.481934
2 0.473750 1.224243 0.014063 0.471436
2 0.470156 1.216797 0.014063 0.460938
2 0.466562 1.211806 0.014063 0.456163
2 0.462969 1.206814 0.014063 0.451389
2 0.459375 1.201823 0.014063 0.446615
2 0.455781 1.196832 0.014063 0.441840
2 0.452187 1.191840 0.014063 0.437066
2 0.448594 1.186849 0.014063 0.432292
2 0.445000 1.181858 0.014063 0.427517
2 0.441406 1.176866 0.014063 0.422743
2 0.439062 1.171875 0.014063 0.417969
2 0.436719 1.166797 0.014063 0.415625
2 0.434375 1.161719 0.014063 0.413281
2 0.432031 1.156641 0.014063 0.410937
2 0.429688 1.151562 0.014063 0.408594
2 0.427344 1.146484 0.014063 0.406250
