2 0.284375 0.485352 0.065625 0.052734
2 0.287758 0.464972 0.065750 0.053020
2 0.288538 0.458139 0.065331 0.052542
2 0.290227 0.444595 0.065296 0.052521
2 0.291679 0.431371 0.065510 0.052931
2 0.292874 0.418050 0.066196 0.053859
2 0.293877 0.404795 0.066356 0.054580
2 0.294163 0.398129 0.066685 0.054812
2 0.295243 0.378496 0.066771 0.055513
2 0.295622 0.372029 0.066975 0.055649
2 0.296502 0.358924 0.067137 0.056084
2 0.297224 0.345980 0.067313 0.056662
2 0.298920 0.326191 0.067365 0.057089
2 0.299470 0.319807 0.067348 0.057490
2 0.302020 0.299845 0.067325 0.057867
2 0.304282 0.286333 0.067879 0.058640
2 0.308539 0.265895 0.067244 0.058108
2 0.310073 0.258638 0.067388 0.058203
2 0.313753 0.244390 0.067559 0.058160
2 0.317868 0.229390 0.066926 0.057305
2 0.322140 0.214469 0.066403 0.056290
2 0.326646 0.199175 0.065479 0.055091
2 0.333558 0.176017 0.064884 0.054317
2 0.338191 0.159853 0.064793 0.054064
2 0.342706 0.144454 0.064375 0.053455
2 0.344909 0.136689 0.064624 0.053700
2 0.349016 0.121088 0.064294 0.053532
2 0.352946 0.105815 0.064611 0.053689
2 0.385937 0.061523 0.056250 0.044922
2 0.386052 0.077036 0.065367 0.053642
2 0.386044 0.091748 0.060970 0.050249
2 0.385982 0.098535 0.049841 0.040923
2 0.385516 0.113499 0.062499 0.051859
2 0.384673 0.127627 0.060410 0.049691
2 0.384434 0.134225 0.053659 0.044331
2 0.383420 0.148506 0.059680 0.050227
2 0.382734 0.155359 0.048571 0.040990
2 0.381565 0.169505 0.052253 0.044842
2 0.380768 0.176151 0.052824 0.045366
2 0.379234 0.189690 0.057687 0.049877
2 0.378693 0.195731 0.048161 0.043063
2 0.377074 0.208820 0.055568 0.049132
2 0.375551 0.221145 0.048200 0.043464
2 0.374559 0.227015 0.047779 0.042691
2 0.373851 0.233074 0.047433 0.044077
2 0.372304 0.244959 0.047338 0.043844
2 0.370656 0.256579 0.048495 0.045679
2 0.369771 0.262399 0.045470 0.041149
2 0.368139 0.273774 0.049662 0.044385
2 0.367386 0.279701 0.054253 0.049422
2 0.365735 0.291155 0.060900 0.054686
2 0.365035 0.296865 0.058138 0.051505
2 0.363681 0.307495 0.047379 0.043035
2 0.362391 0.318785 0.051488 0.046641
2 0.361804 0.324565 0.059719 0.053037
2 0.360621 0.334895 0.047920 0.043370
2 0.359573 0.350732 0.051537 0.047726
2 0.359130 0.355973 0.048536 0.043690
2 0.358907 0.366147 0.047370 0.042461
2 0.358800 0.373991 0.050092 0.054471
2 0.359262 0.380637 0.060883 0.058978
2 0.360820 0.386655 0.050739 0.047589
2 0.357367 0.396732 0.059987 0.056029
2 0.358508 0.397100 0.055362 0.062621
2 0.359358 0.408079 0.053663 0.052369
2 0.360901 0.420235 0.050577 0.050326
2 0.361569 0.426356 0.060954 0.047928
2 0.362154 0.434206 0.052755 0.046057
2 0.364406 0.445299 0.057621 0.053603
2 0.367351 0.457471 0.058759 0.048664
2 0.372656 0.466797 0.054688 0.046875
2 0.368750 0.474609 0.053125 0.054688
2 0.371094 0.481445 0.067187 0.056641
2 0.373437 0.484375 0.059375 0.058594
2 0.376563 0.492188 0.056250 0.054688
2 0.378906 0.504883 0.054688 0.044922
2 0.378125 0.507812 0.065625 0.050781
2 0.381250 0.519531 0.062500 0.039062
2 0.385938 0.525391 0.065625 0.042969
2 0.387500 0.533203 0.062500 0.050781
2 0.390625 0.535156 0.053125 0.050781
2 0.391406 0.548828 0.054688 0.054688
2 0.392969 0.554688 0.057813 0.050781
2 0.393750 0.567383 0.059375 0.056641
2 0.398438 0.572266 0.065625 0.062500
2 0.396875 0.582031 0.062500 0.039062
2 0.401562 0.587891 0.062500 0.042969
2 0.402344 0.595703 0.057813 0.042969
2 0.403906 0.601562 0.067187 0.042969
2 0.411719 0.612305 0.057813 0.052734
2 0.410938 0.617188 0.053125 0.046875
2 0.410938 0.625977 0.053125 0.056641
2 0.411719 0.633789 0.051562 0.048828
2 0.412500 0.636719 0.056250 0.054688
2 0.414062 0.644531 0.053125 0.058594
2 0.410937 0.644531 0.059375 0.054688
2 0.411719 0.650391 0.057813 0.058594
2 0.408594 0.657227 0.054688 0.052734
2 0.412500 0.661133 0.059375 0.048828
2 0.407813 0.664062 0.056250 0.046875
2 0.407031 0.668945 0.060937 0.048828
2 0.407812 0.670898 0.059375 0.037109
2 0.403125 0.668945 0.056250 0.044922
2 0.403125 0.665039 0.056250 0.052734
2 0.400781 0.670898 0.054688 0.052734
2 0.399653 0.671068 0.064602 0.065394
2 0.397416 0.671086 0.055457 0.054313
2 0.396185 0.670715 0.055524 0.055713
2 0.393415 0.669671 0.063335 0.064127
2 0.391021 0.667728 0.055324 0.053746
2 0.388205 0.665605 0.056010 0.054854
2 0.386941 0.664390 0.058196 0.059115
2 0.384162 0.661090 0.062616 0.063302
2 0.380267 0.654893 0.050756 0.049427
2 0.378701 0.652892 0.050815 0.049526
2 0.375956 0.647759 0.060952 0.059944
2 0.374803 0.645070 0.062720 0.064633
2 0.372313 0.639532 0.053084 0.051400
2 0.370916 0.636079 0.057555 0.056576
2 0.368498 0.630034 0.066358 0.066907
2 0.367132 0.626273 0.065020 0.064299
2 0.364835 0.618929 0.056355 0.055447
2 0.362475 0.610941 0.065982 0.065629
2 0.361426 0.607051 0.057729 0.057249
2 0.359026 0.598290 0.061409 0.063039
2 0.357925 0.593772 0.060290 0.059581
2 0.355555 0.584759 0.054114 0.053099
2 0.353162 0.575338 0.062642 0.061769
2 0.352075 0.570507 0.052594 0.051360
2 0.349470 0.560647 0.059216 0.059692
2 0.346805 0.550644 0.063784 0.064164
2 0.345468 0.545393 0.058378 0.058998
2 0.342760 0.535080 0.054719 0.053970
2 0.339867 0.524486 0.054609 0.053105
2 0.336769 0.514050 0.051989 0.050911
2 0.335327 0.508226 0.054886 0.054479
2 0.332190 0.497160 0.056184 0.054594
2 0.330722 0.491438 0.057757 0.056028
2 0.327659 0.479606 0.057285 0.055244
2 0.326022 0.473897 0.057813 0.056492
2 0.323059 0.461747 0.056651 0.055715
2 0.320173 0.449509 0.057784 0.057239
2 0.318752 0.443225 0.058810 0.057025
2 0.316102 0.430211 0.050755 0.049802
2 0.314979 0.423917 0.054333 0.053438
2 0.312623 0.410667 0.054532 0.053107
2 0.310662 0.397349 0.058971 0.058127
2 0.310059 0.390240 0.057993 0.058558
2 0.308566 0.376208 0.057652 0.058128
2 0.307319 0.361989 0.055031 0.053913
2 0.306980 0.354692 0.057286 0.057535
2 0.306401 0.339615 0.059611 0.058493
2 0.306317 0.324721 0.055974 0.054682
2 0.306324 0.316870 0.056130 0.054822
2 0.306810 0.300974 0.054288 0.054591
2 0.307045 0.292748 0.057494 0.057924
2 0.307858 0.276286 0.057655 0.055928
2 0.308319 0.268116 0.052329 0.052566
2 0.309392 0.251083 0.058551 0.057303
2 0.310516 0.234243 0.057706 0.056655
2 0.311132 0.225711 0.058776 0.058863
2 0.311643 0.217132 0.053344 0.054324
2 0.312845 0.200358 0.059034 0.060115
2 0.313675 0.183566 0.057454 0.056331
2 0.314090 0.175181 0.060772 0.060111
2 0.314818 0.158629 0.053668 0.054520
2 0.315104 0.150207 0.058295 0.058533
2 0.315737 0.134300 0.060637 0.060555
2 0.315670 0.126527 0.060172 0.059741
2 0.316155 0.110936 0.060046 0.062431
2 0.316188 0.103530 0.056857 0.058719
2 0.316195 0.088624 0.054093 0.055422
2 0.316186 0.074334 0.055955 0.057836
2 0.117188 0.329102 0.165625 0.138672
2 0.122081 0.338810 0.167424 0.141980
2 0.132262 0.357304 0.170861 0.147670
2 0.137250 0.365524 0.172118 0.150513
2 0.147428 0.381056 0.174756 0.155633
2 0.152401 0.388149 0.176896 0.159468
2 0.162299 0.401173 0.179709 0.164688
2 0.167048 0.406997 0.181348 0.167926
2 0.176282 0.417376 0.184285 0.173519
2 0.185337 0.426497 0.186619 0.177688
2 0.189693 0.430557 0.188167 0.179690
2 0.198448 0.438075 0.190212 0.181834
2 0.202696 0.441719 0.191763 0.183879
2 0.210496 0.447476 0.194038 0.186373
2 0.214386 0.450338 0.195521 0.188338
2 0.221372 0.454528 0.197046 0.190449
2 0.228132 0.459144 0.199473 0.193206
2 0.231344 0.461104 0.200680 0.194486
2 0.237468 0.464818 0.203046 0.197255
2 0.240380 0.466415 0.203919 0.198051
2 0.245728 0.468817 0.206046 0.200610
2 0.250511 0.469575 0.207621 0.202626
2 0.252685 0.469641 0.208864 0.203691
2 0.256445 0.467958 0.210240 0.203878
2 0.260065 0.465373 0.211323 0.203604
2 0.261518 0.463347 0.212355 0.204523
2 0.264421 0.458781 0.216564 0.208304
2 0.266622 0.453333 0.223727 0.216612
2 0.268685 0.447497 0.229839 0.223615
2 0.269383 0.444449 0.232582 0.226262
2 0.270673 0.438999 0.236751 0.229879
2 0.271066 0.436380 0.238670 0.230962
2 0.271741 0.431864 0.242490 0.232988
2 0.272000 0.428273 0.244414 0.232436
2 0.272050 0.427165 0.245478 0.231603
2 0.271657 0.424886 0.246607 0.229916
2 0.271338 0.424370 0.246408 0.228439
2 0.270500 0.424252 0.247770 0.227434
2 0.270222 0.424484 0.248932 0.227362
2 0.269172 0.426516 0.251910 0.228788
2 0.267944 0.429608 0.255770 0.231999
2 0.267241 0.431789 0.257704 0.233979
2 0.265808 0.437322 0.261432 0.238263
2 0.265052 0.440445 0.263171 0.240294
2 0.263399 0.448728 0.266262 0.243936
2 0.261470 0.458338 0.268464 0.246045
2 0.260489 0.464511 0.268774 0.245618
2 0.258122 0.477482 0.269727 0.246062
2 0.255814 0.493262 0.269275 0.244448
2 0.253384 0.512028 0.267680 0.241319
2 0.250675 0.533032 0.267050 0.240413
2 0.249377 0.544431 0.266755 0.239973
2 0.246586 0.568969 0.266919 0.241000
2 0.243877 0.596395 0.268460 0.243475
2 0.242687 0.610895 0.269851 0.245897
2 0.789844 0.394531 0.048438 0.046875
2 0.791481 0.399032 0.048375 0.046842
2 0.792214 0.401259 0.048408 0.046904
2 0.794421 0.405493 0.049089 0.047745
2 0.795606 0.407812 0.048681 0.047224
2 0.798575 0.411907 0.048360 0.046878
2 0.802044 0.416361 0.048415 0.046986
2 0.803829 0.418268 0.048379 0.046896
2 0.808058 0.422257 0.048115 0.046564
2 0.813036 0.426188 0.048498 0.047092
2 0.815642 0.428119 0.048233 0.046826
2 0.821243 0.431838 0.048344 0.046875
2 0.824366 0.433630 0.048374 0.046910
2 0.830173 0.436692 0.048661 0.047224
2 0.837017 0.439412 0.048475 0.047139
2 0.839987 0.440586 0.048600 0.047227
2 0.845971 0.443256 0.048444 0.047080
2 0.849142 0.444167 0.048584 0.047254
2 0.855082 0.445538 0.048591 0.047361
2 0.858094 0.446556 0.048878 0.047579
2 0.863903 0.447992 0.048797 0.047629
2 0.866540 0.448638 0.048940 0.047657
2 0.871681 0.450316 0.049029 0.047838
2 0.873899 0.450869 0.048671 0.047305
2 0.877951 0.452728 0.049078 0.047917
2 0.879882 0.453847 0.048728 0.047447
2 0.883179 0.455884 0.048454 0.046953
2 0.885939 0.458250 0.048967 0.047617
2 0.887198 0.459084 0.048831 0.047544
2 0.888582 0.461994 0.048830 0.047450
2 0.888953 0.465024 0.048701 0.047427
2 0.888732 0.469047 0.048677 0.047389
2 0.887746 0.472590 0.048635 0.047219
2 0.885801 0.477174 0.048623 0.047322
2 0.884282 0.479926 0.048881 0.047594
2 0.880883 0.484611 0.048641 0.047369
2 0.876609 0.490243 0.048687 0.047387
2 0.874040 0.493034 0.048711 0.047164
2 0.868444 0.499379 0.048697 0.047394
2 0.865326 0.502656 0.048406 0.047081
2 0.858413 0.509267 0.048563 0.047085
2 0.850696 0.516350 0.048473 0.047064
2 0.846558 0.519738 0.048178 0.046798
2 0.837614 0.527295 0.048105 0.046658
2 0.832983 0.530953 0.048209 0.046752
2 0.823226 0.538234 0.048419 0.047051
2 0.812783 0.545348 0.047846 0.046364
2 0.807592 0.548600 0.048513 0.047247
2 0.796392 0.555592 0.048360 0.046989
2 0.785037 0.561614 0.048175 0.046689
2 0.773365 0.567841 0.048453 0.047131
2 0.767375 0.570493 0.048018 0.046621
2 0.755570 0.575746 0.048188 0.046715
2 0.749502 0.578221 0.048128 0.046797
2 0.737438 0.582505 0.048031 0.046717
2 0.725297 0.586737 0.047862 0.046322
2 0.719476 0.588194 0.047808 0.046286
2 0.707398 0.591444 0.048366 0.047077
2 0.695324 0.594408 0.048068 0.046739
2 0.683694 0.596512 0.048011 0.046558
2 0.677683 0.597431 0.048309 0.047034
2 0.665933 0.598922 0.048121 0.046668
2 0.654430 0.599929 0.048173 0.046972
2 0.648576 0.600209 0.047960 0.046616
2 0.637371 0.600336 0.048138 0.046840
2 0.631803 0.600375 0.047975 0.046498
2 0.620722 0.599995 0.047743 0.046221
2 0.615385 0.599501 0.048329 0.047114
2 0.604497 0.598058 0.048061 0.046849
2 0.593422 0.597126 0.048331 0.047041
2 0.588080 0.595871 0.047749 0.046344
2 0.577707 0.594370 0.047893 0.046561
2 0.553022 0.585950 0.047822 0.046398
2 0.544101 0.581261 0.048130 0.046684
2 0.535805 0.575909 0.048047 0.046684
2 0.528095 0.569899 0.048053 0.046674
2 0.520954 0.563999 0.047926 0.046421
2 0.514553 0.557242 0.047812 0.046369
2 0.509217 0.550436 0.048019 0.046645
