2 0.621094 0.459961 0.042188 0.044922
2 0.622005 0.460937 0.041927 0.045573
2 0.622917 0.461914 0.041667 0.046224
2 0.623828 0.462891 0.041406 0.046875
2 0.624740 0.463867 0.041146 0.047526
2 0.625651 0.464844 0.040885 0.048177
2 0.626562 0.465820 0.040625 0.048828
2 0.627040 0.466906 0.040799 0.048394
2 0.627517 0.467991 0.040972 0.047960
2 0.627995 0.469076 0.041146 0.047526
2 0.628472 0.470162 0.041319 0.047092
2 0.628950 0.471247 0.041493 0.046658
2 0.629427 0.472333 0.041667 0.046224
2 0.629905 0.473418 0.041840 0.045790
2 0.630382 0.474503 0.042014 0.045356
2 0.630860 0.475589 0.042188 0.044922
2 0.631080 0.476504 0.042285 0.045288
2 0.631299 0.477419 0.042383 0.045654
2 0.631519 0.478335 0.042480 0.046021
2 0.631739 0.479250 0.042578 0.046387
2 0.631958 0.480166 0.042676 0.046753
2 0.632178 0.481081 0.042773 0.047119
2 0.632398 0.481996 0.042871 0.047485
2 0.632617 0.482912 0.042969 0.047852
2 0.632837 0.483827 0.043066 0.048218
2 0.633057 0.484742 0.043164 0.048584
2 0.633277 0.485658 0.043262 0.048950
2 0.633496 0.486573 0.043359 0.049316
2 0.633716 0.487488 0.043457 0.049683
2 0.633936 0.488404 0.043555 0.050049
2 0.634155 0.489319 0.043652 0.050415
2 0.634375 0.490234 0.043750 0.050781
2 0.634195 0.490309 0.044111 0.050931
2 0.634014 0.490385 0.044471 0.051082
2 0.633834 0.490460 0.044832 0.051232
2 0.633654 0.490535 0.045192 0.051382
2 0.633474 0.490610 0.045553 0.051532
2 0.633293 0.490685 0.045913 0.051683
2 0.633113 0.490760 0.046274 0.051833
2 0.632933 0.490835 0.046635 0.051983
2 0.632752 0.490910 0.046995 0.052133
2 0.632572 0.490986 0.047356 0.052284
2 0.632392 0.491061 0.047716 0.052434
2 0.632212 0.491136 0.048077 0.052584
2 0.632031 0.491211 0.048438 0.052734
2 0.631424 0.490994 0.048611 0.052300
2 0.630816 0.490777 0.048785 0.051866
2 0.630208 0.490560 0.048958 0.051432
2 0.629601 0.490343 0.049132 0.050998
2 0.628993 0.490126 0.049306 0.050564
2 0.628385 0.489909 0.049479 0.050130
2 0.627778 0.489692 0.049653 0.049696
2 0.627170 0.489475 0.049826 0.049262
2 0.626563 0.489258 0.050000 0.048828
2 0.626389 0.488281 0.048611 0.048611
2 0.626215 0.487305 0.047222 0.048394
2 0.626042 0.486328 0.045833 0.048177
2 0.625868 0.485352 0.044444 0.047960
2 0.625694 0.484375 0.043056 0.047743
2 0.625521 0.483398 0.041667 0.047526
2 0.625347 0.482422 0.040278 0.047309
2 0.625174 0.481445 0.038889 0.047092
2 0.625000 0.480469 0.037500 0.046875
2 0.624922 0.479883 0.038594 0.047266
2 0.624844 0.479297 0.039688 0.047656
2 0.624766 0.478711 0.040781 0.048047
2 0.624687 0.478125 0.041875 0.048438
2 0.624609 0.477539 0.042969 0.048828
2 0.624531 0.476953 0.044063 0.049219
2 0.624453 0.476367 0.045156 0.049609
2 0.624375 0.475781 0.046250 0.050000
2 0.624297 0.475195 0.047344 0.050391
2 0.624219 0.474609 0.048438 0.050781
2 0.624787 0.473633 0.047869 0.050604
2 0.625355 0.472656 0.047301 0.050426
2 0.625923 0.471680 0.046733 0.050249
2 0.626491 0.470703 0.046165 0.050071
2 0.627060 0.469727 0.045597 0.049893
2 0.627628 0.468750 0.045028 0.049716
2 0.628196 0.467773 0.044460 0.049538
2 0.628764 0.466797 0.043892 0.049361
2 0.629332 0.465820 0.043324 0.049183
2 0.629901 0.464844 0.042756 0.049006
2 0.630469 0.463867 0.042188 0.048828
2 0.630525 0.463100 0.042522 0.048689
2 0.630580 0.462333 0.042857 0.048549
2 0.630636 0.461565 0.043192 0.048410
2 0.630692 0.460798 0.043527 0.048270
2 0.630748 0.460031 0.043862 0.048131
2 0.630804 0.459263 0.044196 0.047991
2 0.630859 0.458496 0.044531 0.047852
2 0.630915 0.457729 0.044866 0.047712
2 0.630971 0.456961 0.045201 0.047573
2 0.631027 0.456194 0.045536 0.047433
2 0.631083 0.455427 0.045871 0.047294
2 0.631138 0.454660 0.046205 0.047154
2 0.631194 0.453892 0.046540 0.047015
2 0.631250 0.453125 0.046875 0.046875
2 0.631463 0.452592 0.046733 0.046875
2 0.631676 0.452060 0.046591 0.046875
2 0.631889 0.451527 0.046449 0.046875
2 0.632102 0.450994 0.046307 0.046875
2 0.632315 0.450462 0.046165 0.046875
2 0.632528 0.449929 0.046023 0.046875
2 0.632741 0.449396 0.045881 0.046875
2 0.632955 0.448864 0.045739 0.046875
2 0.633168 0.448331 0.045597 0.046875
2 0.633381 0.447798 0.045455 0.046875
2 0.633594 0.447266 0.045312 0.046875
2 0.633125 0.446387 0.044688 0.046289
2 0.632656 0.445508 0.044063 0.045703
2 0.632188 0.444629 0.043438 0.045117
2 0.631719 0.443750 0.042813 0.044531
2 0.631250 0.442871 0.042188 0.043945
2 0.630781 0.441992 0.041563 0.043359
2 0.630313 0.441113 0.040938 0.042773
2 0.629844 0.440234 0.040313 0.042188
2 0.629375 0.439355 0.039688 0.041602
2 0.628906 0.438477 0.039062 0.041016
2 0.628472 0.437717 0.039236 0.041233
2 0.628038 0.436957 0.039410 0.041450
2 0.627604 0.436198 0.039583 0.041667
2 0.627170 0.435438 0.039757 0.041884
2 0.626736 0.434679 0.039931 0.042101
2 0.626302 0.433919 0.040104 0.042318
2 0.625868 0.433160 0.040278 0.042535
2 0.625434 0.432400 0.040451 0.042752
2 0.625000 0.431641 0.040625 0.042969
2 0.624531 0.430729 0.041354 0.043229
2 0.624063 0.429818 0.042083 0.043490
2 0.623594 0.428906 0.042813 0.043750
2 0.623125 0.427995 0.043542 0.044010
2 0.622656 0.427083 0.044271 0.044271
2 0.622188 0.426172 0.045000 0.044531
2 0.621719 0.425260 0.045729 0.044792
2 0.621250 0.424349 0.046458 0.045052
2 0.620781 0.423437 0.047188 0.045313
2 0.620313 0.422526 0.047917 0.045573
2 0.619844 0.421615 0.048646 0.045833
2 0.619375 0.420703 0.049375 0.046094
2 0.618906 0.419792 0.050104 0.046354
2 0.618437 0.418880 0.050833 0.046615
2 0.617969 0.417969 0.051562 0.046875
2 0.617187 0.418026 0.050735 0.046760
2 0.616406 0.418084 0.049908 0.046645
2 0.615625 0.418141 0.049081 0.046530
2 0.614844 0.418199 0.048254 0.046415
2 0.614062 0.418256 0.047426 0.046301
2 0.613281 0.418313 0.046599 0.046186
2 0.612500 0.418371 0.045772 0.046071
2 0.611719 0.418428 0.044945 0.045956
2 0.610937 0.418486 0.044118 0.045841
2 0.610156 0.418543 0.043290 0.045726
2 0.609375 0.418601 0.042463 0.045611
2 0.608594 0.418658 0.041636 0.045496
2 0.607812 0.418716 0.040809 0.045381
2 0.607031 0.418773 0.039982 0.045267
2 0.606250 0.418830 0.039154 0.045152
2 0.605469 0.418888 0.038327 0.045037
2 0.604688 0.418945 0.037500 0.044922
2 0.604087 0.419246 0.037740 0.045523
2 0.603486 0.419546 0.037981 0.046124
2 0.602885 0.419847 0.038221 0.046725
2 0.602284 0.420147 0.038462 0.047326
2 0.601683 0.420448 0.038702 0.047927
2 0.601082 0.420748 0.038942 0.048528
2 0.600481 0.421049 0.039183 0.049129
2 0.599880 0.421349 0.039423 0.049730
2 0.599279 0.421650 0.039663 0.050331
2 0.598678 0.421950 0.039904 0.050931
2 0.598077 0.422251 0.040144 0.051532
2 0.597476 0.422551 0.040385 0.052133
2 0.596875 0.422852 0.040625 0.052734
2 0.597240 0.423307 0.040521 0.052344
2 0.597604 0.423763 0.040417 0.051953
2 0.597969 0.424219 0.040312 0.051562
2 0.598333 0.424674 0.040208 0.051172
2 0.598698 0.425130 0.040104 0.050781
2 0.599063 0.425586 0.040000 0.050391
2 0.599427 0.426042 0.039896 0.050000
2 0.599792 0.426497 0.039792 0.049609
2 0.600156 0.426953 0.039688 0.049219
2 0.600521 0.427409 0.039583 0.048828
2 0.600885 0.427865 0.039479 0.048437
2 0.601250 0.428320 0.039375 0.048047
2 0.601615 0.428776 0.039271 0.047656
2 0.601979 0.429232 0.039167 0.047266
2 0.602344 0.429688 0.039062 0.046875
2 0.602704 0.430213 0.039062 0.046424
2 0.603065 0.430739 0.039062 0.045974
2 0.603425 0.431265 0.039062 0.045523
2 0.603786 0.431791 0.039062 0.045072
2 0.604147 0.432317 0.039062 0.044621
2 0.604507 0.432843 0.039062 0.044171
2 0.604868 0.433368 0.039062 0.043720
2 0.605228 0.433894 0.039062 0.043269
2 0.605589 0.434420 0.039062 0.042819
2 0.605950 0.434946 0.039062 0.042368
2 0.606310 0.435472 0.039062 0.041917
2 0.606671 0.435998 0.039062 0.041466
2 0.607031 0.436523 0.039062 0.041016
2 0.607315 0.437411 0.039347 0.041726
2 0.607599 0.438299 0.039631 0.042436
2 0.607884 0.439187 0.039915 0.043146
2 0.608168 0.440075 0.040199 0.043857
2 0.608452 0.440962 0.040483 0.044567
2 0.608736 0.441850 0.040767 0.045277
2 0.609020 0.442738 0.041051 0.045987
2 0.609304 0.443626 0.041335 0.046697
2 0.609588 0.444513 0.041619 0.047408
2 0.609872 0.445401 0.041903 0.048118
2 0.610156 0.446289 0.042188 0.048828
2 0.610547 0.447363 0.042969 0.048633
2 0.610937 0.448437 0.043750 0.048438
2 0.611328 0.449512 0.044531 0.048242
2 0.611719 0.450586 0.045312 0.048047
2 0.612109 0.451660 0.046094 0.047852
2 0.612500 0.452734 0.046875 0.047656
2 0.612891 0.453809 0.047656 0.047461
2 0.613281 0.454883 0.048437 0.047266
2 0.613672 0.455957 0.049219 0.047070
2 0.614063 0.457031 0.050000 0.046875
2 0.614922 0.457910 0.048906 0.046289
2 0.615781 0.458789 0.047812 0.045703
2 0.616641 0.459668 0.046719 0.045117
2 0.617500 0.460547 0.045625 0.044531
2 0.618359 0.461426 0.044531 0.043945
2 0.619219 0.462305 0.043437 0.043359
2 0.620078 0.463184 0.042344 0.042773
2 0.620938 0.464063 0.041250 0.042187
2 0.621797 0.464941 0.040156 0.041602
2 0.622656 0.465820 0.039062 0.041016
2 0.622716 0.466421 0.039183 0.041316
2 0.622776 0.467022 0.039303 0.041617
2 0.622837 0.467623 0.039423 0.041917
2 0.622897 0.468224 0.039543 0.042218
2 0.622957 0.468825 0.039663 0.042518
2 0.623017 0.469426 0.039784 0.042819
2 0.623077 0.470027 0.039904 0.043119
2 0.623137 0.470628 0.040024 0.043419
2 0.623197 0.471229 0.040144 0.043720
2 0.623257 0.471830 0.040264 0.044020
2 0.623317 0.472431 0.040385 0.044321
2 0.623377 0.473032 0.040505 0.044621
2 0.623437 0.473633 0.040625 0.044922
2 0.623828 0.475195 0.040781 0.045312
2 0.624219 0.476758 0.040937 0.045703
2 0.624609 0.478320 0.041094 0.046094
2 0.625000 0.479883 0.041250 0.046484
2 0.625391 0.481445 0.041406 0.046875
2 0.625781 0.483008 0.041562 0.047266
2 0.626172 0.484570 0.041719 0.047656
2 0.626562 0.486133 0.041875 0.048047
2 0.626953 0.487695 0.042031 0.048437
2 0.627344 0.489258 0.042188 0.048828
2 0.627699 0.490234 0.041477 0.048295
2 0.628054 0.491211 0.040767 0.047763
2 0.628409 0.492188 0.040057 0.047230
2 0.628764 0.493164 0.039347 0.046697
2 0.629119 0.494141 0.038636 0.046165
2 0.629474 0.495117 0.037926 0.045632
2 0.629830 0.496094 0.037216 0.045099
2 0.630185 0.497070 0.036506 0.044567
2 0.630540 0.498047 0.035795 0.044034
2 0.630895 0.499023 0.035085 0.043501
2 0.631250 0.500000 0.034375 0.042969
2 0.631490 0.501202 0.034615 0.042969
2 0.631731 0.502404 0.034856 0.042969
2 0.631971 0.503606 0.035096 0.042969
2 0.632212 0.504808 0.035337 0.042969
2 0.632452 0.506010 0.035577 0.042969
2 0.632692 0.507212 0.035817 0.042969
2 0.632933 0.508413 0.036058 0.042969
2 0.633173 0.509615 0.036298 0.042969
2 0.633413 0.510817 0.036538 0.042969
2 0.633654 0.512019 0.036779 0.042969
2 0.633894 0.513221 0.037019 0.042969
2 0.634135 0.514423 0.037260 0.042969
2 0.634375 0.515625 0.037500 0.042969
2 0.634531 0.516211 0.037813 0.042578
2 0.634688 0.516797 0.038125 0.042187
2 0.634844 0.517383 0.038438 0.041797
2 0.635000 0.517969 0.038750 0.041406
2 0.635156 0.518555 0.039062 0.041016
2 0.635260 0.518945 0.039062 0.041016
2 0.635365 0.519336 0.039062 0.041016
2 0.635469 0.519727 0.039062 0.041016
2 0.635573 0.520117 0.039062 0.041016
2 0.635677 0.520508 0.039062 0.041016
2 0.635781 0.520898 0.039062 0.041016
2 0.635885 0.521289 0.039062 0.041016
2 0.635990 0.521680 0.039062 0.041016
2 0.636094 0.522070 0.039062 0.041016
2 0.636198 0.522461 0.039062 0.041016
2 0.636302 0.522852 0.039062 0.041016
2 0.636406 0.523242 0.039062 0.041016
2 0.636510 0.523633 0.039062 0.041016
2 0.636615 0.524023 0.039062 0.041016
2 0.636719 0.524414 0.039062 0.041016
2 0.636979 0.524251 0.039062 0.040690
2 0.637240 0.524089 0.039062 0.040365
2 0.637500 0.523926 0.039062 0.040039
2 0.637760 0.523763 0.039062 0.039714
2 0.638021 0.523600 0.039062 0.039388
2 0.638281 0.523438 0.039062 0.039063
2 0.638542 0.523275 0.039062 0.038737
2 0.638802 0.523112 0.039062 0.038411
2 0.639062 0.522949 0.039062 0.038086
2 0.639323 0.522786 0.039062 0.037760
2 0.639583 0.522624 0.039062 0.037435
2 0.639844 0.522461 0.039062 0.037109
2 0.640104 0.522298 0.039062 0.036784
2 0.640365 0.522135 0.039062 0.036458
2 0.640625 0.521973 0.039062 0.036133
2 0.640885 0.521810 0.039062 0.035807
2 0.641146 0.521647 0.039062 0.035482
2 0.641406 0.521484 0.039062 0.035156
2 0.641335 0.520597 0.039205 0.035156
2 0.641264 0.519709 0.039347 0.035156
2 0.641193 0.518821 0.039489 0.035156
2 0.641122 0.517933 0.039631 0.035156
2 0.641051 0.517045 0.039773 0.035156
2 0.640980 0.516158 0.039915 0.035156
2 0.640909 0.515270 0.040057 0.035156
2 0.640838 0.514382 0.040199 0.035156
2 0.640767 0.513494 0.040341 0.035156
2 0.640696 0.512607 0.040483 0.035156
2 0.640625 0.511719 0.040625 0.035156
