2 0.522656 0.721680 0.026562 0.033203
2 0.522266 0.721680 0.026758 0.033936
2 0.521875 0.721680 0.026953 0.034668
2 0.521484 0.721680 0.027148 0.035400
2 0.521094 0.721680 0.027344 0.036133
2 0.520703 0.721680 0.027539 0.036865
2 0.520313 0.721680 0.027734 0.037598
2 0.519922 0.721680 0.027930 0.038330
2 0.519531 0.721680 0.028125 0.039062
2 0.519141 0.721680 0.028320 0.039795
2 0.518750 0.721680 0.028516 0.040527
2 0.518359 0.721680 0.028711 0.041260
2 0.517969 0.721680 0.028906 0.041992
2 0.517578 0.721680 0.029102 0.042725
2 0.517188 0.721680 0.029297 0.043457
2 0.516797 0.721680 0.029492 0.044189
2 0.516406 0.721680 0.029687 0.044922
2 0.515842 0.721517 0.029253 0.044596
2 0.515278 0.721354 0.028819 0.044271
2 0.514714 0.721191 0.028385 0.043945
2 0.514149 0.721029 0.027951 0.043620
2 0.513585 0.720866 0.027517 0.043294
2 0.513021 0.720703 0.027083 0.042969
2 0.512457 0.720540 0.026649 0.042643
2 0.511892 0.720378 0.026215 0.042318
2 0.511328 0.720215 0.025781 0.041992
2 0.510764 0.720052 0.025347 0.041667
2 0.510200 0.719889 0.024913 0.041341
2 0.509635 0.719727 0.024479 0.041016
2 0.509071 0.719564 0.024045 0.040690
2 0.508507 0.719401 0.023611 0.040365
2 0.507943 0.719238 0.023177 0.040039
2 0.507378 0.719076 0.022743 0.039714
2 0.506814 0.718913 0.022309 0.039388
2 0.506250 0.718750 0.021875 0.039062
2 0.505729 0.718517 0.022024 0.038597
2 0.505208 0.718285 0.022173 0.038132
2 0.504687 0.718052 0.022321 0.037667
2 0.504167 0.717820 0.022470 0.037202
2 0.503646 0.717587 0.022619 0.036737
2 0.503125 0.717355 0.022768 0.036272
2 0.502604 0.717122 0.022917 0.035807
2 0.502083 0.716890 0.023065 0.035342
2 0.501562 0.716657 0.023214 0.034877
2 0.501042 0.716425 0.023363 0.034412
2 0.500521 0.716192 0.023512 0.033947
2 0.500000 0.715960 0.023661 0.033482
2 0.499479 0.715727 0.023810 0.033017
2 0.498958 0.715495 0.023958 0.032552
2 0.498437 0.715262 0.024107 0.032087
2 0.497917 0.715030 0.024256 0.031622
2 0.497396 0.714797 0.024405 0.031157
2 0.496875 0.714565 0.024554 0.030692
2 0.496354 0.714332 0.024702 0.030227
2 0.495833 0.714100 0.024851 0.029762
2 0.495312 0.713867 0.025000 0.029297
2 0.494775 0.713623 0.025293 0.030029
2 0.494238 0.713379 0.025586 0.030762
2 0.493701 0.713135 0.025879 0.031494
2 0.493164 0.712891 0.026172 0.032227
2 0.492627 0.712646 0.026465 0.032959
2 0.492090 0.712402 0.026758 0.033691
2 0.491553 0.712158 0.027051 0.034424
2 0.491016 0.711914 0.027344 0.035156
2 0.490479 0.711670 0.027637 0.035889
2 0.489941 0.711426 0.027930 0.036621
2 0.489404 0.711182 0.028223 0.037354
2 0.488867 0.710938 0.028516 0.038086
2 0.488330 0.710693 0.028809 0.038818
2 0.487793 0.710449 0.029102 0.039551
2 0.487256 0.710205 0.029395 0.040283
2 0.486719 0.709961 0.029687 0.041016
2 0.486257 0.709828 0.029616 0.040749
2 0.485795 0.709695 0.029545 0.040483
2 0.485334 0.709561 0.029474 0.040217
2 0.484872 0.709428 0.029403 0.039950
2 0.484411 0.709295 0.029332 0.039684
2 0.483949 0.709162 0.029261 0.039418
2 0.483487 0.709029 0.029190 0.039151
2 0.483026 0.708896 0.029119 0.038885
2 0.482564 0.708762 0.029048 0.038619
2 0.482102 0.708629 0.028977 0.038352
2 0.481641 0.708496 0.028906 0.038086
2 0.481179 0.708363 0.028835 0.037820
2 0.480717 0.708230 0.028764 0.037553
2 0.480256 0.708097 0.028693 0.037287
2 0.479794 0.707963 0.028622 0.037021
2 0.479332 0.707830 0.028551 0.036754
2 0.478871 0.707697 0.028480 0.036488
2 0.478409 0.707564 0.028409 0.036222
2 0.477947 0.707431 0.028338 0.035955
2 0.477486 0.707298 0.028267 0.035689
2 0.477024 0.707164 0.028196 0.035423
2 0.476562 0.707031 0.028125 0.035156
2 0.475651 0.706787 0.028125 0.034993
2 0.474740 0.706543 0.028125 0.034831
2 0.473828 0.706299 0.028125 0.034668
2 0.472917 0.706055 0.028125 0.034505
2 0.472005 0.705811 0.028125 0.034342
2 0.471094 0.705566 0.028125 0.034180
2 0.470182 0.705322 0.028125 0.034017
2 0.469271 0.705078 0.028125 0.033854
2 0.468359 0.704834 0.028125 0.033691
2 0.467448 0.704590 0.028125 0.033529
2 0.466536 0.704346 0.028125 0.033366
2 0.465625 0.704102 0.028125 0.033203
2 0.465141 0.704195 0.028348 0.033575
2 0.464658 0.704288 0.028571 0.033947
2 0.464174 0.704381 0.028795 0.034319
2 0.463690 0.704474 0.029018 0.034691
2 0.463207 0.704567 0.029241 0.035063
2 0.462723 0.704660 0.029464 0.035435
2 0.462240 0.704753 0.029688 0.035807
2 0.461756 0.704846 0.029911 0.036179
2 0.461272 0.704939 0.030134 0.036551
2 0.460789 0.705032 0.030357 0.036923
2 0.460305 0.705125 0.030580 0.037295
2 0.459821 0.705218 0.030804 0.037667
2 0.459338 0.705311 0.031027 0.038039
2 0.458854 0.705404 0.031250 0.038411
2 0.458371 0.705497 0.031473 0.038783
2 0.457887 0.705590 0.031696 0.039156
2 0.457403 0.705683 0.031920 0.039528
2 0.456920 0.705776 0.032143 0.039900
2 0.456436 0.705869 0.032366 0.040272
2 0.455952 0.705962 0.032589 0.040644
2 0.455469 0.706055 0.032813 0.041016
2 0.454876 0.705853 0.032597 0.041016
2 0.454283 0.705651 0.032381 0.041016
2 0.453691 0.705449 0.032166 0.041016
2 0.453098 0.705246 0.031950 0.041016
2 0.452505 0.705044 0.031735 0.041016
2 0.451913 0.704842 0.031519 0.041016
2 0.451320 0.704640 0.031304 0.041016
2 0.450727 0.704438 0.031088 0.041016
2 0.450135 0.704236 0.030873 0.041016
2 0.449542 0.704034 0.030657 0.041016
2 0.448949 0.703832 0.030442 0.041016
2 0.448357 0.703630 0.030226 0.041016
2 0.447764 0.703428 0.030011 0.041016
2 0.447171 0.703226 0.029795 0.041016
2 0.446579 0.703024 0.029580 0.041016
2 0.445986 0.702822 0.029364 0.041016
2 0.445393 0.702620 0.029149 0.041016
2 0.444801 0.702418 0.028933 0.041016
2 0.444208 0.702216 0.028718 0.041016
2 0.443615 0.702014 0.028502 0.041016
2 0.443023 0.701812 0.028287 0.041016
2 0.442430 0.701610 0.028071 0.041016
2 0.441837 0.701408 0.027856 0.041016
2 0.441245 0.701206 0.027640 0.041016
2 0.440652 0.701004 0.027425 0.041016
2 0.440059 0.700801 0.027209 0.041016
2 0.439467 0.700599 0.026994 0.041016
2 0.438874 0.700397 0.026778 0.041016
2 0.438281 0.700195 0.026562 0.041016
2 0.437946 0.700091 0.026674 0.040806
2 0.437612 0.699986 0.026786 0.040597
2 0.437277 0.699881 0.026897 0.040388
2 0.436942 0.699777 0.027009 0.040179
2 0.436607 0.699672 0.027121 0.039969
2 0.436272 0.699568 0.027232 0.039760
2 0.435937 0.699463 0.027344 0.039551
2 0.435603 0.699358 0.027455 0.039342
2 0.435268 0.699254 0.027567 0.039132
2 0.434933 0.699149 0.027679 0.038923
2 0.434598 0.699044 0.027790 0.038714
2 0.434263 0.698940 0.027902 0.038504
2 0.433929 0.698835 0.028013 0.038295
2 0.433594 0.698730 0.028125 0.038086
2 0.433259 0.698626 0.028237 0.037877
2 0.432924 0.698521 0.028348 0.037667
2 0.432589 0.698417 0.028460 0.037458
2 0.432254 0.698312 0.028571 0.037249
2 0.431920 0.698207 0.028683 0.037040
2 0.431585 0.698103 0.028795 0.036830
2 0.431250 0.697998 0.028906 0.036621
2 0.430915 0.697893 0.029018 0.036412
2 0.430580 0.697789 0.029129 0.036203
2 0.430246 0.697684 0.029241 0.035993
2 0.429911 0.697580 0.029353 0.035784
2 0.429576 0.697475 0.029464 0.035575
2 0.429241 0.697370 0.029576 0.035366
2 0.428906 0.697266 0.029687 0.035156
2 0.428516 0.697103 0.029687 0.035156
2 0.428125 0.696940 0.029687 0.035156
2 0.427734 0.696777 0.029687 0.035156
2 0.427344 0.696615 0.029687 0.035156
2 0.426953 0.696452 0.029687 0.035156
2 0.426562 0.696289 0.029687 0.035156
2 0.426172 0.696126 0.029687 0.035156
2 0.425781 0.695964 0.029687 0.035156
2 0.425391 0.695801 0.029687 0.035156
2 0.425000 0.695638 0.029687 0.035156
2 0.424609 0.695475 0.029687 0.035156
2 0.424219 0.695312 0.029687 0.035156
2 0.423828 0.695150 0.029687 0.035156
2 0.423437 0.694987 0.029687 0.035156
2 0.423047 0.694824 0.029687 0.035156
2 0.422656 0.694661 0.029687 0.035156
2 0.422266 0.694499 0.029687 0.035156
2 0.421875 0.694336 0.029687 0.035156
2 0.421484 0.694173 0.029687 0.035156
2 0.421094 0.694010 0.029687 0.035156
2 0.420703 0.693848 0.029687 0.035156
2 0.420312 0.693685 0.029687 0.035156
2 0.419922 0.693522 0.029687 0.035156
2 0.419531 0.693359 0.029687 0.035156
2 0.419062 0.693034 0.029792 0.035547
2 0.418594 0.692708 0.029896 0.035938
2 0.418125 0.692383 0.030000 0.036328
2 0.417656 0.692057 0.030104 0.036719
2 0.417187 0.691732 0.030208 0.037109
2 0.416719 0.691406 0.030313 0.037500
2 0.416250 0.691081 0.030417 0.037891
2 0.415781 0.690755 0.030521 0.038281
2 0.415312 0.690430 0.030625 0.038672
2 0.414844 0.690104 0.030729 0.039063
2 0.414375 0.689779 0.030833 0.039453
2 0.413906 0.689453 0.030938 0.039844
2 0.413437 0.689128 0.031042 0.040234
2 0.412969 0.688802 0.031146 0.040625
2 0.412500 0.688477 0.031250 0.041016
2 0.412007 0.688374 0.030921 0.040810
2 0.411513 0.688271 0.030592 0.040604
2 0.411020 0.688168 0.030263 0.040399
2 0.410526 0.688065 0.029934 0.040193
2 0.410033 0.687963 0.029605 0.039988
2 0.409539 0.687860 0.029276 0.039782
2 0.409046 0.687757 0.028947 0.039576
2 0.408553 0.687654 0.028618 0.039371
2 0.408059 0.687551 0.028289 0.039165
2 0.407566 0.687449 0.027961 0.038960
2 0.407072 0.687346 0.027632 0.038754
2 0.406579 0.687243 0.027303 0.038549
2 0.406086 0.687140 0.026974 0.038343
2 0.405592 0.687037 0.026645 0.038137
2 0.405099 0.686935 0.026316 0.037932
2 0.404605 0.686832 0.025987 0.037726
2 0.404112 0.686729 0.025658 0.037521
2 0.403618 0.686626 0.025329 0.037315
2 0.403125 0.686523 0.025000 0.037109
2 0.402637 0.686462 0.025000 0.036987
2 0.402148 0.686401 0.025000 0.036865
2 0.401660 0.686340 0.025000 0.036743
2 0.401172 0.686279 0.025000 0.036621
2 0.400684 0.686218 0.025000 0.036499
2 0.400195 0.686157 0.025000 0.036377
2 0.399707 0.686096 0.025000 0.036255
2 0.399219 0.686035 0.025000 0.036133
2 0.398730 0.685974 0.025000 0.036011
2 0.398242 0.685913 0.025000 0.035889
2 0.397754 0.685852 0.025000 0.035767
2 0.397266 0.685791 0.025000 0.035645
2 0.396777 0.685730 0.025000 0.035522
2 0.396289 0.685669 0.025000 0.035400
2 0.395801 0.685608 0.025000 0.035278
2 0.395313 0.685547 0.025000 0.035156
2 0.394885 0.685314 0.025037 0.035156
2 0.394457 0.685082 0.025074 0.035156
2 0.394029 0.684849 0.025112 0.035156
2 0.393601 0.684617 0.025149 0.035156
2 0.393173 0.684384 0.025186 0.035156
2 0.392746 0.684152 0.025223 0.035156
2 0.392318 0.683919 0.025260 0.035156
2 0.391890 0.683687 0.025298 0.035156
2 0.391462 0.683454 0.025335 0.035156
2 0.391034 0.683222 0.025372 0.035156
2 0.390606 0.682989 0.025409 0.035156
2 0.390179 0.682757 0.025446 0.035156
2 0.389751 0.682524 0.025484 0.035156
2 0.389323 0.682292 0.025521 0.035156
2 0.388895 0.682059 0.025558 0.035156
2 0.388467 0.681827 0.025595 0.035156
2 0.388039 0.681594 0.025632 0.035156
2 0.387612 0.681362 0.025670 0.035156
2 0.387184 0.681129 0.025707 0.035156
2 0.386756 0.680897 0.025744 0.035156
2 0.386328 0.680664 0.025781 0.035156
2 0.385900 0.680432 0.025818 0.035156
2 0.385472 0.680199 0.025856 0.035156
2 0.385045 0.679967 0.025893 0.035156
2 0.384617 0.679734 0.025930 0.035156
2 0.384189 0.679501 0.025967 0.035156
2 0.383761 0.679269 0.026004 0.035156
2 0.383333 0.679036 0.026042 0.035156
2 0.382906 0.678804 0.026079 0.035156
2 0.382478 0.678571 0.026116 0.035156
2 0.382050 0.678339 0.026153 0.035156
2 0.381622 0.678106 0.026190 0.035156
2 0.381194 0.677874 0.026228 0.035156
2 0.380766 0.677641 0.026265 0.035156
2 0.380339 0.677409 0.026302 0.035156
2 0.379911 0.677176 0.026339 0.035156
2 0.379483 0.676944 0.026376 0.035156
2 0.379055 0.676711 0.026414 0.035156
2 0.378627 0.676479 0.026451 0.035156
2 0.378199 0.676246 0.026488 0.035156
2 0.377772 0.676014 0.026525 0.035156
2 0.377344 0.675781 0.026562 0.035156
