2 0.639062 0.715820 0.081250 0.048828
2 0.637618 0.717957 0.081490 0.049429
2 0.636582 0.720002 0.080877 0.049147
2 0.636243 0.721917 0.081273 0.049693
2 0.636266 0.722159 0.081125 0.049357
2 0.636270 0.723001 0.080478 0.048734
2 0.636880 0.722376 0.080318 0.048335
2 0.637641 0.722945 0.081227 0.049529
2 0.638663 0.722170 0.080567 0.049010
2 0.640355 0.722262 0.080843 0.050161
2 0.641174 0.721622 0.080884 0.050206
2 0.644326 0.720480 0.080862 0.051811
2 0.645703 0.721142 0.080928 0.051915
2 0.648011 0.719708 0.079669 0.049512
2 0.649133 0.720053 0.079601 0.049869
2 0.651927 0.719248 0.079308 0.050781
2 0.654502 0.719869 0.078913 0.049327
2 0.655587 0.719473 0.079733 0.050292
2 0.658248 0.720166 0.080197 0.051299
2 0.660878 0.720786 0.081232 0.054210
2 0.663297 0.721157 0.080138 0.052633
2 0.664687 0.721919 0.079669 0.051233
2 0.667161 0.722995 0.080442 0.053935
2 0.668081 0.723871 0.079411 0.051312
2 0.670490 0.724993 0.080419 0.053562
2 0.672512 0.726757 0.081283 0.055075
2 0.673313 0.727246 0.079016 0.051659
2 0.675388 0.729108 0.080349 0.052778
2 0.677082 0.730940 0.080962 0.053990
2 0.678870 0.733102 0.080275 0.052584
2 0.680449 0.735625 0.081066 0.053865
2 0.681173 0.736782 0.081665 0.056249
2 0.682355 0.739634 0.080813 0.054242
2 0.683042 0.740656 0.081577 0.055599
2 0.684185 0.743572 0.079641 0.052370
2 0.684870 0.745425 0.080217 0.052350
2 0.685193 0.747312 0.080098 0.052079
2 0.685921 0.749148 0.079357 0.051533
2 0.686325 0.751645 0.080932 0.054022
2 0.686366 0.752730 0.080480 0.053260
2 0.686660 0.755069 0.080148 0.052743
2 0.686847 0.757430 0.079958 0.053518
2 0.686492 0.758459 0.080310 0.053581
2 0.686360 0.760729 0.079907 0.052324
2 0.685884 0.762043 0.080253 0.054300
2 0.685627 0.762997 0.079442 0.051776
2 0.684620 0.764098 0.080427 0.053099
2 0.683827 0.764978 0.079300 0.051068
2 0.683229 0.765251 0.081132 0.052528
2 0.682159 0.765859 0.081703 0.054756
2 0.680899 0.766610 0.080518 0.052030
2 0.679574 0.766214 0.082109 0.054394
2 0.678455 0.766540 0.082311 0.053570
2 0.676826 0.766358 0.081878 0.052933
2 0.675238 0.766367 0.083450 0.055217
2 0.673892 0.766429 0.083769 0.056259
2 0.672028 0.766170 0.084369 0.057639
2 0.669574 0.765504 0.085263 0.059459
2 0.668498 0.765450 0.085636 0.059531
2 0.665801 0.763919 0.086976 0.060509
2 0.663060 0.762885 0.085842 0.057425
2 0.660288 0.761018 0.086465 0.057129
2 0.657206 0.758530 0.088531 0.059276
2 0.655689 0.757124 0.088324 0.058007
2 0.652526 0.753879 0.089874 0.061243
2 0.649121 0.750439 0.091338 0.063607
2 0.647197 0.748249 0.092209 0.063841
2 0.643836 0.744464 0.094122 0.066491
2 0.640352 0.739696 0.093700 0.065467
2 0.636748 0.735046 0.091796 0.063839
2 0.634757 0.732115 0.091333 0.063757
2 0.631132 0.726788 0.093516 0.066099
2 0.627287 0.720798 0.091980 0.064046
2 0.625444 0.717996 0.090708 0.062193
2 0.621729 0.711053 0.093274 0.063759
2 0.618125 0.704071 0.090887 0.059673
2 0.614704 0.696777 0.093658 0.061191
2 0.613286 0.692507 0.093812 0.061633
2 0.610002 0.684982 0.094531 0.060847
2 0.607132 0.676436 0.091702 0.057225
2 0.606226 0.672319 0.095350 0.061193
2 0.604493 0.663524 0.093168 0.058029
2 0.603515 0.654193 0.091794 0.056015
2 0.603571 0.645197 0.093631 0.057989
2 0.603877 0.640122 0.097390 0.062495
2 0.605403 0.631060 0.095863 0.061261
2 0.608137 0.621337 0.095913 0.061050
2 0.609760 0.616305 0.094729 0.061359
2 0.614312 0.606417 0.095635 0.059807
2 0.619618 0.596368 0.096020 0.059185
2 0.622541 0.591378 0.095904 0.060383
2 0.629345 0.581262 0.096381 0.057927
2 0.636798 0.571443 0.097871 0.060134
2 0.644783 0.561498 0.100044 0.067092
2 0.648427 0.556477 0.100942 0.069596
2 0.656686 0.547474 0.099347 0.071210
2 0.664853 0.538831 0.103439 0.080039
2 0.672602 0.530609 0.104167 0.084575
2 0.676509 0.527389 0.107002 0.088878
2 0.683781 0.520297 0.105312 0.089123
2 0.690333 0.514500 0.102269 0.086130
2 0.693412 0.511752 0.102385 0.087494
2 0.699009 0.507663 0.101984 0.086747
2 0.703698 0.504593 0.101236 0.086039
2 0.707570 0.501827 0.102985 0.087337
2 0.709079 0.501515 0.101996 0.086488
2 0.711221 0.500440 0.100931 0.086763
2 0.712798 0.500803 0.100101 0.085378
2 0.713490 0.501183 0.099492 0.084032
2 0.713138 0.502100 0.099766 0.085321
2 0.712561 0.503327 0.099883 0.083454
2 0.711027 0.505437 0.099978 0.083113
2 0.709752 0.507002 0.098562 0.081188
2 0.705834 0.511547 0.100664 0.083940
2 0.704577 0.513265 0.101199 0.084253
2 0.701164 0.516846 0.101097 0.083687
2 0.697384 0.520042 0.100073 0.083504
2 0.695675 0.521646 0.100832 0.083770
2 0.691913 0.524656 0.101716 0.081414
2 0.690018 0.525520 0.101490 0.082875
2 0.686108 0.527696 0.101576 0.082370
2 0.682599 0.529017 0.100920 0.080059
2 0.681022 0.529193 0.100269 0.079714
2 0.678204 0.528997 0.099163 0.076840
2 0.675673 0.527099 0.094955 0.071504
2 0.674253 0.524712 0.091874 0.067504
2 0.673563 0.520731 0.092370 0.067144
2 0.673625 0.518411 0.092360 0.067836
2 0.674782 0.512316 0.093048 0.069005
2 0.677323 0.504996 0.091546 0.066803
2 0.681157 0.496396 0.094205 0.071025
2 0.686031 0.486617 0.095231 0.072198
2 0.689428 0.481152 0.094014 0.070568
2 0.696029 0.469987 0.093904 0.071488
2 0.703419 0.458217 0.094768 0.074682
2 0.707490 0.451503 0.096389 0.078623
2 0.715321 0.439396 0.096139 0.078323
2 0.723670 0.426403 0.096295 0.078266
2 0.727945 0.420369 0.096862 0.079082
2 0.736507 0.407377 0.095660 0.077616
2 0.740457 0.400950 0.096815 0.079899
2 0.748409 0.388513 0.096653 0.080311
2 0.756262 0.376511 0.096094 0.079699
2 0.759872 0.371281 0.096673 0.081831
2 0.767259 0.360833 0.096930 0.082617
2 0.774263 0.352115 0.095005 0.080788
2 0.780153 0.344231 0.094351 0.080510
2 0.785214 0.338234 0.092837 0.079012
2 0.787842 0.335837 0.093148 0.079031
2 0.791675 0.331885 0.092172 0.078378
2 0.793365 0.330627 0.092058 0.078351
2 0.795800 0.329332 0.091265 0.076178
2 0.796845 0.329217 0.091976 0.077012
2 0.796925 0.329944 0.092630 0.078605
2 0.796895 0.330920 0.090572 0.075246
2 0.794864 0.333466 0.090796 0.075754
2 0.792043 0.337632 0.091336 0.076164
2 0.790293 0.339359 0.091660 0.076215
2 0.783492 0.346674 0.091509 0.075302
2 0.780505 0.349912 0.092401 0.077414
2 0.771661 0.358509 0.091243 0.074592
2 0.768621 0.361720 0.092317 0.077023
2 0.761837 0.367576 0.091878 0.076858
2 0.754628 0.373133 0.091445 0.076490
2 0.751093 0.376150 0.089784 0.073406
2 0.743715 0.381296 0.090570 0.074681
2 0.736682 0.386867 0.090688 0.075337
2 0.730081 0.390698 0.090770 0.075125
2 0.727084 0.392916 0.090483 0.074881
2 0.721619 0.395478 0.089221 0.072085
2 0.717010 0.397447 0.089242 0.071909
2 0.715308 0.398137 0.090160 0.074163
2 0.712045 0.398490 0.090384 0.075420
2 0.710996 0.398772 0.090486 0.075143
2 0.709479 0.397950 0.089596 0.073648
2 0.708745 0.396241 0.089959 0.074998
2 0.709263 0.393286 0.089865 0.074613
2 0.710174 0.391789 0.089355 0.073761
2 0.712043 0.387771 0.089222 0.074550
2 0.714694 0.383146 0.089954 0.075963
2 0.716214 0.380853 0.090051 0.075893
2 0.719454 0.375533 0.090058 0.076137
2 0.721447 0.372806 0.089594 0.075883
2 0.725006 0.367348 0.090442 0.076898
2 0.728586 0.361549 0.090720 0.077182
2 0.730166 0.358378 0.089233 0.074325
2 0.734008 0.352957 0.089099 0.074699
2 0.737474 0.347163 0.089769 0.075698
2 0.739058 0.345044 0.089406 0.074830
2 0.742202 0.339517 0.089806 0.075924
2 0.743519 0.337551 0.089510 0.075801
2 0.746602 0.332836 0.088992 0.074946
2 0.749211 0.328546 0.090297 0.077197
2 0.751517 0.324610 0.090163 0.077038
2 0.752289 0.322733 0.090158 0.077087
2 0.754244 0.319514 0.088580 0.074028
2 0.755743 0.316100 0.089647 0.076461
2 0.756076 0.315045 0.089777 0.076724
2 0.757246 0.312675 0.090310 0.077996
2 0.758026 0.310800 0.090520 0.078051
2 0.758060 0.309881 0.089315 0.075116
2 0.758252 0.308842 0.090624 0.078109
2 0.758167 0.307492 0.089416 0.075571
2 0.757762 0.306404 0.089646 0.076422
2 0.756826 0.306243 0.089688 0.076230
2 0.755969 0.305341 0.088868 0.075834
2 0.755649 0.305290 0.089497 0.076528
2 0.754183 0.305083 0.089433 0.076920
2 0.752900 0.304999 0.089284 0.076780
2 0.752229 0.304933 0.090095 0.077496
2 0.750388 0.305085 0.089871 0.077112
2 0.748375 0.305474 0.088451 0.074720
2 0.746379 0.305331 0.088477 0.075290
2 0.745318 0.305329 0.088368 0.074871
2 0.743066 0.305382 0.088385 0.074801
2 0.740559 0.305653 0.087071 0.072390
2 0.739494 0.305634 0.087757 0.073166
2 0.736754 0.305526 0.087805 0.073486
2 0.734406 0.305573 0.087485 0.073042
2 0.731760 0.304996 0.089496 0.076569
2 0.730220 0.305276 0.088966 0.075439
2 0.727535 0.305260 0.088787 0.075633
2 0.724856 0.305245 0.088531 0.075372
2 0.723399 0.304951 0.088937 0.076147
2 0.720711 0.304936 0.089411 0.076571
2 0.717631 0.304528 0.089210 0.075867
2 0.714623 0.303927 0.087939 0.073094
2 0.713007 0.303944 0.087935 0.073036
2 0.710247 0.303368 0.088695 0.075065
2 0.707168 0.302980 0.089265 0.076304
2 0.705404 0.302865 0.089589 0.076493
2 0.702374 0.302453 0.089136 0.075348
2 0.699258 0.302009 0.087862 0.072627
2 0.695933 0.301998 0.087326 0.071762
2 0.692403 0.302314 0.087714 0.072922
2 0.691044 0.302220 0.087080 0.071531
2 0.687731 0.303081 0.087237 0.072750
2 0.684464 0.303513 0.086029 0.071008
2 0.682863 0.303862 0.085738 0.070358
2 0.679556 0.305162 0.086771 0.072543
2 0.676509 0.306299 0.086524 0.071891
2 0.673355 0.307708 0.085549 0.070079
2 0.671723 0.308453 0.087023 0.072868
2 0.668549 0.309910 0.085818 0.070342
2 0.666967 0.311066 0.086871 0.072278
2 0.664004 0.313094 0.086767 0.071974
2 0.661185 0.315245 0.086529 0.071246
2 0.659899 0.316330 0.087938 0.073279
2 0.657244 0.318284 0.087484 0.073162
2 0.654527 0.320794 0.087207 0.072828
2 0.653418 0.321742 0.086966 0.071752
2 0.651068 0.324564 0.087571 0.073456
2 0.649005 0.326992 0.087249 0.071635
2 0.647999 0.328362 0.087753 0.073644
2 0.646026 0.330802 0.087517 0.072030
2 0.644295 0.333243 0.086958 0.070587
2 0.643503 0.334527 0.087156 0.072261
2 0.641805 0.337133 0.086008 0.069856
2 0.640237 0.339763 0.087336 0.072884
2 0.639412 0.340879 0.086716 0.070526
2 0.637803 0.343885 0.088244 0.073476
2 0.636259 0.346448 0.086830 0.071016
2 0.634559 0.349321 0.086538 0.071026
2 0.633721 0.350753 0.086060 0.069318
2 0.631882 0.353702 0.087953 0.073108
2 0.630171 0.356196 0.086981 0.070673
2 0.628278 0.358563 0.085543 0.068616
2 0.626364 0.360758 0.086121 0.069582
2 0.625325 0.361696 0.087472 0.072329
2 0.623296 0.363757 0.086596 0.071132
2 0.621086 0.365579 0.087448 0.072256
2 0.620031 0.366039 0.084620 0.067712
2 0.617885 0.367658 0.087052 0.071605
2 0.615480 0.368337 0.084576 0.067190
2 0.613015 0.369448 0.087469 0.072363
2 0.611856 0.369627 0.086305 0.070843
2 0.609300 0.370280 0.084229 0.066811
2 0.606754 0.370585 0.086090 0.069610
2 0.605443 0.370630 0.086256 0.069903
2 0.602956 0.370657 0.085659 0.069237
2 0.600129 0.370374 0.084714 0.067593
2 0.598571 0.370380 0.084818 0.067680
2 0.595994 0.369393 0.087682 0.072442
2 0.593096 0.368675 0.086132 0.069509
2 0.590276 0.367907 0.084783 0.068056
2 0.587403 0.366261 0.084456 0.066912
2 0.584691 0.365086 0.086534 0.070970
2 0.583290 0.364123 0.085554 0.068583
2 0.580557 0.362503 0.085197 0.068073
2 0.579236 0.361400 0.085902 0.070507
2 0.576690 0.359357 0.085820 0.070388
2 0.574406 0.357038 0.085618 0.069238
2 0.572242 0.354725 0.085080 0.067865
2 0.571106 0.353621 0.086214 0.070586
2 0.569147 0.350757 0.084889 0.067609
2 0.568235 0.349447 0.085333 0.069500
2 0.566305 0.346757 0.084948 0.067481
2 0.564750 0.343899 0.086179 0.070490
2 0.563463 0.340606 0.084594 0.067701
2 0.562705 0.338727 0.084114 0.067113
2 0.561769 0.335559 0.085492 0.069049
