2 0.497656 0.524414 0.051562 0.060547
2 0.494514 0.509014 0.053055 0.062596
2 0.493679 0.503157 0.054687 0.064490
2 0.492744 0.490657 0.049528 0.058232
2 0.492860 0.484815 0.048759 0.057273
2 0.492495 0.478632 0.047665 0.056069
2 0.492524 0.466170 0.050521 0.059728
2 0.492683 0.453367 0.049275 0.058044
2 0.493126 0.446596 0.054377 0.064171
2 0.493711 0.433121 0.054389 0.064264
2 0.494099 0.426077 0.050002 0.059103
2 0.495235 0.412308 0.052498 0.061796
2 0.495586 0.405215 0.052351 0.061990
2 0.497277 0.391548 0.051827 0.061340
2 0.498021 0.384685 0.053312 0.062668
2 0.500312 0.371479 0.050473 0.059586
2 0.501662 0.364042 0.052771 0.062339
2 0.504691 0.351603 0.052207 0.061489
2 0.506737 0.344692 0.051238 0.060502
2 0.510739 0.332188 0.052013 0.061080
2 0.515416 0.320052 0.052590 0.061875
2 0.520954 0.308202 0.049868 0.058720
2 0.527565 0.297319 0.051444 0.060492
2 0.530958 0.291442 0.052533 0.061841
2 0.538314 0.280821 0.051619 0.060900
2 0.546069 0.270106 0.051484 0.060661
2 0.550180 0.264610 0.054155 0.064184
2 0.558017 0.254489 0.052996 0.062817
2 0.562139 0.249609 0.054817 0.064718
2 0.570384 0.239575 0.056748 0.067251
2 0.574041 0.234210 0.051477 0.060766
2 0.584869 0.219676 0.051247 0.060640
2 0.591886 0.209684 0.055485 0.065369
2 0.595146 0.204951 0.055076 0.064969
2 0.601418 0.195357 0.052475 0.061797
2 0.604824 0.190366 0.056396 0.066893
2 0.610654 0.181163 0.056413 0.066654
2 0.618473 0.165723 0.054220 0.063962
2 0.623684 0.155142 0.049567 0.058338
2 0.627999 0.144772 0.053023 0.062610
2 0.632407 0.134476 0.054530 0.064358
2 0.636579 0.123301 0.052142 0.061664
2 0.638440 0.118045 0.054353 0.064216
2 0.642317 0.106416 0.050024 0.058828
2 0.645505 0.095213 0.049368 0.058049
2 0.648763 0.083701 0.049684 0.058383
2 0.932813 0.443359 0.100000 0.074219
2 0.927099 0.440022 0.100271 0.075091
2 0.921571 0.436673 0.099370 0.074550
2 0.914056 0.431441 0.098880 0.074494
2 0.911828 0.429723 0.098437 0.073812
2 0.907038 0.426946 0.098497 0.074496
2 0.902458 0.424038 0.097861 0.073649
2 0.898442 0.421174 0.097524 0.073243
2 0.894435 0.418233 0.097940 0.074009
2 0.890371 0.415064 0.097498 0.073565
2 0.888795 0.413272 0.097378 0.073517
2 0.885543 0.409712 0.097500 0.073483
2 0.883438 0.407779 0.097980 0.074098
2 0.880691 0.403345 0.097091 0.073262
2 0.878180 0.399045 0.097034 0.073331
2 0.876638 0.396652 0.096713 0.073091
2 0.874469 0.392053 0.096025 0.072431
2 0.873187 0.389531 0.096599 0.073228
2 0.871349 0.384645 0.095648 0.072238
2 0.870474 0.382150 0.095472 0.072059
2 0.868911 0.376943 0.094995 0.071329
2 0.868280 0.374560 0.095156 0.071839
2 0.867003 0.369289 0.094586 0.070920
2 0.865884 0.363853 0.093884 0.070064
2 0.865751 0.361058 0.094183 0.070499
2 0.864975 0.354950 0.094107 0.070650
2 0.864663 0.348482 0.093719 0.069932
2 0.864781 0.344951 0.093331 0.069364
2 0.864836 0.337679 0.093630 0.069997
2 0.865112 0.333953 0.093780 0.070273
2 0.865666 0.326229 0.093639 0.070936
2 0.866003 0.322018 0.093234 0.070294
2 0.866957 0.313382 0.092080 0.069315
2 0.868096 0.304724 0.092246 0.069698
2 0.868802 0.300308 0.092511 0.069986
2 0.870220 0.291307 0.092327 0.070278
2 0.870806 0.287110 0.092596 0.070272
2 0.872480 0.277784 0.092768 0.070860
2 0.873291 0.273593 0.092895 0.071160
2 0.874986 0.264210 0.092493 0.070800
2 0.876899 0.255027 0.092343 0.070384
2 0.877592 0.250405 0.092229 0.070328
2 0.879937 0.241622 0.091566 0.069990
2 0.882351 0.233326 0.091717 0.070190
2 0.883238 0.228942 0.091007 0.069373
2 0.886139 0.221548 0.090890 0.069654
2 0.888922 0.214183 0.091127 0.069881
2 0.889868 0.210949 0.091051 0.070080
2 0.893175 0.204907 0.091337 0.070450
2 0.896277 0.199093 0.091391 0.070568
2 0.899181 0.194461 0.091087 0.070353
2 0.902341 0.190584 0.091194 0.070603
2 0.904260 0.188521 0.091061 0.070528
2 0.907436 0.185247 0.091128 0.070722
2 0.909245 0.183375 0.091177 0.070631
2 0.912683 0.181259 0.091090 0.070752
2 0.914535 0.179918 0.090655 0.070764
2 0.918300 0.178473 0.091122 0.071697
2 0.919812 0.177486 0.091082 0.071679
2 0.923351 0.176901 0.091716 0.072654
2 0.926907 0.176322 0.092083 0.073209
2 0.930156 0.176461 0.092108 0.073386
2 0.933361 0.177859 0.093049 0.074595
2 0.936563 0.179226 0.092868 0.074919
2 0.938021 0.180386 0.092916 0.074927
2 0.941150 0.182643 0.093151 0.075757
2 0.944030 0.185606 0.093283 0.076521
2 0.945249 0.187530 0.093336 0.076674
2 0.942358 0.190899 0.082391 0.076172
2 0.941868 0.193537 0.078686 0.076172
2 0.946678 0.197356 0.083121 0.074219
2 0.946852 0.203602 0.080431 0.076172
2 0.948953 0.209041 0.080914 0.076172
2 0.948210 0.210988 0.077715 0.074219
2 0.951133 0.217856 0.081240 0.074219
2 0.951816 0.223733 0.079874 0.074219
2 0.953162 0.227625 0.081867 0.074219
2 0.951839 0.234216 0.077485 0.074219
2 0.951463 0.237668 0.075895 0.074219
2 0.953993 0.244932 0.080205 0.074219
2 0.954287 0.248965 0.079618 0.074219
2 0.953703 0.256032 0.078442 0.074219
2 0.952023 0.262812 0.074775 0.072266
2 0.953842 0.271457 0.084375 0.072266
2 0.955317 0.275136 0.079899 0.072266
2 0.954702 0.278322 0.078787 0.070312
2 0.952911 0.285835 0.075341 0.070312
2 0.952890 0.289889 0.075384 0.070312
2 0.954598 0.297621 0.078994 0.070312
2 0.954535 0.304985 0.079121 0.070312
2 0.953446 0.307887 0.076614 0.068359
2 0.955119 0.314795 0.080296 0.068359
2 0.951930 0.318105 0.074960 0.068359
2 0.954394 0.325202 0.079402 0.068359
2 0.955059 0.331561 0.080415 0.068359
2 0.954346 0.334587 0.079498 0.068359
2 0.953162 0.340471 0.077182 0.068359
2 0.952646 0.346451 0.075870 0.068359
2 0.953715 0.351846 0.078418 0.068359
2 0.951287 0.356717 0.073903 0.068359
2 0.953029 0.359287 0.077448 0.068359
2 0.953458 0.364712 0.078931 0.070312
2 0.951598 0.366914 0.075625 0.070312
2 0.950846 0.371307 0.074785 0.070312
2 0.951912 0.373445 0.077339 0.070312
2 0.950529 0.377486 0.075421 0.070312
2 0.950712 0.382679 0.077396 0.072266
2 0.950440 0.384529 0.077940 0.072266
2 0.949333 0.388441 0.077813 0.072266
2 0.948259 0.392462 0.077617 0.072266
2 0.949671 0.393903 0.081820 0.072266
2 0.947315 0.397787 0.079505 0.072266
2 0.945074 0.399207 0.076959 0.072266
2 0.944839 0.402337 0.079772 0.072266
2 0.947755 0.404207 0.086777 0.072284
2 0.945876 0.406903 0.086787 0.072515
2 0.943892 0.409779 0.086728 0.072517
2 0.942807 0.410809 0.086424 0.072270
2 0.940501 0.413215 0.086378 0.072216
2 0.939219 0.414230 0.086010 0.071943
2 0.936761 0.416344 0.085711 0.071476
2 0.934105 0.418341 0.086076 0.071663
2 0.932787 0.419319 0.085920 0.071132
2 0.930156 0.421096 0.085625 0.070733
2 0.927184 0.422314 0.085251 0.070436
2 0.926097 0.422797 0.085241 0.070359
2 0.923278 0.423960 0.084823 0.069819
2 0.921874 0.424385 0.084952 0.069791
2 0.919253 0.424807 0.084452 0.068853
2 0.916674 0.425379 0.084213 0.068449
2 0.915437 0.425555 0.083859 0.067914
2 0.913327 0.425447 0.083323 0.067203
2 0.912152 0.425453 0.083195 0.066899
2 0.910206 0.425017 0.082838 0.066292
2 0.909422 0.424681 0.082729 0.066060
2 0.907912 0.424030 0.082322 0.065667
2 0.906676 0.423154 0.082632 0.065941
2 0.905512 0.422421 0.082848 0.066423
2 0.905123 0.421780 0.082886 0.066670
2 0.904361 0.420563 0.083131 0.067179
2 0.903565 0.419114 0.083061 0.067156
2 0.903555 0.418410 0.082989 0.067096
2 0.902622 0.415891 0.082949 0.067113
2 0.902289 0.413989 0.082708 0.067017
2 0.902124 0.412954 0.082707 0.067118
2 0.901919 0.411024 0.082835 0.067452
2 0.901854 0.409019 0.083204 0.068181
2 0.901765 0.407259 0.083219 0.068345
2 0.901550 0.406204 0.083050 0.068303
2 0.901487 0.404449 0.083205 0.068731
2 0.901175 0.402879 0.083173 0.069048
2 0.901103 0.402317 0.083433 0.069368
2 0.900562 0.401164 0.083590 0.069686
2 0.899924 0.400528 0.083520 0.069867
2 0.899476 0.400343 0.083575 0.070090
2 0.898691 0.399968 0.083610 0.070198
2 0.897988 0.399991 0.083471 0.070197
2 0.896774 0.400062 0.083619 0.070354
2 0.895220 0.400084 0.083605 0.070373
2 0.894407 0.400105 0.083476 0.070353
2 0.892609 0.400308 0.083370 0.070382
2 0.890481 0.400747 0.083292 0.070406
2 0.888225 0.401102 0.083002 0.070045
2 0.885642 0.401603 0.083110 0.070090
2 0.881356 0.402213 0.082991 0.069900
2 0.879796 0.402289 0.083137 0.070089
2 0.876672 0.402624 0.083086 0.070019
2 0.873550 0.402733 0.083032 0.069925
2 0.871940 0.402710 0.082965 0.069833
2 0.868320 0.402307 0.082757 0.069558
2 0.864755 0.401375 0.082402 0.069268
2 0.860878 0.400442 0.082302 0.069192
2 0.857098 0.399371 0.082207 0.069120
2 0.855224 0.398315 0.081991 0.068952
2 0.849425 0.396014 0.081885 0.068599
2 0.845478 0.394030 0.081686 0.068296
2 0.843309 0.392599 0.082000 0.068709
2 0.839218 0.390416 0.081744 0.068237
2 0.837209 0.389112 0.081721 0.068356
2 0.833000 0.386565 0.081579 0.068183
2 0.828826 0.383630 0.081542 0.068193
2 0.826811 0.382261 0.081601 0.067996
2 0.822604 0.379136 0.081313 0.067438
2 0.818676 0.375748 0.081110 0.067107
2 0.814707 0.372508 0.080986 0.066904
2 0.812715 0.370619 0.080715 0.066596
2 0.808800 0.367235 0.080761 0.066641
2 0.804801 0.363331 0.080766 0.066551
2 0.801054 0.359899 0.080548 0.066449
2 0.799172 0.357464 0.080431 0.066238
2 0.795605 0.354114 0.080453 0.066260
2 0.792303 0.350193 0.080341 0.066206
2 0.788698 0.345715 0.080309 0.066115
2 0.786985 0.343937 0.080330 0.066178
2 0.783743 0.339575 0.080228 0.066086
2 0.780165 0.335320 0.080134 0.065882
2 0.778694 0.332983 0.080133 0.065939
2 0.775459 0.328554 0.080035 0.065859
2 0.772028 0.323906 0.080159 0.065776
2 0.769211 0.319436 0.080205 0.065931
2 0.768066 0.316977 0.080190 0.065950
2 0.764976 0.312470 0.080079 0.065833
2 0.762325 0.307582 0.079927 0.065662
2 0.760871 0.305005 0.080032 0.065839
2 0.758235 0.299885 0.079920 0.065756
2 0.757077 0.297473 0.079877 0.065737
2 0.754571 0.292188 0.079789 0.065627
2 0.753144 0.289476 0.079847 0.065809
2 0.751046 0.284246 0.080071 0.065783
2 0.749745 0.281555 0.079788 0.065769
2 0.747551 0.276199 0.079994 0.065725
2 0.745409 0.270229 0.079948 0.065871
2 0.744231 0.267852 0.079876 0.065790
2 0.742364 0.261948 0.080024 0.065946
2 0.741280 0.259543 0.079899 0.065751
2 0.739697 0.253768 0.079949 0.065849
2 0.738781 0.251522 0.079830 0.065790
2 0.737028 0.245625 0.079958 0.065931
2 0.735806 0.240170 0.079945 0.065974
2 0.734973 0.237402 0.080101 0.066073
2 0.733497 0.232049 0.080227 0.066352
2 0.733052 0.229280 0.080230 0.066539
2 0.731841 0.224005 0.080324 0.066591
2 0.731642 0.221224 0.080567 0.066906
2 0.730508 0.216081 0.080686 0.067016
2 0.730091 0.213075 0.080675 0.067054
2 0.728921 0.207666 0.080879 0.067521
2 0.728674 0.204717 0.080806 0.067450
2 0.727392 0.199537 0.081103 0.067919
2 0.726864 0.193985 0.081132 0.068203
2 0.726340 0.191164 0.080955 0.067895
2 0.725583 0.185258 0.081121 0.068347
2 0.725492 0.182200 0.081233 0.068425
2 0.724833 0.176428 0.081102 0.068507
2 0.723903 0.170045 0.081155 0.068576
2 0.723643 0.167108 0.081346 0.068585
2 0.723038 0.160508 0.081332 0.068989
2 0.722298 0.154090 0.081100 0.068583
2 0.721852 0.147564 0.081244 0.068755
2 0.721166 0.140361 0.081314 0.068682
2 0.720927 0.137322 0.081344 0.068962
2 0.720133 0.130102 0.081240 0.068811
2 0.719618 0.126729 0.081270 0.068833
2 0.718968 0.119089 0.081277 0.068763
2 0.718925 0.115196 0.081338 0.068913
2 0.717935 0.107171 0.080915 0.068128
2 0.717942 0.103153 0.081155 0.068485
2 0.717259 0.095742 0.081816 0.069020
2 0.716944 0.092001 0.081819 0.068725
2 0.716432 0.084770 0.081060 0.067691
2 0.715827 0.077597 0.080991 0.067309
2 0.715335 0.070558 0.080542 0.066912
2 0.715099 0.064269 0.080490 0.066599
2 0.715023 0.060615 0.079924 0.065749
2 0.714625 0.062129 0.079687 0.048609
2 0.713912 0.056743 0.078125 0.052478
2 0.713964 0.053467 0.078125 0.048856
2 0.714819 0.048755 0.079687 0.051145
2 0.715215 0.043421 0.079687 0.052190
