2 0.662622 0.544176 0.029294 0.028808
2 0.662212 0.543760 0.028304 0.028682
2 0.662063 0.543273 0.030693 0.032287
2 0.661758 0.542773 0.029056 0.029388
2 0.661374 0.542438 0.030737 0.030550
2 0.661294 0.542004 0.030741 0.030413
2 0.660863 0.541585 0.030622 0.031260
2 0.660832 0.541411 0.032223 0.033484
2 0.660502 0.540806 0.028527 0.028670
2 0.659882 0.540687 0.030790 0.030560
2 0.659886 0.540259 0.030764 0.030575
2 0.659475 0.539838 0.029598 0.029235
2 0.659073 0.539392 0.030186 0.031265
2 0.658669 0.538814 0.027780 0.027636
2 0.658358 0.538405 0.030064 0.030134
2 0.658384 0.538008 0.029868 0.029698
2 0.657630 0.537860 0.027704 0.027406
2 0.657217 0.537268 0.028651 0.029051
2 0.657173 0.536742 0.027173 0.026941
2 0.656825 0.536266 0.030397 0.030710
2 0.656432 0.535833 0.030290 0.030200
2 0.656000 0.535331 0.027884 0.027770
2 0.655588 0.534793 0.028024 0.028193
2 0.655074 0.534541 0.031515 0.032021
2 0.654806 0.534052 0.030585 0.031058
2 0.654170 0.533728 0.027916 0.027595
2 0.654020 0.532999 0.028807 0.028926
2 0.653403 0.532671 0.031931 0.032915
2 0.652769 0.532345 0.028489 0.029237
2 0.652616 0.531310 0.027375 0.027456
2 0.651911 0.531331 0.032263 0.032981
2 0.651662 0.530969 0.031022 0.031994
2 0.651504 0.530599 0.030390 0.031431
2 0.650943 0.530349 0.029511 0.030451
2 0.650644 0.530167 0.032053 0.033176
2 0.649918 0.529799 0.029431 0.029801
2 0.649428 0.529352 0.028325 0.028549
2 0.649140 0.528922 0.031309 0.032520
2 0.648738 0.528653 0.033749 0.035316
2 0.648066 0.528394 0.029892 0.031061
2 0.647735 0.528110 0.030409 0.031414
2 0.647230 0.527839 0.033740 0.034277
2 0.646172 0.527418 0.028822 0.028919
2 0.645963 0.527122 0.032568 0.033444
2 0.645921 0.526984 0.033216 0.034266
2 0.644851 0.526550 0.028900 0.029725
2 0.644870 0.526537 0.028896 0.029693
2 0.643518 0.526228 0.029157 0.029847
2 0.643217 0.526056 0.028296 0.028721
2 0.643007 0.525938 0.028405 0.028567
2 0.641968 0.525216 0.028348 0.028589
2 0.641875 0.525148 0.028491 0.028788
2 0.641231 0.525059 0.034288 0.035371
2 0.640847 0.524885 0.034669 0.036006
2 0.640527 0.524729 0.031180 0.032279
2 0.639865 0.524628 0.031301 0.032372
2 0.639636 0.524291 0.035008 0.036413
2 0.638334 0.524226 0.031210 0.032003
2 0.638336 0.523667 0.029725 0.029716
2 0.637842 0.523209 0.035848 0.037398
2 0.637334 0.522810 0.031267 0.032615
2 0.636709 0.522719 0.032509 0.034089
2 0.636446 0.522457 0.035418 0.037192
2 0.635030 0.522366 0.032843 0.034140
2 0.635017 0.522003 0.032169 0.032731
2 0.633679 0.521826 0.028739 0.028495
2 0.633673 0.521353 0.029498 0.029814
2 0.632315 0.521090 0.029595 0.030386
2 0.632274 0.520946 0.029632 0.030436
2 0.631950 0.520724 0.030542 0.031417
2 0.630657 0.520353 0.027491 0.027412
2 0.630669 0.520065 0.028233 0.028142
2 0.630631 0.519764 0.029736 0.030032
2 0.629218 0.519645 0.028624 0.028494
2 0.629081 0.519366 0.028971 0.028984
2 0.628249 0.519147 0.032209 0.032947
2 0.627716 0.519012 0.030394 0.031114
2 0.627416 0.518682 0.030848 0.031600
2 0.627278 0.518553 0.032262 0.033026
2 0.626020 0.518231 0.029311 0.029030
2 0.625740 0.517933 0.032556 0.033033
2 0.625375 0.517451 0.034042 0.034062
2 0.624252 0.517365 0.028702 0.028443
2 0.624055 0.517189 0.031972 0.032369
2 0.622917 0.516836 0.028114 0.028236
2 0.622894 0.516738 0.028238 0.028536
2 0.621500 0.516391 0.027775 0.027674
2 0.621497 0.516337 0.027475 0.027144
2 0.620801 0.516076 0.032514 0.032183
2 0.619767 0.515992 0.030052 0.030800
2 0.619762 0.515583 0.027729 0.027496
2 0.619099 0.515429 0.033208 0.033463
2 0.618254 0.515279 0.027629 0.027586
2 0.618098 0.515196 0.028074 0.028164
2 0.616628 0.515116 0.027679 0.027837
2 0.616386 0.515034 0.029016 0.029393
2 0.616065 0.514889 0.032765 0.033518
2 0.614648 0.514747 0.031618 0.032255
2 0.614319 0.514691 0.031953 0.032371
2 0.614023 0.514283 0.028790 0.028628
2 0.613815 0.514266 0.028396 0.028107
2 0.612332 0.514302 0.028615 0.028308
2 0.612158 0.514185 0.029560 0.029784
2 0.611764 0.513599 0.029347 0.028982
2 0.610570 0.513569 0.028092 0.027784
2 0.610378 0.513471 0.028131 0.027752
2 0.608990 0.513503 0.027733 0.027287
2 0.608942 0.513360 0.028095 0.027892
2 0.607816 0.513406 0.029529 0.029560
2 0.607740 0.513363 0.028714 0.028849
2 0.606366 0.513044 0.030754 0.031467
2 0.606147 0.513149 0.029057 0.029670
2 0.606059 0.513138 0.028637 0.029195
2 0.604621 0.513102 0.029358 0.029973
2 0.604621 0.513102 0.029358 0.029973
2 0.604312 0.513022 0.028243 0.028822
2 0.603489 0.513157 0.032880 0.033847
2 0.602826 0.513128 0.027320 0.027952
2 0.601378 0.513172 0.027177 0.027620
2 0.601357 0.513202 0.026708 0.026944
2 0.601154 0.513208 0.026007 0.026237
2 0.599809 0.513201 0.026094 0.026541
2 0.599752 0.513246 0.026306 0.026787
2 0.598258 0.513236 0.026246 0.026790
2 0.598122 0.513760 0.024598 0.024241
2 0.597905 0.513791 0.024435 0.024149
2 0.597677 0.513820 0.024627 0.024225
2 0.596728 0.514106 0.024524 0.024249
2 0.596878 0.514229 0.023748 0.023878
2 0.596447 0.514614 0.019709 0.019894
2 0.596419 0.515007 0.019726 0.019888
2 0.591146 0.509632 0.028069 0.029998
2 0.591736 0.509439 0.029249 0.029614
2 0.591150 0.509439 0.030420 0.029614
2 0.588179 0.508022 0.036190 0.032636
2 0.588980 0.508267 0.033108 0.033127
2 0.590267 0.508418 0.030996 0.033428
2 0.590707 0.511925 0.029533 0.025800
2 0.591147 0.511788 0.030414 0.028455
2 0.590156 0.512924 0.030775 0.027798
2 0.585471 0.513656 0.040145 0.026334
2 0.588931 0.510693 0.033010 0.032120
2 0.590061 0.512120 0.030585 0.029119
2 0.590733 0.510625 0.031928 0.031984
2 0.591944 0.512178 0.029665 0.029235
2 0.591913 0.512231 0.029603 0.029341
2 0.590866 0.512630 0.029852 0.030138
2 0.590901 0.510263 0.029921 0.031262
2 0.590907 0.511042 0.029934 0.029890
2 0.586808 0.509578 0.038133 0.032819
2 0.589721 0.513219 0.032247 0.025459
2 0.589104 0.512705 0.033356 0.030288
2 0.591214 0.511949 0.029376 0.028777
2 0.592187 0.513672 0.025000 0.027344
2 0.589063 0.511719 0.031250 0.031250
2 0.590625 0.514648 0.034375 0.037109
2 0.590625 0.515625 0.034375 0.035156
2 0.590625 0.513672 0.034375 0.031250
2 0.592187 0.513672 0.031250 0.031250
2 0.595313 0.516602 0.037500 0.033203
2 0.593750 0.513672 0.040625 0.039062
2 0.589844 0.513672 0.032813 0.039062
2 0.587500 0.510742 0.031250 0.033203
2 0.593750 0.517578 0.043750 0.046875
2 0.592969 0.515625 0.045312 0.046875
2 0.589844 0.514648 0.039062 0.044922
2 0.590625 0.513672 0.037500 0.042969
2 0.588281 0.509766 0.032813 0.035156
2 0.588281 0.510742 0.032813 0.033203
2 0.585938 0.512695 0.028125 0.037109
2 0.588281 0.516602 0.023438 0.029297
2 0.589062 0.516602 0.025000 0.029297
2 0.584375 0.509766 0.037500 0.035156
2 0.585938 0.515625 0.040625 0.046875
2 0.588281 0.518555 0.032813 0.029297
2 0.585938 0.517578 0.028125 0.027344
2 0.582813 0.512695 0.037500 0.033203
2 0.584375 0.517578 0.040625 0.042969
2 0.587500 0.520508 0.037500 0.033203
2 0.585156 0.518555 0.032813 0.029297
2 0.586719 0.509766 0.026562 0.031250
2 0.591406 0.514648 0.035937 0.041016
2 0.587500 0.514648 0.034375 0.029297
2 0.587500 0.515625 0.034375 0.031250
2 0.584375 0.511719 0.034375 0.023438
2 0.585938 0.517578 0.037500 0.035156
2 0.580469 0.511719 0.035937 0.027344
2 0.582812 0.515625 0.040625 0.035156
2 0.582813 0.514648 0.034375 0.029297
2 0.585938 0.517578 0.037500 0.035156
2 0.582031 0.510742 0.029687 0.021484
2 0.583594 0.516602 0.032813 0.033203
2 0.583594 0.515625 0.032813 0.035156
2 0.590625 0.514648 0.034375 0.037109
2 0.581250 0.510742 0.037500 0.029297
2 0.584375 0.512695 0.043750 0.037109
2 0.582812 0.511719 0.043750 0.035156
2 0.577344 0.511719 0.032813 0.035156
2 0.578125 0.512695 0.034375 0.029297
2 0.578125 0.512695 0.034375 0.029297
2 0.579688 0.510742 0.031250 0.033203
2 0.578906 0.513672 0.032813 0.039062
2 0.578906 0.512695 0.035937 0.033203
2 0.578125 0.514648 0.034375 0.037109
2 0.576563 0.510742 0.037500 0.033203
2 0.574219 0.512695 0.032813 0.037109
2 0.575000 0.516602 0.031250 0.029297
2 0.577344 0.516602 0.029687 0.033203
2 0.572656 0.510742 0.029687 0.033203
2 0.575781 0.512695 0.026562 0.029297
2 0.578125 0.512695 0.031250 0.033203
2 0.576562 0.508789 0.034375 0.041016
2 0.577344 0.506836 0.035937 0.041016
2 0.575781 0.504883 0.039062 0.033203
2 0.576563 0.508789 0.037500 0.048828
2 0.576563 0.511719 0.037500 0.035156
2 0.573438 0.508789 0.031250 0.037109
2 0.567188 0.502930 0.037500 0.041016
2 0.569531 0.505859 0.032813 0.035156
2 0.566406 0.507812 0.026562 0.039062
2 0.568750 0.507812 0.028125 0.039062
2 0.571094 0.510742 0.032813 0.044922
2 0.569531 0.504883 0.035937 0.052734
2 0.571875 0.502930 0.040625 0.052734
2 0.567969 0.501953 0.048438 0.050781
2 0.570312 0.503906 0.053125 0.054688
2 0.570312 0.496094 0.053125 0.062500
2 0.571094 0.501953 0.054688 0.074219
2 0.573438 0.499023 0.053125 0.056641
2 0.569531 0.500000 0.045312 0.062500
2 0.571094 0.501953 0.042188 0.046875
2 0.569531 0.500000 0.039062 0.042969
2 0.567969 0.496094 0.045312 0.039062
2 0.567969 0.499023 0.045312 0.044922
2 0.567969 0.500000 0.045312 0.042969
2 0.565625 0.496094 0.040625 0.039062
2 0.566406 0.495117 0.039062 0.033203
2 0.568750 0.498047 0.043750 0.042969
2 0.569531 0.497070 0.042188 0.037109
2 0.567969 0.496094 0.039062 0.035156
2 0.568750 0.495117 0.040625 0.037109
2 0.571094 0.494141 0.045312 0.035156
2 0.571875 0.494141 0.043750 0.035156
2 0.569531 0.493164 0.039062 0.044922
2 0.569531 0.495117 0.042188 0.037109
2 0.569531 0.496094 0.042188 0.039062
2 0.569531 0.489258 0.042188 0.044922
2 0.571875 0.489258 0.046875 0.048828
2 0.573437 0.489258 0.043750 0.048828
2 0.577344 0.490234 0.048438 0.054688
2 0.575000 0.487305 0.050000 0.048828
2 0.578906 0.491211 0.054688 0.056641
2 0.576562 0.483398 0.056250 0.056641
2 0.574488 0.481444 0.052100 0.052732
2 0.578125 0.486328 0.040625 0.027344
2 0.580469 0.488281 0.045312 0.031250
2 0.584375 0.485352 0.037500 0.037109
2 0.584375 0.484375 0.037500 0.035156
2 0.584375 0.479492 0.040625 0.041016
2 0.584375 0.479492 0.040625 0.041016
2 0.583594 0.478516 0.042188 0.042969
2 0.583594 0.478516 0.042188 0.042969
2 0.585938 0.478516 0.037500 0.042969
2 0.588281 0.477539 0.042188 0.041016
2 0.588281 0.475586 0.042188 0.044922
2 0.589844 0.475586 0.045312 0.048828
2 0.590625 0.470703 0.046875 0.054688
2 0.590625 0.468750 0.046875 0.050781
2 0.590625 0.467773 0.046875 0.052734
2 0.589062 0.467773 0.043750 0.052734
2 0.593750 0.467773 0.037500 0.052734
2 0.596875 0.462891 0.043750 0.042969
2 0.596875 0.459961 0.043750 0.048828
2 0.595312 0.458008 0.040625 0.044922
2 0.592969 0.456055 0.042188 0.041016
2 0.594531 0.458984 0.045312 0.046875
2 0.594531 0.461914 0.045312 0.041016
2 0.592969 0.462891 0.042188 0.042969
2 0.592969 0.457031 0.042188 0.054688
2 0.597656 0.453125 0.051562 0.046875
2 0.600781 0.454102 0.045312 0.044922
2 0.599219 0.452148 0.042188 0.041016
2 0.599219 0.451172 0.045312 0.042969
2 0.597656 0.453125 0.042188 0.046875
2 0.600781 0.454102 0.039062 0.044922
2 0.600781 0.452148 0.039062 0.041016
2 0.596094 0.450195 0.048438 0.041016
2 0.597656 0.450195 0.051562 0.041016
2 0.600000 0.450195 0.050000 0.041016
2 0.597656 0.450195 0.045312 0.041016
2 0.599219 0.448242 0.042188 0.044922
2 0.600781 0.450195 0.045312 0.048828
2 0.603125 0.450195 0.046875 0.044922
2 0.602344 0.452148 0.045312 0.048828
2 0.601562 0.449219 0.050000 0.054688
2 0.602344 0.449219 0.051562 0.054688
2 0.602344 0.447266 0.051562 0.054688
2 0.603906 0.448242 0.054688 0.056641
2 0.611719 0.451172 0.042188 0.050781
2 0.609375 0.448242 0.037500 0.044922
2 0.606250 0.450195 0.043750 0.041016
2 0.607031 0.451172 0.045312 0.042969
2 0.607499 0.453630 0.044377 0.038053
