2 0.487262 0.618790 0.069210 0.057180
2 0.486623 0.615362 0.070386 0.058597
2 0.485763 0.608237 0.069133 0.056869
2 0.485509 0.604760 0.069166 0.057173
2 0.484659 0.596663 0.068804 0.056126
2 0.484276 0.592742 0.068972 0.056512
2 0.483885 0.583867 0.070497 0.058851
2 0.483768 0.579406 0.068932 0.056842
2 0.483140 0.569530 0.068707 0.056076
2 0.483208 0.564630 0.070971 0.058892
2 0.483102 0.554450 0.069958 0.057679
2 0.483137 0.549138 0.070960 0.058805
2 0.483151 0.537909 0.069194 0.056610
2 0.483613 0.526740 0.068988 0.056832
2 0.483653 0.520570 0.068960 0.056767
2 0.484270 0.508603 0.069719 0.057280
2 0.484763 0.502386 0.071195 0.058249
2 0.485497 0.489907 0.070529 0.058025
2 0.485812 0.483563 0.070747 0.058626
2 0.487007 0.470645 0.071154 0.058507
2 0.487805 0.456989 0.071430 0.058793
2 0.488319 0.444091 0.071187 0.058895
2 0.488605 0.437791 0.072010 0.059206
2 0.489221 0.424738 0.071692 0.059618
2 0.489947 0.412291 0.072016 0.059051
2 0.490252 0.405784 0.071556 0.059442
2 0.490929 0.393466 0.071644 0.059528
2 0.491300 0.387545 0.071343 0.059114
2 0.491769 0.375565 0.072393 0.059776
2 0.492178 0.363802 0.072652 0.059877
2 0.492295 0.358339 0.072222 0.059999
2 0.492772 0.346972 0.071621 0.059506
2 0.493704 0.335936 0.072419 0.059639
2 0.493659 0.330796 0.072361 0.059929
2 0.494010 0.320397 0.072584 0.059769
2 0.494076 0.315501 0.072083 0.059959
2 0.494683 0.305670 0.072077 0.059918
2 0.495088 0.296447 0.072204 0.059966
2 0.495565 0.287773 0.072537 0.060045
2 0.495654 0.283708 0.072405 0.059714
2 0.495906 0.275650 0.072285 0.059440
2 0.496331 0.271777 0.072406 0.059571
2 0.496605 0.264882 0.071803 0.059750
2 0.496611 0.261142 0.071814 0.059698
2 0.496794 0.255275 0.071850 0.059779
2 0.496917 0.249328 0.071883 0.059830
2 0.497262 0.246155 0.072210 0.059332
2 0.497381 0.241149 0.071737 0.059547
2 0.497585 0.236322 0.071858 0.058988
2 0.497631 0.231801 0.071607 0.059477
2 0.497918 0.228114 0.071824 0.059473
2 0.497763 0.226665 0.072404 0.059282
2 0.497920 0.223748 0.071904 0.059674
2 0.498040 0.220892 0.072348 0.059148
2 0.498067 0.219762 0.071979 0.059692
2 0.498271 0.217507 0.072369 0.059726
2 0.498246 0.216137 0.071968 0.059714
2 0.498118 0.215660 0.072134 0.059646
2 0.498137 0.214802 0.072205 0.059185
2 0.497954 0.214781 0.071868 0.058841
2 0.497853 0.214435 0.071103 0.058596
2 0.497743 0.214071 0.071152 0.058900
2 0.497746 0.214006 0.071092 0.058842
2 0.497510 0.214744 0.071468 0.058508
2 0.497304 0.215134 0.072095 0.058914
2 0.497346 0.215971 0.071498 0.059350
2 0.497184 0.216864 0.072033 0.058882
2 0.496999 0.217566 0.071963 0.059469
2 0.496731 0.219356 0.072184 0.059387
2 0.496724 0.220061 0.071763 0.059656
2 0.496157 0.221965 0.071229 0.059096
2 0.496044 0.222786 0.071701 0.058551
2 0.495785 0.224935 0.072127 0.058970
2 0.495468 0.226300 0.071637 0.059148
2 0.494839 0.228418 0.071196 0.058457
2 0.494819 0.229338 0.070999 0.058773
2 0.493884 0.232279 0.071176 0.058528
2 0.493551 0.234978 0.071384 0.058798
2 0.493189 0.236347 0.070877 0.058018
2 0.492362 0.239267 0.070949 0.058951
2 0.492078 0.241782 0.070912 0.058722
2 0.491635 0.243296 0.070303 0.058256
2 0.490477 0.246813 0.070958 0.058700
2 0.490470 0.248294 0.071159 0.058314
2 0.489167 0.251420 0.070714 0.058649
2 0.489190 0.253181 0.070792 0.058847
2 0.488477 0.256238 0.070990 0.058164
2 0.487616 0.259728 0.071067 0.058402
2 0.486844 0.262664 0.070365 0.058374
2 0.485502 0.266424 0.070680 0.058669
2 0.485638 0.270052 0.070936 0.058321
2 0.484130 0.273882 0.071136 0.058742
2 0.483325 0.277612 0.070513 0.057889
2 0.483215 0.279232 0.070474 0.057944
2 0.481970 0.282683 0.070229 0.058187
2 0.481319 0.286557 0.070765 0.058907
2 0.479806 0.290774 0.070313 0.058373
2 0.479501 0.292020 0.070210 0.058542
2 0.478488 0.296085 0.069823 0.058142
2 0.478492 0.297867 0.069744 0.057986
2 0.476977 0.301828 0.069057 0.057189
2 0.475805 0.305747 0.068524 0.056522
2 0.475389 0.307485 0.069285 0.057317
2 0.474396 0.311260 0.069351 0.057102
2 0.473712 0.314910 0.070035 0.057514
2 0.473465 0.316020 0.070204 0.058238
2 0.472627 0.320041 0.068825 0.056453
2 0.471687 0.323236 0.070066 0.058283
2 0.471470 0.325049 0.069460 0.057398
2 0.470724 0.328672 0.069633 0.057028
2 0.470660 0.330155 0.069589 0.056706
2 0.469950 0.333178 0.069380 0.057306
2 0.469996 0.334662 0.069646 0.057221
2 0.468886 0.338001 0.069966 0.057062
2 0.468732 0.339018 0.069512 0.057575
2 0.468001 0.342876 0.068297 0.056174
2 0.467519 0.345996 0.069446 0.056622
2 0.467160 0.347220 0.069454 0.057348
2 0.466739 0.350783 0.068640 0.056594
2 0.465907 0.352397 0.069042 0.057035
2 0.465627 0.355405 0.069511 0.057010
2 0.464903 0.358211 0.068019 0.055663
2 0.464805 0.359939 0.068094 0.055425
2 0.464297 0.362734 0.069166 0.056996
2 0.464188 0.364224 0.069504 0.057371
2 0.463649 0.367565 0.068843 0.056001
2 0.463646 0.368495 0.068543 0.056260
2 0.463040 0.371081 0.068352 0.055586
2 0.462369 0.374270 0.069138 0.056988
2 0.462248 0.376641 0.068754 0.056246
2 0.461926 0.378245 0.067798 0.055262
2 0.461474 0.380529 0.067742 0.055090
2 0.461365 0.381692 0.068633 0.056242
2 0.460918 0.384230 0.069627 0.057409
2 0.460229 0.386580 0.068659 0.055998
2 0.460107 0.388159 0.067927 0.055380
2 0.459683 0.390137 0.069143 0.056809
2 0.459678 0.391079 0.069579 0.056761
2 0.459078 0.393045 0.069785 0.056993
2 0.459057 0.395011 0.069649 0.056846
2 0.458983 0.396070 0.069109 0.056640
2 0.458177 0.397901 0.068998 0.056664
2 0.458092 0.398950 0.069482 0.056691
2 0.457743 0.400904 0.069905 0.057163
2 0.457769 0.401408 0.069592 0.057402
2 0.457640 0.403232 0.069643 0.057347
2 0.457262 0.404637 0.069155 0.056499
2 0.457251 0.406122 0.068747 0.056010
2 0.456858 0.407132 0.067943 0.055388
2 0.456491 0.408740 0.069642 0.056891
2 0.456370 0.409159 0.069584 0.057414
2 0.456211 0.410901 0.069871 0.057437
2 0.455708 0.412082 0.069232 0.056423
2 0.455490 0.414019 0.069127 0.056480
2 0.454969 0.416030 0.069150 0.056415
2 0.454497 0.417167 0.069415 0.057367
2 0.453896 0.419043 0.068018 0.055694
2 0.453491 0.420990 0.066382 0.055263
2 0.452990 0.422446 0.067557 0.056412
2 0.452849 0.423585 0.067761 0.057112
2 0.452186 0.425425 0.066222 0.055780
2 0.451687 0.426035 0.067610 0.056152
2 0.450997 0.427700 0.067389 0.057374
2 0.450046 0.429903 0.069213 0.057629
2 0.449303 0.430721 0.070643 0.060342
2 0.448735 0.432607 0.065237 0.053162
2 0.447778 0.434613 0.066061 0.054022
2 0.447493 0.435420 0.066686 0.054296
2 0.446868 0.437444 0.066727 0.055047
2 0.446556 0.438708 0.063275 0.052909
2 0.445815 0.440508 0.063125 0.052101
2 0.445298 0.441477 0.065242 0.055373
2 0.444355 0.443634 0.065236 0.054651
2 0.442939 0.445877 0.064220 0.053436
2 0.442420 0.447934 0.063940 0.053364
2 0.441987 0.449026 0.064612 0.054756
2 0.441066 0.451411 0.065048 0.054580
2 0.440378 0.453341 0.065335 0.055604
2 0.439778 0.454155 0.063665 0.052717
2 0.438838 0.456257 0.063573 0.053526
2 0.438344 0.457955 0.063778 0.052798
2 0.437903 0.459037 0.064932 0.054323
2 0.437245 0.460739 0.064800 0.054873
2 0.436726 0.462545 0.064351 0.053512
2 0.436297 0.463324 0.064630 0.054035
2 0.435811 0.465108 0.065270 0.055383
2 0.435551 0.465930 0.063592 0.053043
2 0.435569 0.467429 0.064435 0.053744
2 0.435150 0.468718 0.065147 0.054056
2 0.435108 0.470177 0.063983 0.052682
2 0.434913 0.471721 0.063592 0.052319
2 0.434897 0.472371 0.064254 0.053138
2 0.434963 0.474305 0.064221 0.053098
2 0.434980 0.475082 0.064461 0.053381
2 0.435134 0.476439 0.064883 0.053779
2 0.435403 0.476956 0.065047 0.054217
2 0.435658 0.478711 0.064796 0.054545
2 0.435874 0.479307 0.062392 0.051559
2 0.436012 0.480939 0.062583 0.051525
2 0.436334 0.481239 0.062389 0.050763
2 0.436216 0.482726 0.062757 0.051053
2 0.436301 0.483976 0.061892 0.050359
2 0.436450 0.485539 0.061399 0.049983
2 0.436896 0.487036 0.061219 0.050133
2 0.436806 0.487709 0.061200 0.050118
2 0.436750 0.489047 0.061125 0.050127
2 0.436854 0.489601 0.061094 0.050147
2 0.436839 0.491589 0.061003 0.050014
2 0.436445 0.492923 0.061091 0.049660
2 0.436329 0.495366 0.061134 0.049790
2 0.436233 0.496970 0.061331 0.050055
2 0.435814 0.498906 0.061152 0.049846
2 0.435303 0.502083 0.062574 0.051955
2 0.434878 0.503856 0.062353 0.051142
2 0.434270 0.507996 0.062549 0.051276
2 0.433340 0.512396 0.061240 0.049813
2 0.432975 0.514724 0.061597 0.050352
2 0.432373 0.516760 0.061023 0.049874
2 0.431026 0.522237 0.061464 0.050092
2 0.430137 0.524697 0.061518 0.050240
2 0.428662 0.530538 0.061492 0.050216
2 0.427015 0.536226 0.061742 0.050576
2 0.426318 0.539360 0.062205 0.050709
2 0.424542 0.545410 0.061889 0.050657
2 0.423438 0.548828 0.062500 0.050781
2 0.421094 0.553711 0.057813 0.060547
2 0.421094 0.556641 0.057813 0.054688
2 0.416406 0.563477 0.051562 0.037109
2 0.415625 0.568359 0.050000 0.046875
2 0.417187 0.573242 0.046875 0.037109
2 0.413016 0.572911 0.058906 0.063486
2 0.410575 0.577933 0.070702 0.076573
2 0.408947 0.580014 0.055484 0.054749
2 0.405626 0.584217 0.051828 0.052351
2 0.404124 0.586043 0.053698 0.054779
2 0.401292 0.588387 0.050067 0.050756
2 0.399567 0.589742 0.063398 0.067291
2 0.396593 0.590533 0.050090 0.050598
2 0.393277 0.590544 0.050625 0.051449
2 0.390027 0.590023 0.055122 0.056150
2 0.386813 0.588120 0.053305 0.053604
2 0.383465 0.585890 0.063891 0.063971
2 0.381437 0.584187 0.062358 0.063750
2 0.379662 0.582469 0.054662 0.055629
2 0.376074 0.578219 0.068350 0.074351
2 0.372762 0.572453 0.063446 0.067538
2 0.371296 0.569538 0.058278 0.060756
2 0.369645 0.566718 0.056747 0.058424
2 0.366238 0.560127 0.062617 0.062710
2 0.362837 0.552953 0.064700 0.065808
2 0.361039 0.549036 0.065308 0.067997
2 0.357365 0.541214 0.067331 0.073027
2 0.355758 0.536931 0.068382 0.074223
2 0.354075 0.532643 0.063440 0.068536
2 0.350871 0.523745 0.059302 0.062749
2 0.349190 0.519147 0.065240 0.069187
2 0.345893 0.510137 0.056897 0.054823
2 0.342321 0.500564 0.053127 0.053158
2 0.338586 0.490922 0.054714 0.057904
2 0.336882 0.486476 0.069489 0.076203
2 0.333450 0.476730 0.068970 0.074807
2 0.331843 0.471715 0.056758 0.058910
2 0.328063 0.462337 0.062204 0.066306
2 0.326254 0.457284 0.058279 0.062774
2 0.322765 0.447658 0.052168 0.055751
2 0.320926 0.443229 0.067472 0.074121
2 0.316888 0.433798 0.059161 0.064001
2 0.313239 0.424386 0.051908 0.054903
2 0.309203 0.415676 0.063799 0.069040
2 0.307304 0.410955 0.053763 0.058086
2 0.303546 0.402501 0.059957 0.062313
2 0.301352 0.397785 0.060133 0.065230
2 0.297330 0.389078 0.051276 0.051666
2 0.295005 0.384814 0.060314 0.065849
2 0.290855 0.375904 0.051430 0.052505
2 0.288449 0.371754 0.050299 0.054375
2 0.284139 0.363587 0.048854 0.051803
2 0.281977 0.359608 0.049955 0.053300
2 0.277474 0.351715 0.052036 0.056703
2 0.275494 0.348005 0.049021 0.049467
2 0.270882 0.340569 0.049843 0.050894
2 0.268313 0.337380 0.061820 0.067731
2 0.263722 0.330257 0.050957 0.054283
2 0.261620 0.326745 0.048048 0.049099
2 0.256930 0.320430 0.051061 0.053352
2 0.252277 0.314720 0.049011 0.050575
2 0.247423 0.308775 0.054133 0.055162
2 0.244720 0.306020 0.059711 0.065705
2 0.242798 0.303200 0.047730 0.047107
2 0.238090 0.297920 0.053377 0.055272
2 0.233333 0.292984 0.065235 0.068738
2 0.230802 0.290154 0.055125 0.059423
2 0.228779 0.287571 0.050173 0.050957
2 0.224072 0.283224 0.060903 0.065379
2 0.221912 0.280777 0.060458 0.063849
2 0.217566 0.275759 0.048126 0.046595
2 0.215450 0.273478 0.050398 0.052660
2 0.211343 0.268724 0.052854 0.052008
2 0.209232 0.266336 0.045292 0.046022
2 0.205766 0.261518 0.052314 0.055290
2 0.202333 0.257331 0.055923 0.058048
2 0.200849 0.254655 0.046479 0.046565
2 0.197731 0.249881 0.054433 0.055671
2 0.196153 0.247888 0.058884 0.061512
2 0.193397 0.242410 0.042006 0.042787
2 0.192301 0.240215 0.048745 0.048787
2 0.189970 0.235880 0.056748 0.060348
2 0.188986 0.233106 0.044582 0.045230
2 0.187067 0.228300 0.050173 0.053523
2 0.186490 0.226118 0.055933 0.055395
2 0.184725 0.220840 0.045681 0.043924
