2 0.534375 0.166016 0.096875 0.093750
2 0.533761 0.172740 0.099410 0.097153
2 0.532347 0.186345 0.099432 0.097042
2 0.530999 0.199348 0.099444 0.097260
2 0.530334 0.205822 0.100500 0.098173
2 0.528885 0.218325 0.101006 0.098890
2 0.528398 0.224395 0.100637 0.098531
2 0.526978 0.236282 0.101357 0.099370
2 0.525841 0.247614 0.101253 0.099404
2 0.525328 0.253057 0.101170 0.099169
2 0.524217 0.264048 0.100133 0.097432
2 0.523303 0.274748 0.099683 0.097073
2 0.522916 0.280154 0.099976 0.097503
2 0.522065 0.290562 0.098241 0.095411
2 0.521170 0.300867 0.097837 0.095744
2 0.520699 0.305899 0.098590 0.096790
2 0.519494 0.315901 0.097389 0.095570
2 0.518422 0.325514 0.095722 0.093258
2 0.517930 0.330180 0.096074 0.094322
2 0.516584 0.339524 0.095347 0.092840
2 0.515875 0.343850 0.095238 0.092638
2 0.514471 0.352480 0.096150 0.093230
2 0.512907 0.360970 0.096619 0.093911
2 0.511506 0.368951 0.096179 0.093236
2 0.510132 0.376667 0.096402 0.093369
2 0.508936 0.384442 0.096973 0.094449
2 0.508329 0.387989 0.096857 0.094266
2 0.507109 0.395225 0.096421 0.093717
2 0.505877 0.402187 0.095446 0.092934
2 0.504835 0.408857 0.095776 0.093542
2 0.504216 0.412358 0.095146 0.092817
2 0.503010 0.418455 0.095285 0.093310
2 0.502305 0.421543 0.094490 0.091944
2 0.500766 0.427645 0.093595 0.090872
2 0.499328 0.433388 0.093974 0.091502
2 0.498553 0.436269 0.093658 0.091377
2 0.496712 0.441997 0.093896 0.091770
2 0.495824 0.444782 0.093803 0.091487
2 0.493902 0.450180 0.094113 0.092134
2 0.492842 0.453094 0.093099 0.090623
2 0.490772 0.458282 0.094813 0.093672
2 0.489602 0.460927 0.093565 0.091832
2 0.487520 0.465882 0.094825 0.093697
2 0.485409 0.470549 0.093418 0.092131
2 0.484355 0.472814 0.094114 0.093234
2 0.482609 0.476490 0.094596 0.094218
2 0.481065 0.480188 0.094355 0.093755
2 0.480343 0.481641 0.095598 0.095302
2 0.479206 0.484295 0.094362 0.094018
2 0.478795 0.485691 0.095311 0.095333
2 0.478212 0.486987 0.095292 0.095438
2 0.478071 0.487541 0.095026 0.094923
2 0.477983 0.488565 0.094334 0.094194
2 0.478072 0.488491 0.094154 0.094003
2 0.478567 0.489004 0.095779 0.096132
2 0.479707 0.488393 0.093988 0.094140
2 0.480287 0.488360 0.094394 0.094601
2 0.481795 0.487144 0.095665 0.096244
2 0.482748 0.486731 0.094744 0.095063
2 0.484853 0.485761 0.094709 0.095181
2 0.486016 0.484786 0.094119 0.094345
2 0.488736 0.483196 0.094867 0.095285
2 0.489978 0.482443 0.093643 0.093784
2 0.493077 0.480236 0.094056 0.094349
2 0.496451 0.478037 0.094270 0.094728
2 0.498264 0.476785 0.093969 0.094278
2 0.502123 0.474278 0.094065 0.094409
2 0.504221 0.473088 0.094281 0.094694
2 0.508838 0.469808 0.095011 0.095541
2 0.513440 0.467310 0.094485 0.094981
2 0.515979 0.465603 0.094677 0.095237
2 0.521190 0.462557 0.093635 0.093839
2 0.526836 0.459147 0.093734 0.093986
2 0.529724 0.457287 0.093538 0.093724
2 0.535830 0.454208 0.094820 0.095290
2 0.538976 0.452364 0.094078 0.094346
2 0.545487 0.449241 0.093421 0.093612
2 0.552264 0.445799 0.094173 0.094601
2 0.555967 0.443835 0.094188 0.094608
2 0.563115 0.440658 0.094049 0.094332
2 0.566696 0.438763 0.093803 0.094043
2 0.574027 0.435072 0.093435 0.093595
2 0.577647 0.433385 0.092820 0.092667
2 0.584833 0.429567 0.092500 0.092464
2 0.588632 0.427801 0.092300 0.092153
2 0.595726 0.424228 0.092487 0.092534
2 0.602774 0.420924 0.093447 0.093592
2 0.606369 0.419386 0.092886 0.093132
2 0.612988 0.416041 0.091687 0.091668
2 0.616111 0.414485 0.092520 0.092749
2 0.622094 0.410929 0.093321 0.093776
2 0.627632 0.407734 0.093019 0.093441
2 0.630376 0.405864 0.092361 0.092652
2 0.635566 0.402104 0.091926 0.091977
2 0.640196 0.398694 0.092169 0.092415
2 0.642477 0.396835 0.092152 0.092485
2 0.646697 0.392895 0.092003 0.092195
2 0.650159 0.389467 0.093095 0.093609
2 0.652012 0.387330 0.092785 0.093277
2 0.655039 0.384204 0.092955 0.093553
2 0.656661 0.382141 0.093004 0.093520
2 0.659209 0.378626 0.091964 0.092171
2 0.661351 0.374972 0.091725 0.092062
2 0.663452 0.371276 0.091817 0.092253
2 0.665071 0.367549 0.092718 0.093380
2 0.665833 0.365484 0.092344 0.092963
2 0.667057 0.361791 0.093143 0.093955
2 0.667981 0.357934 0.093631 0.094604
2 0.668643 0.354272 0.095106 0.096340
2 0.669351 0.350294 0.095910 0.097432
2 0.669596 0.348541 0.095465 0.096906
2 0.670222 0.344578 0.096313 0.097934
2 0.670770 0.340838 0.097293 0.099179
2 0.671105 0.339236 0.097309 0.099169
2 0.671874 0.335181 0.098533 0.100601
2 0.672907 0.331644 0.099053 0.101362
2 0.673499 0.329735 0.099740 0.102223
2 0.674821 0.326317 0.099692 0.102130
2 0.675613 0.324618 0.100101 0.102828
2 0.677472 0.320722 0.100266 0.103020
2 0.679780 0.317368 0.100501 0.103103
2 0.681164 0.315482 0.099852 0.102293
2 0.684090 0.311978 0.098287 0.100334
2 0.685680 0.310278 0.097609 0.099505
2 0.689222 0.306420 0.095768 0.097215
2 0.692975 0.303124 0.093933 0.095064
2 0.694910 0.301258 0.093714 0.094785
2 0.698708 0.297926 0.093885 0.094971
2 0.700821 0.296253 0.093494 0.094594
2 0.704917 0.292965 0.092480 0.093315
2 0.706955 0.291496 0.092642 0.093789
2 0.710848 0.288623 0.092782 0.093886
2 0.714472 0.285379 0.092692 0.093842
2 0.716396 0.283991 0.093699 0.095265
2 0.720055 0.280751 0.093361 0.094841
2 0.721549 0.279122 0.092266 0.093444
2 0.724602 0.275789 0.092430 0.093685
2 0.727194 0.272460 0.093298 0.094697
2 0.728425 0.271039 0.092605 0.093774
2 0.730943 0.267499 0.092185 0.093373
2 0.731960 0.265822 0.092079 0.093254
2 0.733843 0.262337 0.092735 0.094100
2 0.735603 0.258921 0.093281 0.094680
2 0.736204 0.257437 0.092590 0.093893
2 0.737899 0.253621 0.092532 0.093767
2 0.738781 0.250202 0.092495 0.093715
2 0.739018 0.248430 0.092618 0.093792
2 0.739592 0.245036 0.093474 0.094886
2 0.739702 0.243538 0.093174 0.094545
2 0.739825 0.238533 0.092321 0.093567
2 0.739735 0.236996 0.093014 0.094433
2 0.739359 0.233661 0.093207 0.094555
2 0.738522 0.230809 0.092665 0.094075
2 0.738045 0.229213 0.092867 0.094185
2 0.736676 0.226458 0.092237 0.093506
2 0.735376 0.223721 0.093560 0.095241
2 0.734599 0.222334 0.092901 0.094101
2 0.732745 0.219957 0.093469 0.094922
2 0.731796 0.218716 0.093164 0.094648
2 0.729680 0.216618 0.092605 0.093926
2 0.728460 0.215643 0.094126 0.095923
2 0.726120 0.213587 0.092640 0.094408
2 0.724690 0.212821 0.092647 0.094279
2 0.721946 0.211281 0.092250 0.093532
2 0.720397 0.210518 0.093127 0.094607
2 0.717335 0.209553 0.093001 0.094604
2 0.715808 0.208941 0.093132 0.094803
2 0.712480 0.207910 0.093872 0.096003
2 0.710805 0.207426 0.093868 0.096143
2 0.707058 0.206836 0.092947 0.095369
2 0.705169 0.206510 0.093972 0.096584
2 0.701290 0.205997 0.093510 0.096514
2 0.697028 0.205876 0.092724 0.095295
2 0.692661 0.205794 0.092524 0.095063
2 0.690465 0.205755 0.092791 0.095583
2 0.685732 0.206170 0.093244 0.096275
2 0.681071 0.206242 0.092979 0.095970
2 0.678530 0.206735 0.092390 0.094947
2 0.673545 0.207070 0.092477 0.095169
2 0.671205 0.207390 0.093047 0.096191
2 0.666275 0.207918 0.093824 0.096858
2 0.663817 0.207916 0.093789 0.097060
2 0.659330 0.208291 0.093186 0.096386
2 0.654907 0.208426 0.093440 0.096794
2 0.652830 0.208489 0.092821 0.096656
2 0.648843 0.208220 0.093715 0.097294
2 0.647094 0.207936 0.093529 0.097100
2 0.643914 0.207467 0.093254 0.096900
2 0.642504 0.207244 0.092733 0.096132
2 0.640319 0.206634 0.092579 0.096496
2 0.639272 0.206313 0.093579 0.097307
2 0.638018 0.205728 0.094085 0.098077
2 0.637599 0.205443 0.092569 0.096213
2 0.637177 0.204942 0.091975 0.095919
2 0.637400 0.204157 0.093048 0.097058
2 0.637762 0.203934 0.093460 0.097427
2 0.638967 0.203202 0.092198 0.096456
2 0.640520 0.202489 0.092063 0.096405
2 0.641380 0.202059 0.092493 0.096825
2 0.643586 0.201164 0.091185 0.095500
2 0.646128 0.200410 0.092170 0.096617
2 0.647630 0.199881 0.091769 0.096095
2 0.650668 0.199426 0.091341 0.095610
2 0.654029 0.198787 0.091471 0.095948
2 0.655587 0.198374 0.092324 0.096979
2 0.658998 0.198034 0.092107 0.096985
2 0.660815 0.197681 0.091606 0.096530
2 0.664242 0.197351 0.091271 0.095904
2 0.668114 0.196822 0.092676 0.097811
2 0.671778 0.196798 0.093557 0.099119
2 0.673734 0.196794 0.093256 0.098414
2 0.677774 0.196579 0.093631 0.099167
2 0.679599 0.196781 0.093261 0.098719
2 0.683887 0.196908 0.093390 0.098852
2 0.685782 0.196920 0.093498 0.099005
2 0.689900 0.197568 0.094056 0.099622
2 0.693787 0.198075 0.094889 0.100874
2 0.697628 0.198810 0.094111 0.099709
2 0.701269 0.199870 0.094671 0.100764
2 0.704789 0.201133 0.093638 0.099339
2 0.707985 0.202388 0.094487 0.100390
2 0.709531 0.203396 0.093807 0.099618
2 0.712501 0.204841 0.093685 0.099644
2 0.713980 0.205645 0.094285 0.100459
2 0.716533 0.207353 0.093552 0.099500
2 0.717713 0.208411 0.094076 0.100036
2 0.720104 0.210343 0.094099 0.100425
2 0.721237 0.211342 0.093582 0.099768
2 0.723107 0.213408 0.093500 0.099771
2 0.724836 0.215801 0.094000 0.100376
2 0.725624 0.217059 0.093120 0.099269
2 0.726828 0.219134 0.093341 0.099539
2 0.727485 0.220702 0.092796 0.099056
2 0.728467 0.222769 0.092534 0.098632
2 0.729054 0.225251 0.093241 0.099666
2 0.729335 0.226676 0.092435 0.098780
2 0.729565 0.229104 0.093231 0.099776
2 0.729615 0.230451 0.092242 0.098540
2 0.729553 0.232880 0.092858 0.099334
2 0.729441 0.234483 0.092300 0.098724
2 0.729175 0.237092 0.093615 0.100385
2 0.728893 0.238364 0.092270 0.098707
2 0.728019 0.241305 0.093255 0.099998
2 0.727664 0.242437 0.092395 0.098972
2 0.726441 0.244921 0.093426 0.100168
2 0.725868 0.246251 0.092312 0.098909
2 0.724470 0.248442 0.092776 0.099460
2 0.722929 0.250730 0.093637 0.100576
2 0.721879 0.251824 0.092193 0.098746
2 0.720211 0.253645 0.092353 0.099043
2 0.718429 0.255427 0.092726 0.099494
2 0.716356 0.257040 0.093557 0.100508
2 0.715386 0.257830 0.092189 0.098878
2 0.713448 0.258898 0.093670 0.100664
2 0.711310 0.260302 0.093119 0.099969
2 0.710348 0.260708 0.093926 0.100998
2 0.708266 0.261591 0.092675 0.099453
2 0.707075 0.262153 0.093207 0.100151
2 0.704995 0.262526 0.094098 0.101156
2 0.704183 0.262786 0.093979 0.101097
2 0.702122 0.263222 0.093201 0.100113
2 0.700004 0.263493 0.092663 0.099451
2 0.698882 0.263739 0.092642 0.099463
2 0.697106 0.263619 0.092658 0.099436
2 0.696344 0.263630 0.092639 0.099514
2 0.694687 0.263773 0.092652 0.099554
2 0.693909 0.263598 0.092632 0.099425
2 0.692250 0.263733 0.092674 0.099477
2 0.690744 0.263603 0.092666 0.099470
2 0.690023 0.263495 0.092849 0.099791
2 0.688562 0.263131 0.093299 0.100274
2 0.688003 0.263044 0.093438 0.100490
2 0.686671 0.262860 0.093939 0.101152
2 0.685615 0.262754 0.094086 0.101321
2 0.685024 0.262410 0.093998 0.101195
2 0.683847 0.262077 0.093134 0.100169
2 0.682576 0.261746 0.092757 0.099694
2 0.681529 0.261236 0.093158 0.100148
2 0.680823 0.260528 0.094062 0.101342
2 0.680254 0.260027 0.092729 0.099685
2 0.679453 0.259058 0.093744 0.100911
2 0.679041 0.258450 0.093802 0.101010
2 0.678177 0.257081 0.093775 0.100907
2 0.677698 0.256406 0.093401 0.100546
2 0.676921 0.254724 0.094197 0.101507
2 0.676460 0.253865 0.092376 0.099237
2 0.675657 0.251934 0.092419 0.099334
2 0.675238 0.250867 0.094113 0.101360
2 0.674485 0.248825 0.094015 0.101323
2 0.673683 0.246365 0.092558 0.099456
2 0.673194 0.245011 0.094071 0.101339
2 0.672033 0.241002 0.093965 0.101191
2 0.671352 0.238006 0.092439 0.099390
2 0.671035 0.236241 0.092306 0.099198
2 0.670234 0.232849 0.092737 0.099660
2 0.669931 0.230952 0.092766 0.099754
2 0.669355 0.226522 0.091871 0.098630
2 0.668946 0.224223 0.092373 0.099200
2 0.668435 0.219092 0.092252 0.099100
2 0.667419 0.214519 0.092425 0.099302
2 0.667055 0.211931 0.093178 0.100215
2 0.666474 0.209322 0.092370 0.099304
2 0.665633 0.203995 0.092775 0.099754
2 0.664709 0.198638 0.092479 0.099459
2 0.664162 0.196059 0.092795 0.099820
2 0.663210 0.190619 0.093117 0.100334
2 0.662218 0.185335 0.092371 0.099441
2 0.661608 0.182706 0.093581 0.100976
2 0.660598 0.177437 0.092685 0.099797
2 0.659713 0.171805 0.091993 0.098997
2 0.658939 0.166462 0.091223 0.098307
2 0.658422 0.163878 0.090614 0.097619
2 0.657349 0.158840 0.090115 0.096993
2 0.656338 0.154027 0.089603 0.096263
2 0.655388 0.149404 0.088996 0.095732
2 0.654861 0.147102 0.088302 0.094808
2 0.653706 0.143111 0.087494 0.093887
2 0.652689 0.139401 0.087190 0.093466
2 0.651611 0.136122 0.087093 0.093215
2 0.650547 0.132781 0.086085 0.092169
2 0.650053 0.131096 0.086382 0.092355
2 0.649198 0.127851 0.086037 0.091978
2 0.648052 0.124979 0.086125 0.091861
2 0.647541 0.123454 0.085809 0.091469
2 0.646447 0.121000 0.086255 0.092063
2 0.645400 0.118563 0.086916 0.092800
2 0.643966 0.116707 0.087146 0.093428
2 0.643274 0.115944 0.086149 0.092477
2 0.641974 0.114123 0.085641 0.092022
