2 0.668750 0.211914 0.078125 0.056641
2 0.668406 0.209345 0.079256 0.058289
2 0.667722 0.206736 0.078300 0.057318
2 0.666992 0.201425 0.078731 0.057585
2 0.666010 0.196027 0.078720 0.057275
2 0.665471 0.193556 0.078620 0.057552
2 0.664478 0.188050 0.078413 0.057039
2 0.663510 0.182743 0.079124 0.058109
2 0.662860 0.180119 0.078164 0.057005
2 0.661898 0.174798 0.078981 0.057738
2 0.661030 0.169180 0.078651 0.057474
2 0.660245 0.163899 0.079129 0.057613
2 0.659732 0.161256 0.078978 0.058103
2 0.658683 0.156234 0.078951 0.057344
2 0.657726 0.151319 0.079620 0.058332
2 0.656708 0.146729 0.080631 0.059971
2 0.656213 0.144529 0.079574 0.058932
2 0.654974 0.140480 0.079911 0.060152
2 0.653974 0.136834 0.079591 0.059518
2 0.652925 0.133446 0.079169 0.059106
2 0.651819 0.130113 0.078884 0.059214
2 0.651348 0.128480 0.078637 0.058929
2 0.650434 0.125269 0.079159 0.059985
2 0.649314 0.122370 0.077984 0.058296
2 0.648781 0.120885 0.078443 0.059182
2 0.647726 0.118345 0.078509 0.059117
2 0.646713 0.115955 0.078932 0.059486
2 0.645299 0.114078 0.079073 0.059671
2 0.644540 0.113424 0.078083 0.058513
2 0.643223 0.111597 0.077219 0.057478
2 0.641695 0.111078 0.075704 0.055357
2 0.640109 0.110011 0.075921 0.055344
2 0.638499 0.110168 0.076221 0.056132
2 0.636982 0.110151 0.076509 0.056681
2 0.635353 0.111050 0.076356 0.056802
2 0.634579 0.111350 0.076859 0.057320
2 0.633448 0.112594 0.076455 0.057143
2 0.632210 0.114646 0.075924 0.056365
2 0.631070 0.116951 0.076252 0.056840
2 0.630093 0.119386 0.076155 0.056714
2 0.629560 0.120839 0.075085 0.055618
2 0.628787 0.124199 0.075050 0.055981
2 0.628184 0.127706 0.075334 0.056677
2 0.627912 0.131592 0.073782 0.054760
2 0.627982 0.135104 0.073140 0.054081
2 0.628149 0.138936 0.073649 0.055138
2 0.628355 0.141118 0.073275 0.055196
2 0.629188 0.145273 0.072614 0.054339
2 0.630335 0.149460 0.071845 0.054507
2 0.631924 0.154051 0.070992 0.053334
2 0.634223 0.158264 0.071768 0.053754
2 0.637069 0.162475 0.072000 0.053758
2 0.638597 0.164680 0.072024 0.053890
2 0.642105 0.168311 0.071902 0.053956
2 0.646002 0.172526 0.071897 0.054507
2 0.648107 0.174304 0.071830 0.053718
2 0.654555 0.179854 0.071843 0.053844
2 0.656618 0.181381 0.071544 0.054704
2 0.660982 0.184924 0.071663 0.054414
2 0.665081 0.188644 0.071375 0.053578
2 0.667071 0.190139 0.072319 0.054963
2 0.670816 0.194155 0.071655 0.055363
2 0.674407 0.197645 0.071751 0.054216
2 0.675976 0.199535 0.071871 0.054413
2 0.678960 0.202966 0.070796 0.053399
2 0.681463 0.206544 0.070692 0.054206
2 0.682669 0.208444 0.070944 0.053446
2 0.684864 0.211680 0.071820 0.055478
2 0.686517 0.215052 0.071556 0.054955
2 0.687991 0.218575 0.070879 0.054253
2 0.689104 0.222207 0.070989 0.053933
2 0.689457 0.224079 0.070841 0.054371
2 0.690145 0.227594 0.071844 0.054102
2 0.690407 0.231220 0.072354 0.054802
2 0.690382 0.232913 0.072472 0.054942
2 0.690194 0.236863 0.072439 0.054800
2 0.689869 0.238635 0.072358 0.055246
2 0.689114 0.242380 0.072229 0.055300
2 0.688304 0.246202 0.072016 0.054877
2 0.687235 0.250068 0.072003 0.054355
2 0.685905 0.253958 0.072158 0.055278
2 0.684415 0.257794 0.072627 0.056128
2 0.683626 0.259890 0.073115 0.056437
2 0.682018 0.263715 0.073231 0.056774
2 0.680103 0.267656 0.073583 0.058065
2 0.678205 0.270916 0.072998 0.056968
2 0.675479 0.276093 0.073870 0.058081
2 0.673601 0.279346 0.073815 0.057629
2 0.671833 0.282399 0.072665 0.055261
2 0.670411 0.285448 0.073748 0.056361
2 0.668447 0.288043 0.073133 0.055504
2 0.667340 0.290294 0.072225 0.055257
2 0.666163 0.292351 0.071707 0.054951
2 0.666017 0.294160 0.071948 0.055573
2 0.665834 0.295383 0.073183 0.056778
2 0.665884 0.296491 0.071645 0.055214
2 0.666778 0.297152 0.072988 0.055398
2 0.667746 0.297373 0.073247 0.056920
2 0.669216 0.297357 0.073301 0.057125
2 0.670018 0.297062 0.072785 0.055469
2 0.672185 0.296470 0.071890 0.055713
2 0.674828 0.295270 0.072967 0.055950
2 0.677861 0.294609 0.071026 0.053658
2 0.681197 0.292529 0.071101 0.054206
2 0.684544 0.291304 0.072344 0.056314
2 0.687659 0.289466 0.071983 0.056409
2 0.690870 0.287867 0.071768 0.056476
2 0.694154 0.286087 0.071707 0.056405
2 0.697526 0.284729 0.071413 0.055513
2 0.700885 0.283128 0.071641 0.055031
2 0.702678 0.282486 0.071569 0.054812
2 0.707184 0.280821 0.071671 0.055207
2 0.709808 0.280096 0.072594 0.057570
2 0.712506 0.279618 0.072918 0.057288
2 0.715291 0.279834 0.072827 0.055930
2 0.716391 0.280300 0.072778 0.056630
2 0.718793 0.280975 0.072630 0.056776
2 0.720873 0.282413 0.072621 0.057039
2 0.721863 0.282845 0.072355 0.056337
2 0.723552 0.284983 0.072177 0.057010
2 0.726280 0.288374 0.071919 0.055539
2 0.728491 0.292708 0.072161 0.057145
2 0.730665 0.297689 0.072526 0.056026
2 0.731893 0.301338 0.072586 0.056874
2 0.733086 0.305224 0.072436 0.057185
2 0.734151 0.309404 0.072435 0.055651
2 0.734980 0.313661 0.071322 0.055477
2 0.735629 0.318289 0.071356 0.054333
2 0.735942 0.320447 0.071917 0.056212
2 0.736720 0.324851 0.072491 0.056448
2 0.737266 0.329500 0.071302 0.054563
2 0.737775 0.333614 0.071536 0.056265
2 0.737846 0.335955 0.072122 0.056955
2 0.738749 0.340424 0.073228 0.057092
2 0.738698 0.342342 0.073280 0.057153
2 0.739227 0.346656 0.072007 0.056784
2 0.739670 0.350502 0.071827 0.056361
2 0.739834 0.352305 0.072112 0.055854
2 0.740369 0.355812 0.072175 0.055389
2 0.740577 0.358899 0.070740 0.054431
2 0.740889 0.360078 0.071915 0.056463
2 0.741536 0.362791 0.070726 0.054005
2 0.741752 0.365561 0.071760 0.054636
2 0.741953 0.368466 0.070980 0.054078
2 0.742217 0.371246 0.071186 0.054943
2 0.742446 0.374087 0.070926 0.055026
2 0.742456 0.375962 0.071078 0.055262
2 0.742597 0.379203 0.071344 0.055441
2 0.742545 0.382574 0.070610 0.054755
2 0.742559 0.384125 0.070591 0.054822
2 0.742356 0.387654 0.070968 0.055161
2 0.741990 0.392092 0.070447 0.053608
2 0.741967 0.393967 0.070631 0.053668
2 0.741732 0.398780 0.071103 0.053816
2 0.741454 0.403391 0.070657 0.054019
2 0.740680 0.408428 0.071038 0.055019
2 0.740522 0.410652 0.071739 0.055356
2 0.740044 0.415773 0.070926 0.053987
2 0.739540 0.418423 0.072013 0.056525
2 0.739043 0.423327 0.071374 0.055263
2 0.738444 0.428163 0.072299 0.055560
2 0.737988 0.430419 0.071811 0.056360
2 0.736912 0.435305 0.070890 0.053786
2 0.736209 0.437811 0.072093 0.056395
2 0.735791 0.442216 0.072031 0.054990
2 0.734536 0.446179 0.071359 0.055582
2 0.733127 0.451499 0.071671 0.056016
2 0.731521 0.456548 0.070714 0.054929
2 0.729139 0.462823 0.071077 0.053952
2 0.726625 0.468001 0.071027 0.054841
2 0.724790 0.471495 0.071565 0.054982
2 0.724109 0.472309 0.070538 0.054269
2 0.722902 0.474135 0.070607 0.053691
2 0.721768 0.475563 0.071317 0.054868
2 0.721451 0.475807 0.071147 0.054126
2 0.720325 0.477002 0.071850 0.055821
2 0.719161 0.477877 0.070704 0.054940
2 0.718313 0.478367 0.070817 0.053654
2 0.717492 0.478357 0.070922 0.055039
2 0.716721 0.478304 0.070700 0.053542
2 0.716321 0.478365 0.071050 0.054698
2 0.715554 0.478076 0.071000 0.054574
2 0.715027 0.477647 0.071359 0.054512
2 0.714465 0.477068 0.072082 0.056528
2 0.713916 0.476120 0.071002 0.054297
2 0.713731 0.475591 0.071668 0.054818
2 0.713287 0.474751 0.071878 0.055451
2 0.712905 0.473857 0.071214 0.055600
2 0.712889 0.473280 0.072158 0.056745
2 0.712672 0.472326 0.071058 0.055426
2 0.712671 0.471790 0.071430 0.055893
2 0.712597 0.470543 0.071386 0.055555
2 0.712373 0.470171 0.071089 0.054698
2 0.712573 0.469072 0.072541 0.056595
2 0.712505 0.468300 0.071273 0.055073
2 0.712566 0.467847 0.071738 0.055996
2 0.712653 0.466906 0.072046 0.056433
2 0.712925 0.465992 0.071404 0.055848
2 0.713073 0.465564 0.072115 0.056382
2 0.713673 0.464979 0.072033 0.054977
2 0.713725 0.464758 0.071465 0.054436
2 0.714183 0.463901 0.071601 0.055964
2 0.714469 0.463314 0.072753 0.057303
2 0.715167 0.461236 0.072190 0.055107
2 0.715330 0.460432 0.071021 0.053919
2 0.716221 0.459592 0.072100 0.056258
2 0.716926 0.458102 0.072072 0.055263
2 0.717337 0.456257 0.071883 0.055896
2 0.717692 0.455612 0.072459 0.056442
2 0.717752 0.453767 0.072721 0.056633
2 0.717526 0.452468 0.072315 0.056250
2 0.717773 0.450258 0.072991 0.057435
2 0.717454 0.448069 0.072993 0.057612
2 0.717381 0.447323 0.073372 0.057796
2 0.717375 0.444487 0.072834 0.057226
2 0.717397 0.444183 0.072738 0.057270
2 0.717770 0.443688 0.072284 0.056608
2 0.718695 0.443893 0.069950 0.053420
2 0.718917 0.444873 0.068791 0.052884
2 0.719813 0.446827 0.067206 0.049975
2 0.720925 0.449319 0.067562 0.050829
2 0.721271 0.451174 0.067592 0.050218
2 0.722352 0.454558 0.066927 0.050450
2 0.723128 0.456610 0.066110 0.048654
2 0.724362 0.460775 0.065845 0.048237
2 0.725454 0.465145 0.066374 0.049596
2 0.726069 0.467504 0.065942 0.048048
2 0.726948 0.472210 0.065309 0.048498
2 0.727304 0.474192 0.065171 0.047538
2 0.728322 0.478664 0.064952 0.047652
2 0.728674 0.480609 0.065180 0.047360
2 0.729316 0.483982 0.066784 0.049997
2 0.729778 0.488453 0.066688 0.048826
2 0.730405 0.492224 0.067927 0.049862
2 0.730580 0.493423 0.068125 0.050394
2 0.731153 0.495875 0.067949 0.050256
2 0.731305 0.497435 0.067189 0.049233
2 0.731808 0.500146 0.067141 0.049044
2 0.731953 0.501380 0.067228 0.049500
2 0.732294 0.504090 0.068207 0.050785
2 0.732476 0.506229 0.068306 0.050732
2 0.732413 0.506965 0.067984 0.050373
2 0.732585 0.508708 0.068036 0.050231
2 0.732571 0.509840 0.068080 0.050533
2 0.732579 0.510087 0.068202 0.050510
2 0.732379 0.510866 0.068223 0.050710
2 0.732327 0.511279 0.068074 0.050727
2 0.732008 0.511480 0.067539 0.049764
2 0.731844 0.511338 0.066817 0.048640
2 0.731500 0.510597 0.067141 0.049001
2 0.731493 0.510309 0.067179 0.048944
2 0.731180 0.509119 0.067229 0.049131
2 0.731084 0.508763 0.068112 0.049887
2 0.731130 0.507375 0.067491 0.049524
2 0.731160 0.506246 0.068142 0.050051
2 0.730937 0.504072 0.068122 0.050232
2 0.731168 0.501201 0.067134 0.048878
2 0.731075 0.499374 0.067723 0.049634
2 0.731307 0.495046 0.068459 0.049754
2 0.731176 0.492725 0.068576 0.049926
2 0.730881 0.488649 0.068969 0.051072
2 0.730789 0.486265 0.068707 0.050955
2 0.730220 0.481604 0.067370 0.049320
2 0.729927 0.479585 0.067852 0.049925
2 0.729537 0.474851 0.068734 0.050344
2 0.729295 0.472383 0.068772 0.050799
2 0.728568 0.468212 0.067338 0.049242
2 0.728387 0.465573 0.068042 0.049917
2 0.727985 0.461591 0.068435 0.050158
2 0.727896 0.459472 0.068443 0.050415
2 0.727755 0.455472 0.068462 0.050577
2 0.728178 0.451417 0.067712 0.049150
2 0.728468 0.449638 0.067468 0.049377
2 0.729143 0.447991 0.068159 0.050095
2 0.730786 0.444927 0.068063 0.050274
2 0.732924 0.442487 0.066951 0.048572
2 0.734122 0.441235 0.068033 0.050252
2 0.737112 0.439640 0.068010 0.050508
2 0.738818 0.439056 0.067748 0.050179
2 0.742546 0.438283 0.066394 0.048199
2 0.744746 0.438044 0.067750 0.050506
2 0.749372 0.437511 0.067270 0.050171
2 0.751689 0.437165 0.066199 0.048338
2 0.755982 0.436927 0.067105 0.049512
2 0.758383 0.437375 0.066137 0.048034
2 0.763257 0.436595 0.066657 0.049260
2 0.765536 0.436664 0.066762 0.049226
2 0.770343 0.436738 0.066194 0.048239
2 0.772883 0.436596 0.067308 0.050088
2 0.777800 0.436864 0.067110 0.049881
2 0.780594 0.436658 0.066994 0.049774
2 0.785675 0.437095 0.067003 0.049733
2 0.788495 0.437219 0.067232 0.050056
2 0.794078 0.437111 0.066223 0.048421
2 0.796914 0.437409 0.066659 0.048416
2 0.803104 0.437681 0.067030 0.048901
2 0.809503 0.437652 0.066717 0.048389
2 0.812875 0.437695 0.066640 0.048562
2 0.820279 0.437740 0.067355 0.049418
2 0.823727 0.437683 0.066690 0.048714
2 0.831492 0.437781 0.066646 0.048637
2 0.835601 0.437513 0.067990 0.050779
2 0.843623 0.436609 0.067666 0.049828
2 0.852190 0.435490 0.067009 0.048939
2 0.860478 0.434957 0.068418 0.051415
2 0.868812 0.433758 0.067363 0.049437
2 0.876721 0.432918 0.066239 0.048360
2 0.881003 0.432061 0.068334 0.050920
2 0.888817 0.430823 0.068292 0.050973
2 0.892472 0.430275 0.066613 0.048671
2 0.899595 0.428953 0.068281 0.051091
2 0.905815 0.428456 0.068491 0.051136
2 0.911174 0.427910 0.066973 0.048947
2 0.915706 0.428069 0.067491 0.049549
2 0.917585 0.428409 0.066780 0.048780
2 0.920875 0.429200 0.066875 0.049194
2 0.922037 0.430006 0.067174 0.049109
2 0.923708 0.431714 0.066835 0.048744
2 0.924694 0.434006 0.068568 0.051151
2 0.924724 0.435310 0.068399 0.051042
2 0.924007 0.438288 0.067118 0.049190
2 0.923258 0.440370 0.068130 0.050515
2 0.921500 0.444120 0.068521 0.051012
2 0.920118 0.446150 0.068366 0.050607
2 0.916948 0.450792 0.068412 0.050849
2 0.912666 0.456021 0.067185 0.049046
2 0.910406 0.459054 0.068798 0.051314
2 0.905322 0.464897 0.067613 0.049543
2 0.899492 0.471668 0.068648 0.051112
