2 0.476562 1.244141 0.018750 0.496094
2 0.473558 1.237165 0.018510 0.488281
2 0.470553 1.230190 0.018269 0.480469
2 0.467548 1.223214 0.018029 0.472656
2 0.464543 1.216239 0.017788 0.464844
2 0.461538 1.209263 0.017548 0.457031
2 0.458534 1.202288 0.017308 0.449219
2 0.455529 1.195312 0.017067 0.441406
2 0.452524 1.190755 0.016827 0.437500
2 0.449519 1.186198 0.016587 0.433594
2 0.446514 1.181641 0.016346 0.429687
2 0.443510 1.177083 0.016106 0.425781
2 0.440505 1.172526 0.015865 0.421875
2 0.437500 1.167969 0.015625 0.417969
2 0.435286 1.163411 0.015885 0.414062
2 0.433073 1.158854 0.016146 0.410156
2 0.430859 1.154297 0.016406 0.406250
2 0.428646 1.149197 0.016667 0.406033
2 0.426432 1.144097 0.016927 0.405816
2 0.424219 1.138997 0.017188 0.405599
2 0.423698 1.133898 0.019271 0.405382
2 0.423177 1.128798 0.021354 0.405165
2 0.422656 1.123698 0.023438 0.404948
2 0.422135 1.118598 0.025521 0.404731
2 0.421615 1.113498 0.027604 0.404514
2 0.421094 1.108398 0.029687 0.404297
2 0.422266 1.101270 0.033594 0.406836
2 0.423438 1.094141 0.037500 0.409375
2 0.424609 1.087012 0.041406 0.411914
2 0.425781 1.079883 0.045313 0.414453
2 0.426953 1.072754 0.049219 0.416992
2 0.428125 1.065625 0.053125 0.419531
2 0.429353 1.058496 0.057366 0.422070
2 0.430580 1.051367 0.061607 0.424609
2 0.431808 1.044238 0.065848 0.427148
2 0.433036 1.037109 0.070089 0.429688
2 0.434263 1.033008 0.074330 0.437891
2 0.435491 1.028906 0.078571 0.446094
2 0.436719 1.024805 0.082812 0.454297
2 0.439397 1.020703 0.087723 0.462500
2 0.442076 1.016602 0.092634 0.470703
2 0.444754 1.005999 0.097545 0.474051
2 0.447433 0.995396 0.102455 0.477400
2 0.450112 0.984794 0.107366 0.480748
2 0.452790 0.974191 0.112277 0.484096
2 0.455469 0.963588 0.117188 0.487444
2 0.458203 0.952985 0.121484 0.490792
2 0.460937 0.942383 0.125781 0.494141
2 0.463672 0.930420 0.130078 0.496582
2 0.466406 0.918457 0.134375 0.499023
2 0.469141 0.906494 0.138672 0.501465
2 0.471875 0.894531 0.142969 0.503906
2 0.474609 0.882568 0.147266 0.506348
2 0.477344 0.870605 0.151562 0.508789
2 0.481027 0.858643 0.157589 0.511230
2 0.484710 0.846680 0.163616 0.513672
2 0.488393 0.833147 0.169643 0.513951
2 0.492076 0.819615 0.175670 0.514230
2 0.495759 0.806083 0.181696 0.514509
2 0.499442 0.792550 0.187723 0.514788
2 0.503125 0.779018 0.193750 0.515067
2 0.507701 0.765485 0.199777 0.515346
2 0.512277 0.751953 0.205804 0.515625
2 0.516853 0.734654 0.211830 0.517299
2 0.521429 0.717355 0.217857 0.518973
2 0.526004 0.700056 0.223884 0.520647
2 0.530580 0.682757 0.229911 0.522321
2 0.535156 0.665458 0.235937 0.523996
2 0.541016 0.648158 0.241927 0.525670
2 0.546875 0.630859 0.247917 0.527344
2 0.552734 0.620898 0.253906 0.529297
2 0.558594 0.610938 0.259896 0.531250
2 0.564453 0.600977 0.265885 0.533203
2 0.570312 0.591016 0.271875 0.535156
2 0.575911 0.581055 0.277865 0.537109
2 0.581510 0.571289 0.283854 0.538411
2 0.587109 0.561523 0.289844 0.539714
2 0.592708 0.551758 0.295833 0.541016
2 0.598307 0.541992 0.301823 0.542318
2 0.603906 0.532227 0.307812 0.543620
2 0.608464 0.522461 0.312760 0.544922
2 0.613021 0.512974 0.317708 0.546596
2 0.617578 0.503488 0.322656 0.548270
2 0.622135 0.494001 0.327604 0.549944
2 0.626693 0.484515 0.332552 0.551618
2 0.631250 0.475028 0.337500 0.553292
2 0.633929 0.465541 0.340179 0.554967
2 0.636607 0.456055 0.342857 0.556641
2 0.639286 0.449805 0.345536 0.558984
2 0.641964 0.443555 0.348214 0.561328
2 0.644643 0.437305 0.350893 0.563672
2 0.647321 0.431055 0.353571 0.566016
2 0.650000 0.424805 0.356250 0.568359
2 0.651322 0.420340 0.357692 0.570033
2 0.652644 0.415876 0.359135 0.571708
2 0.653966 0.411412 0.360577 0.573382
2 0.655288 0.406948 0.362019 0.575056
2 0.656611 0.402483 0.363462 0.576730
2 0.657933 0.398019 0.364904 0.578404
2 0.659255 0.393555 0.366346 0.580078
2 0.660577 0.392578 0.367788 0.582031
2 0.661899 0.391602 0.369231 0.583984
2 0.663221 0.390625 0.370673 0.585937
2 0.664543 0.389648 0.372115 0.587891
2 0.665865 0.388672 0.373558 0.589844
2 0.667188 0.387695 0.375000 0.591797
2 0.668253 0.386719 0.374290 0.593750
2 0.669318 0.387277 0.373580 0.594866
2 0.670384 0.387835 0.372869 0.595982
2 0.671449 0.388393 0.372159 0.597098
2 0.672514 0.388951 0.371449 0.598214
2 0.673580 0.389509 0.370739 0.599330
2 0.674645 0.390067 0.370028 0.600446
2 0.675710 0.390625 0.369318 0.601562
2 0.676776 0.393377 0.368608 0.602805
2 0.677841 0.396129 0.367898 0.604048
2 0.678906 0.398881 0.367188 0.605291
2 0.680692 0.401634 0.367188 0.606534
2 0.682478 0.404386 0.367188 0.607777
2 0.684263 0.407138 0.367188 0.609020
2 0.686049 0.409890 0.367188 0.610263
2 0.687835 0.412642 0.367188 0.611506
2 0.689621 0.415394 0.367188 0.612749
2 0.691406 0.418146 0.367188 0.613991
2 0.692578 0.420898 0.366406 0.615234
2 0.693750 0.425977 0.365625 0.617578
2 0.694922 0.431055 0.364844 0.619922
2 0.696094 0.436133 0.364062 0.622266
2 0.697266 0.441211 0.363281 0.624609
2 0.698438 0.446289 0.362500 0.626953
2 0.701250 0.451782 0.361563 0.628662
2 0.704062 0.457275 0.360625 0.630371
2 0.706875 0.462769 0.359688 0.632080
2 0.709687 0.468262 0.358750 0.633789
2 0.712500 0.473755 0.357813 0.635498
2 0.715312 0.479248 0.356875 0.637207
2 0.718125 0.484741 0.355938 0.638916
2 0.720937 0.490234 0.355000 0.640625
2 0.723750 0.495605 0.354063 0.642090
2 0.726562 0.500977 0.353125 0.643555
2 0.726683 0.506348 0.350962 0.645020
2 0.726803 0.511719 0.348798 0.646484
2 0.726923 0.517090 0.346635 0.647949
2 0.727043 0.522461 0.344471 0.649414
2 0.727163 0.527832 0.342308 0.650879
2 0.727284 0.533203 0.340144 0.652344
2 0.727404 0.534831 0.337981 0.652995
2 0.727524 0.536458 0.335817 0.653646
2 0.727644 0.538086 0.333654 0.654297
2 0.727764 0.539714 0.331490 0.654948
2 0.727885 0.541341 0.329327 0.655599
2 0.728005 0.542969 0.327163 0.656250
2 0.728125 0.544434 0.325000 0.656250
2 0.725502 0.545898 0.321987 0.656250
2 0.722879 0.547363 0.318973 0.656250
2 0.720257 0.548828 0.315960 0.656250
2 0.717634 0.550293 0.312946 0.656250
2 0.715011 0.551758 0.309933 0.656250
2 0.712388 0.553223 0.306920 0.656250
2 0.709766 0.554688 0.303906 0.656250
2 0.707143 0.551758 0.300893 0.649833
2 0.704520 0.548828 0.297879 0.643415
2 0.701897 0.545898 0.294866 0.636998
2 0.699275 0.542969 0.291853 0.630580
2 0.696652 0.540039 0.288839 0.624163
2 0.694029 0.537109 0.285826 0.617746
2 0.691406 0.534180 0.282813 0.611328
2 0.690039 0.530664 0.280859 0.602734
2 0.688672 0.527148 0.278906 0.594141
2 0.687305 0.523633 0.276953 0.585547
2 0.685937 0.520117 0.275000 0.576953
2 0.684570 0.516602 0.273047 0.568359
2 0.683203 0.514160 0.271094 0.561523
2 0.681836 0.511719 0.269141 0.554687
2 0.680469 0.509277 0.267187 0.547852
2 0.679102 0.506836 0.265234 0.541016
2 0.677734 0.504395 0.263281 0.534180
2 0.676367 0.501953 0.261328 0.527344
2 0.675000 0.497656 0.259375 0.518750
2 0.674760 0.493359 0.259856 0.510156
2 0.674519 0.489063 0.260337 0.501563
2 0.674279 0.484766 0.260817 0.492969
2 0.674038 0.480469 0.261298 0.484375
2 0.673798 0.479004 0.261779 0.479492
2 0.673558 0.477539 0.262260 0.474609
2 0.673317 0.476074 0.262740 0.469727
2 0.673077 0.474609 0.263221 0.464844
2 0.672837 0.473145 0.263702 0.459961
2 0.672596 0.471680 0.264183 0.455078
2 0.672356 0.470703 0.264663 0.453683
2 0.672115 0.469727 0.265144 0.452288
2 0.671875 0.468750 0.265625 0.450893
2 0.672962 0.467773 0.267255 0.449498
2 0.674049 0.466797 0.268886 0.448103
2 0.675136 0.465820 0.270516 0.446708
2 0.676223 0.464844 0.272147 0.445312
2 0.677310 0.463501 0.273777 0.444092
2 0.678397 0.462158 0.275408 0.442871
2 0.679484 0.460815 0.277038 0.441650
2 0.680571 0.459473 0.278668 0.440430
2 0.681658 0.458130 0.280299 0.439209
2 0.682745 0.456787 0.281929 0.437988
2 0.683832 0.455444 0.283560 0.436768
2 0.684918 0.454102 0.285190 0.435547
2 0.686005 0.454468 0.286821 0.435791
2 0.687092 0.454834 0.288451 0.436035
2 0.688179 0.455200 0.290082 0.436279
2 0.689266 0.455566 0.291712 0.436523
2 0.690353 0.455933 0.293342 0.436768
2 0.691440 0.456299 0.294973 0.437012
2 0.692527 0.456665 0.296603 0.437256
2 0.693614 0.457031 0.298234 0.437500
2 0.694701 0.455357 0.299864 0.435268
2 0.695788 0.453683 0.301495 0.433036
2 0.696875 0.452009 0.303125 0.430804
2 0.697396 0.450335 0.304375 0.428571
2 0.697917 0.448661 0.305625 0.426339
2 0.698438 0.446987 0.306875 0.424107
2 0.698958 0.445312 0.308125 0.421875
2 0.699479 0.442708 0.309375 0.417318
2 0.700000 0.440104 0.310625 0.412760
2 0.700521 0.437500 0.311875 0.408203
2 0.701042 0.434896 0.313125 0.403646
2 0.701563 0.432292 0.314375 0.399089
2 0.702083 0.429688 0.315625 0.394531
2 0.702604 0.426953 0.316875 0.387500
2 0.703125 0.424219 0.318125 0.380469
2 0.703646 0.421484 0.319375 0.373437
2 0.704167 0.418750 0.320625 0.366406
2 0.704687 0.416016 0.321875 0.359375
2 0.704605 0.412695 0.322039 0.352734
2 0.704523 0.409375 0.322204 0.346094
2 0.704441 0.406055 0.322368 0.339453
2 0.704359 0.402734 0.322533 0.332812
2 0.704276 0.399414 0.322697 0.326172
2 0.704194 0.397461 0.322862 0.321615
2 0.704112 0.395508 0.323026 0.317057
2 0.704030 0.393555 0.323191 0.312500
2 0.703947 0.391602 0.323355 0.307943
2 0.703865 0.389648 0.323520 0.303385
2 0.703783 0.387695 0.323684 0.298828
2 0.703701 0.386719 0.323849 0.295573
2 0.703618 0.385742 0.324013 0.292318
2 0.703536 0.384766 0.324178 0.289062
2 0.703454 0.383789 0.324342 0.285807
2 0.703372 0.382812 0.324507 0.282552
2 0.703289 0.381836 0.324671 0.279297
2 0.703207 0.380859 0.324836 0.278646
2 0.703125 0.379883 0.325000 0.277995
2 0.703551 0.378906 0.325000 0.277344
2 0.703977 0.377930 0.325000 0.276693
2 0.704403 0.376953 0.325000 0.276042
2 0.704830 0.375977 0.325000 0.275391
2 0.705256 0.375543 0.325000 0.274523
2 0.705682 0.375109 0.325000 0.273655
2 0.706108 0.374674 0.325000 0.272786
2 0.706534 0.374240 0.325000 0.271918
2 0.706960 0.373806 0.325000 0.271050
2 0.707386 0.373372 0.325000 0.270182
2 0.707812 0.372938 0.325000 0.269314
2 0.708646 0.372504 0.324375 0.268446
2 0.709479 0.372070 0.323750 0.267578
2 0.710313 0.371354 0.323125 0.267187
2 0.711146 0.370638 0.322500 0.266797
2 0.711979 0.369922 0.321875 0.266406
2 0.712813 0.369206 0.321250 0.266016
2 0.713646 0.368490 0.320625 0.265625
2 0.714479 0.367773 0.320000 0.265234
2 0.715313 0.367057 0.319375 0.264844
2 0.716146 0.366341 0.318750 0.264453
2 0.716979 0.365625 0.318125 0.264062
2 0.717813 0.364909 0.317500 0.263672
2 0.718646 0.364193 0.316875 0.263281
2 0.719479 0.363477 0.316250 0.262891
2 0.720313 0.362760 0.315625 0.262500
2 0.721591 0.362044 0.314489 0.262109
2 0.722869 0.361328 0.313352 0.261719
2 0.724148 0.360946 0.312216 0.261294
2 0.725426 0.360564 0.311080 0.260870
2 0.726705 0.360182 0.309943 0.260445
2 0.727983 0.359800 0.308807 0.260020
2 0.729261 0.359417 0.307670 0.259596
2 0.730540 0.359035 0.306534 0.259171
2 0.731818 0.358653 0.305398 0.258747
2 0.733097 0.358271 0.304261 0.258322
2 0.734375 0.357889 0.303125 0.257897
2 0.734319 0.357507 0.301004 0.257473
2 0.734263 0.357125 0.298884 0.257048
2 0.734208 0.356743 0.296763 0.256624
2 0.734152 0.356360 0.294643 0.256199
2 0.734096 0.355978 0.292522 0.255774
2 0.734040 0.355596 0.290402 0.255350
2 0.733984 0.355214 0.288281 0.254925
2 0.733929 0.354832 0.286161 0.254501
2 0.733873 0.354450 0.284040 0.254076
2 0.733817 0.354068 0.281920 0.253651
2 0.733761 0.353685 0.279799 0.253227
2 0.733705 0.353303 0.277679 0.252802
2 0.733650 0.352921 0.275558 0.252378
2 0.733594 0.352539 0.273438 0.251953
