2 0.519424 0.750123 0.045097 0.042460
2 0.520312 0.748047 0.046875 0.050781
2 0.524219 0.752930 0.039062 0.041016
2 0.528125 0.752930 0.046875 0.041016
2 0.531250 0.753906 0.040625 0.039062
2 0.532031 0.756836 0.042188 0.041016
2 0.532812 0.755859 0.040625 0.042969
2 0.533594 0.757812 0.042188 0.046875
2 0.537500 0.762695 0.034375 0.037109
2 0.538281 0.763672 0.035937 0.039062
2 0.543750 0.768555 0.046875 0.044922
2 0.545312 0.773438 0.043750 0.035156
2 0.544531 0.774414 0.042188 0.037109
2 0.548438 0.775391 0.034375 0.035156
2 0.550000 0.777344 0.037500 0.039062
2 0.551563 0.777344 0.034375 0.039062
2 0.553906 0.779297 0.039062 0.042969
2 0.553906 0.779297 0.039062 0.042969
2 0.555469 0.778320 0.042188 0.041016
2 0.557813 0.778320 0.037500 0.041016
2 0.560156 0.781250 0.039062 0.042969
2 0.562500 0.780273 0.034375 0.044922
2 0.565625 0.775391 0.040625 0.035156
2 0.567188 0.777344 0.037500 0.031250
2 0.569531 0.780273 0.042188 0.033203
2 0.574219 0.777344 0.032813 0.039062
2 0.575000 0.774414 0.034375 0.033203
2 0.573438 0.771484 0.037500 0.039062
2 0.578125 0.767578 0.046875 0.031250
2 0.583594 0.764648 0.032813 0.029297
2 0.582968 0.764764 0.039824 0.036603
2 0.586482 0.761104 0.039824 0.055637
2 0.589657 0.761983 0.058998 0.066918
2 0.592729 0.758699 0.055708 0.062652
2 0.594361 0.756830 0.056286 0.063082
2 0.597748 0.753921 0.059516 0.066231
2 0.601161 0.749953 0.064637 0.072555
2 0.602840 0.748272 0.068087 0.077611
2 0.606079 0.744376 0.060398 0.068052
2 0.607851 0.742567 0.050744 0.056350
2 0.611308 0.738575 0.050147 0.055156
2 0.613038 0.736173 0.055031 0.059129
2 0.617075 0.731436 0.062293 0.070081
2 0.620474 0.727193 0.055791 0.062997
2 0.624042 0.722584 0.057364 0.063177
2 0.627987 0.717432 0.065544 0.075001
2 0.629753 0.714909 0.059282 0.066419
2 0.633077 0.709982 0.058697 0.065831
2 0.634918 0.707239 0.058930 0.065984
2 0.638096 0.702182 0.059003 0.065955
2 0.639696 0.699399 0.059066 0.065982
2 0.642771 0.693708 0.059803 0.067632
2 0.645523 0.688175 0.059408 0.067198
2 0.647990 0.682374 0.066994 0.076060
2 0.648733 0.680081 0.057597 0.064446
2 0.651133 0.674085 0.066522 0.075687
2 0.652794 0.668162 0.067356 0.076542
2 0.653654 0.665699 0.056539 0.060930
2 0.654986 0.660332 0.055622 0.061154
2 0.656528 0.655469 0.056717 0.062634
2 0.656652 0.653440 0.054823 0.060658
2 0.657761 0.649356 0.061591 0.068896
2 0.658188 0.648194 0.057411 0.061474
2 0.659215 0.643875 0.070094 0.077956
2 0.659648 0.642294 0.055909 0.059692
2 0.659517 0.641190 0.055223 0.061015
2 0.659539 0.641148 0.057323 0.063702
2 0.659580 0.640745 0.057231 0.062538
2 0.659622 0.640713 0.059261 0.065048
2 0.658886 0.641851 0.065485 0.072905
2 0.658659 0.642274 0.058242 0.062786
2 0.657812 0.643697 0.064133 0.071642
2 0.656248 0.644946 0.057031 0.063188
2 0.655507 0.645767 0.055915 0.061383
2 0.654789 0.646591 0.053531 0.058069
2 0.652925 0.647216 0.074664 0.085464
2 0.650617 0.648376 0.056524 0.061553
2 0.649471 0.648251 0.056743 0.060471
2 0.646715 0.647780 0.066994 0.074409
2 0.643715 0.646887 0.050248 0.054609
2 0.640584 0.645247 0.052883 0.058680
2 0.640362 0.643974 0.042167 0.052709
2 0.635020 0.641468 0.053954 0.059640
2 0.631272 0.638932 0.053585 0.058913
2 0.627332 0.635023 0.055475 0.061313
2 0.624997 0.633486 0.049259 0.054036
2 0.620840 0.629721 0.048538 0.053169
2 0.618610 0.627326 0.054573 0.060780
2 0.614309 0.623127 0.052257 0.056418
2 0.609504 0.618570 0.046649 0.050107
2 0.607632 0.615771 0.070213 0.080599
2 0.602436 0.612134 0.061114 0.069695
2 0.597625 0.608876 0.056427 0.062717
2 0.595155 0.607026 0.076441 0.088582
2 0.589856 0.604259 0.060963 0.069769
2 0.584649 0.602605 0.047965 0.053040
2 0.579697 0.600870 0.053298 0.059265
2 0.576801 0.600517 0.049097 0.054724
2 0.571841 0.599318 0.040996 0.042460
2 0.565906 0.600455 0.050677 0.056215
2 0.562835 0.600572 0.051253 0.056799
2 0.557836 0.600816 0.069452 0.078601
2 0.554812 0.601133 0.062185 0.068735
2 0.551719 0.601214 0.060258 0.066042
2 0.545351 0.600656 0.054397 0.060602
2 0.539131 0.599858 0.049798 0.054575
2 0.536031 0.599291 0.048395 0.051694
2 0.529909 0.597684 0.052622 0.057091
2 0.526567 0.595914 0.048572 0.052616
2 0.520532 0.592458 0.042797 0.046860
2 0.514800 0.588529 0.048906 0.054359
2 0.509312 0.584521 0.044182 0.048090
2 0.507413 0.582018 0.059145 0.064822
2 0.501626 0.577227 0.041078 0.044308
2 0.499462 0.574633 0.056552 0.063322
2 0.494825 0.569239 0.057882 0.064871
2 0.492749 0.566762 0.044515 0.047957
2 0.488542 0.560758 0.053574 0.059145
2 0.484760 0.555128 0.040335 0.043264
2 0.482913 0.552515 0.045510 0.049294
2 0.479621 0.546233 0.040617 0.043547
2 0.476346 0.539846 0.043696 0.047770
2 0.474637 0.536432 0.055727 0.061169
2 0.471805 0.530074 0.037559 0.040645
2 0.470719 0.526675 0.037973 0.040602
2 0.468805 0.520367 0.034747 0.037041
2 0.467327 0.514447 0.035246 0.037634
2 0.466929 0.511445 0.050352 0.053954
2 0.465403 0.506359 0.038945 0.041926
2 0.465324 0.504233 0.049037 0.053930
2 0.464070 0.500018 0.044298 0.048375
2 0.464040 0.497906 0.044879 0.048651
2 0.463779 0.494625 0.063057 0.071108
2 0.463146 0.493704 0.046249 0.049223
2 0.463026 0.491752 0.044890 0.047777
2 0.463033 0.490420 0.047556 0.051024
2 0.462920 0.489659 0.042282 0.044955
2 0.463045 0.488309 0.051321 0.056237
2 0.462936 0.487671 0.042604 0.045569
2 0.463818 0.486173 0.063749 0.068806
2 0.463907 0.485151 0.050337 0.055286
2 0.464514 0.482877 0.043895 0.047489
2 0.465466 0.479859 0.049027 0.053177
2 0.465900 0.478357 0.047527 0.051412
2 0.467208 0.474558 0.053354 0.057458
2 0.467601 0.472651 0.049193 0.053703
2 0.468704 0.467919 0.040490 0.043797
2 0.469459 0.465505 0.048178 0.052927
2 0.471198 0.460806 0.053825 0.058203
2 0.472571 0.455458 0.045995 0.048987
2 0.473336 0.452431 0.042303 0.045020
2 0.474019 0.449661 0.044418 0.047383
2 0.476146 0.444344 0.059921 0.066607
2 0.478113 0.439475 0.053044 0.056589
2 0.478970 0.436881 0.051102 0.055483
2 0.480864 0.432388 0.059418 0.066657
2 0.481748 0.430714 0.041814 0.044883
2 0.483941 0.427764 0.056957 0.061486
2 0.484708 0.426021 0.050478 0.055305
2 0.487423 0.423664 0.068852 0.074904
2 0.489242 0.422148 0.048385 0.052797
2 0.491082 0.420948 0.042884 0.045995
2 0.492294 0.420576 0.040227 0.043188
2 0.494680 0.420009 0.050852 0.054432
2 0.496874 0.419676 0.045403 0.049725
2 0.498200 0.419525 0.056112 0.060503
2 0.498851 0.419232 0.039894 0.042793
2 0.501334 0.419077 0.040476 0.043083
2 0.503625 0.418256 0.044918 0.049090
2 0.504697 0.417529 0.041106 0.044956
2 0.507274 0.416386 0.049789 0.054222
2 0.509325 0.414712 0.038043 0.041813
2 0.511781 0.412669 0.046836 0.051097
2 0.514089 0.410496 0.042470 0.046642
2 0.516603 0.407594 0.049861 0.054059
2 0.517708 0.406447 0.047602 0.052245
2 0.520272 0.403262 0.038075 0.040983
2 0.521598 0.401622 0.042712 0.045686
2 0.523852 0.398433 0.049548 0.055152
2 0.525060 0.396430 0.049528 0.055155
2 0.527735 0.392371 0.054261 0.058146
2 0.529831 0.388650 0.047942 0.053936
2 0.531148 0.386640 0.047476 0.052945
2 0.533437 0.382680 0.047827 0.052612
2 0.534632 0.380841 0.047925 0.053656
2 0.537267 0.376933 0.054508 0.058620
2 0.539104 0.374066 0.037250 0.040844
2 0.540633 0.372672 0.040610 0.044865
2 0.541730 0.371532 0.051685 0.056313
2 0.544054 0.369866 0.040154 0.044050
2 0.546242 0.368221 0.048233 0.052144
2 0.547228 0.368326 0.041184 0.044811
2 0.549499 0.367974 0.053798 0.058856
2 0.550339 0.368121 0.042385 0.046081
2 0.552772 0.367913 0.053557 0.058571
2 0.554539 0.369123 0.057946 0.062090
2 0.555922 0.369867 0.048024 0.051725
2 0.557722 0.370514 0.044087 0.048382
2 0.558299 0.371173 0.053228 0.059845
2 0.559713 0.372015 0.042797 0.047238
2 0.560242 0.371924 0.045193 0.048200
2 0.561368 0.372983 0.050326 0.056347
2 0.562392 0.372853 0.051321 0.055867
2 0.562899 0.373067 0.052195 0.058758
2 0.563547 0.373270 0.050825 0.054623
2 0.563869 0.373467 0.045242 0.049174
2 0.564128 0.374101 0.040678 0.044638
2 0.564374 0.375307 0.052630 0.059863
2 0.564390 0.375931 0.039757 0.043527
2 0.564375 0.376352 0.041379 0.045689
2 0.564170 0.377480 0.045723 0.051869
2 0.563794 0.378909 0.049864 0.053671
2 0.562699 0.380242 0.040567 0.044972
2 0.562066 0.381753 0.043444 0.046969
2 0.560786 0.383502 0.041221 0.045645
2 0.559349 0.385414 0.043059 0.048572
2 0.557865 0.386806 0.049322 0.056353
2 0.557140 0.387147 0.044385 0.048045
2 0.555240 0.387955 0.041195 0.045447
2 0.553409 0.389135 0.050585 0.058642
2 0.551428 0.389661 0.040625 0.046175
2 0.549106 0.389631 0.040191 0.044094
2 0.548050 0.389725 0.039574 0.043780
2 0.545533 0.389868 0.039910 0.045026
2 0.543398 0.390371 0.046149 0.052117
2 0.541882 0.390435 0.046288 0.053369
2 0.539453 0.390851 0.052846 0.061562
2 0.536744 0.391122 0.047618 0.053104
2 0.534030 0.391602 0.041969 0.046577
2 0.532554 0.392162 0.044130 0.049523
2 0.529625 0.393569 0.044096 0.050008
2 0.526944 0.395082 0.051332 0.058951
2 0.524106 0.396250 0.048631 0.054797
2 0.521438 0.397578 0.043322 0.047496
2 0.518587 0.399324 0.042153 0.047351
2 0.514195 0.401433 0.042211 0.047671
2 0.511214 0.403004 0.048127 0.054816
2 0.508690 0.404287 0.053641 0.059967
2 0.505892 0.405380 0.044202 0.048143
2 0.504483 0.405556 0.042576 0.047225
2 0.501751 0.406903 0.045124 0.051042
2 0.500312 0.407209 0.040660 0.045072
2 0.498291 0.408184 0.052926 0.059139
2 0.495467 0.409090 0.039285 0.043898
2 0.493475 0.409780 0.044002 0.048802
2 0.491078 0.410790 0.042908 0.047688
2 0.490173 0.411308 0.041541 0.044664
2 0.487908 0.412505 0.048858 0.055114
2 0.485553 0.413153 0.040502 0.044425
2 0.484201 0.414400 0.055137 0.062428
2 0.482763 0.414796 0.042310 0.047515
2 0.481191 0.415693 0.044336 0.049958
2 0.479300 0.416615 0.042524 0.045868
2 0.478565 0.416864 0.039454 0.043005
2 0.476804 0.418415 0.050555 0.057289
2 0.476049 0.418328 0.046469 0.050213
2 0.474530 0.419351 0.041138 0.043936
2 0.473283 0.420460 0.038121 0.041321
2 0.472109 0.421896 0.047543 0.052987
2 0.471644 0.422343 0.038840 0.041860
2 0.470778 0.423173 0.037508 0.040085
2 0.470595 0.423993 0.052447 0.058889
2 0.469726 0.424561 0.041033 0.044406
2 0.469376 0.425084 0.037438 0.039795
2 0.469217 0.426573 0.034465 0.036925
2 0.468866 0.426671 0.032499 0.034597
2 0.469411 0.428142 0.038857 0.041289
2 0.469422 0.428987 0.039165 0.042020
2 0.470035 0.430254 0.035528 0.037811
2 0.470398 0.430356 0.033253 0.035583
2 0.472099 0.431912 0.040536 0.044251
2 0.473496 0.432677 0.034226 0.036797
2 0.474735 0.432784 0.036077 0.038863
2 0.476451 0.434342 0.032513 0.035053
2 0.477719 0.434298 0.038083 0.041728
2 0.479633 0.434879 0.036033 0.038841
2 0.480816 0.434960 0.045870 0.050039
2 0.483162 0.436139 0.039085 0.043117
2 0.484314 0.436158 0.036888 0.040458
2 0.486763 0.437075 0.043715 0.047266
2 0.489302 0.437724 0.039221 0.041939
2 0.490268 0.437601 0.042196 0.045086
2 0.492753 0.437995 0.038933 0.043245
2 0.493921 0.438174 0.035681 0.039077
2 0.496728 0.438531 0.035558 0.038741
2 0.498003 0.438726 0.040187 0.043559
2 0.500926 0.439177 0.043965 0.046840
2 0.501875 0.439656 0.041642 0.045353
2 0.504523 0.439826 0.038579 0.041809
2 0.507158 0.439842 0.040536 0.043688
2 0.508438 0.439903 0.036976 0.039470
2 0.510542 0.439951 0.035850 0.038216
2 0.511356 0.439944 0.034325 0.036706
2 0.513458 0.439872 0.038359 0.041616
2 0.514445 0.439858 0.034890 0.037321
2 0.516059 0.439771 0.039039 0.042431
2 0.517766 0.439580 0.045820 0.050875
2 0.518273 0.439558 0.043144 0.046376
2 0.519328 0.439166 0.039917 0.043175
2 0.520047 0.438812 0.034725 0.037284
2 0.521011 0.438724 0.038402 0.041555
2 0.521169 0.438555 0.040701 0.044747
2 0.521690 0.438331 0.032905 0.035196
2 0.522143 0.438244 0.032643 0.034820
2 0.522443 0.438000 0.035633 0.038344
2 0.522906 0.437653 0.041167 0.043931
2 0.522978 0.437640 0.041337 0.044075
2 0.522894 0.437550 0.042192 0.044996
2 0.522290 0.436893 0.034963 0.037513
2 0.521901 0.436401 0.033276 0.036232
2 0.521596 0.435968 0.034467 0.037111
2 0.520855 0.435946 0.037159 0.040218
2 0.520208 0.435579 0.041787 0.045878
2 0.519720 0.434591 0.039152 0.043171
2 0.518464 0.434249 0.033177 0.035854
2 0.518354 0.433664 0.043036 0.046770
2 0.516701 0.432966 0.038143 0.041153
2 0.515250 0.431761 0.041134 0.044462
2 0.514317 0.431173 0.035691 0.038344
2 0.512381 0.430248 0.033717 0.036055
2 0.511249 0.430068 0.035372 0.038016
2 0.509624 0.428534 0.031875 0.034186
2 0.507037 0.427824 0.041536 0.044768
2 0.504587 0.426903 0.032508 0.034926
2 0.501903 0.425986 0.040779 0.045139
2 0.498781 0.424799 0.033393 0.035877
2 0.496852 0.424811 0.031266 0.033396
2 0.493864 0.424022 0.041880 0.046695
2 0.490625 0.422852 0.031250 0.033203
