2 0.337840 0.478528 0.055571 0.058568
2 0.332813 0.477539 0.065625 0.060547
2 0.328906 0.477539 0.057813 0.060547
2 0.331250 0.478516 0.053125 0.058594
2 0.333594 0.477539 0.057813 0.056641
2 0.332812 0.482422 0.059375 0.046875
2 0.332031 0.484375 0.057813 0.050781
2 0.332031 0.485352 0.057813 0.048828
2 0.327344 0.484375 0.048438 0.046875
2 0.326563 0.483398 0.050000 0.048828
2 0.327344 0.484375 0.051562 0.050781
2 0.326562 0.487305 0.053125 0.044922
2 0.325000 0.487305 0.050000 0.044922
2 0.326562 0.490234 0.046875 0.039062
2 0.321094 0.491211 0.035937 0.041016
2 0.321875 0.492188 0.034375 0.039062
2 0.317969 0.493164 0.048438 0.056641
2 0.317188 0.491211 0.046875 0.052734
2 0.318750 0.496094 0.053125 0.050781
2 0.321875 0.499023 0.046875 0.044922
2 0.317969 0.500000 0.045312 0.039062
2 0.317969 0.500977 0.045312 0.041016
2 0.315625 0.500000 0.050000 0.042969
2 0.315625 0.502930 0.050000 0.048828
2 0.315625 0.507812 0.050000 0.039062
2 0.314844 0.510742 0.054688 0.044922
2 0.314844 0.510742 0.054688 0.044922
2 0.312766 0.505448 0.044708 0.052769
2 0.312688 0.505347 0.044538 0.052572
2 0.310696 0.507138 0.043746 0.051540
2 0.310674 0.507356 0.043703 0.051516
2 0.310157 0.507956 0.043013 0.050620
2 0.310221 0.508058 0.043079 0.050684
2 0.309696 0.508374 0.043504 0.051215
2 0.309672 0.508375 0.043553 0.051277
2 0.308370 0.508562 0.042914 0.050411
2 0.308197 0.508515 0.043310 0.050941
2 0.308075 0.508511 0.043367 0.051032
2 0.307320 0.508483 0.042072 0.049445
2 0.307333 0.508441 0.042019 0.049386
2 0.306603 0.508039 0.043970 0.051825
2 0.306533 0.507887 0.044245 0.052171
2 0.306514 0.506271 0.043452 0.051062
2 0.306301 0.506244 0.043328 0.050936
2 0.305467 0.505057 0.042511 0.049673
2 0.305394 0.505082 0.042630 0.049816
2 0.305169 0.504248 0.042373 0.049612
2 0.304811 0.503754 0.043173 0.050684
2 0.304650 0.503435 0.042881 0.050307
2 0.303569 0.503103 0.042837 0.050223
2 0.303679 0.502947 0.042440 0.049741
2 0.303088 0.501499 0.043222 0.050804
2 0.302637 0.500936 0.041921 0.049116
2 0.302461 0.500723 0.041478 0.048441
2 0.302377 0.500548 0.041618 0.048564
2 0.301804 0.499185 0.043513 0.051072
2 0.301446 0.498660 0.042058 0.049330
2 0.301172 0.498755 0.041309 0.048334
2 0.300984 0.498448 0.041253 0.048158
2 0.300554 0.498330 0.042136 0.049201
2 0.300149 0.498108 0.042644 0.049984
2 0.299984 0.497850 0.042198 0.049435
2 0.299028 0.497984 0.041490 0.048222
2 0.298964 0.498761 0.040858 0.047426
2 0.298721 0.499247 0.042161 0.049228
2 0.298340 0.500034 0.041901 0.048986
2 0.297624 0.501195 0.041334 0.048036
2 0.297435 0.501266 0.041852 0.048698
2 0.297118 0.503108 0.041582 0.048495
2 0.297095 0.503096 0.041555 0.048508
2 0.296314 0.504921 0.040380 0.046896
2 0.295916 0.506131 0.040496 0.046981
2 0.295813 0.506366 0.040975 0.047674
2 0.295373 0.508126 0.041643 0.048722
2 0.295130 0.508156 0.041057 0.047934
2 0.295157 0.509907 0.041265 0.048193
2 0.294445 0.510196 0.040353 0.046881
2 0.294463 0.511133 0.041345 0.048051
2 0.294448 0.511687 0.041354 0.048075
2 0.294324 0.513613 0.041936 0.048811
2 0.294356 0.513559 0.041473 0.048216
2 0.294137 0.513578 0.042064 0.049082
2 0.294290 0.513913 0.040840 0.047510
2 0.294486 0.515436 0.041502 0.048223
2 0.294709 0.515291 0.041758 0.048628
2 0.295611 0.516003 0.041563 0.048523
2 0.296451 0.516074 0.040576 0.047269
2 0.296463 0.516134 0.040454 0.047103
2 0.297458 0.516267 0.040320 0.046832
2 0.298651 0.516313 0.040974 0.047730
2 0.298909 0.516425 0.040477 0.047004
2 0.300532 0.516350 0.040349 0.046844
2 0.301828 0.516006 0.040830 0.047550
2 0.302122 0.515696 0.040442 0.046944
2 0.304135 0.515336 0.041331 0.048063
2 0.304361 0.515225 0.041750 0.048708
2 0.305879 0.514461 0.040033 0.046592
2 0.306234 0.514409 0.040226 0.046861
2 0.307885 0.513409 0.041844 0.048832
2 0.308256 0.513511 0.041552 0.048369
2 0.309804 0.513508 0.041444 0.048234
2 0.310425 0.512936 0.041578 0.048628
2 0.311912 0.512137 0.040993 0.047938
2 0.312182 0.511998 0.041576 0.048768
2 0.313704 0.510948 0.042288 0.049594
2 0.314264 0.510793 0.043223 0.050767
2 0.315580 0.510827 0.042724 0.050205
2 0.315872 0.510837 0.043738 0.051408
2 0.316713 0.510598 0.041491 0.048482
2 0.317914 0.510496 0.041942 0.048855
2 0.318711 0.510404 0.042879 0.050359
2 0.319458 0.510256 0.042062 0.049006
2 0.319791 0.510621 0.041687 0.048659
2 0.320468 0.510471 0.043561 0.051215
2 0.321711 0.510846 0.042554 0.049901
2 0.321887 0.511127 0.043624 0.051296
2 0.322578 0.512184 0.041983 0.048918
2 0.322675 0.512054 0.042001 0.048938
2 0.323266 0.513325 0.043582 0.051180
2 0.323437 0.513675 0.044229 0.052013
2 0.324222 0.515381 0.044020 0.051403
2 0.324545 0.516076 0.042727 0.049975
2 0.325092 0.517815 0.045064 0.053039
2 0.325249 0.519217 0.046357 0.054557
2 0.325381 0.520048 0.044431 0.052152
2 0.325641 0.522014 0.043059 0.050274
2 0.326203 0.523072 0.044384 0.050314
2 0.326194 0.525226 0.045063 0.050169
2 0.326392 0.526468 0.043633 0.048340
2 0.326553 0.528894 0.044504 0.049387
2 0.326826 0.531031 0.044739 0.049719
2 0.327028 0.532507 0.044111 0.049014
2 0.327122 0.534981 0.044417 0.049390
2 0.327060 0.537698 0.043146 0.047830
2 0.327316 0.538830 0.044033 0.048932
2 0.327383 0.541263 0.043944 0.048827
2 0.327676 0.543614 0.043036 0.047691
2 0.327845 0.544094 0.043108 0.047740
2 0.327882 0.546332 0.043610 0.048336
2 0.327944 0.546705 0.044091 0.048909
2 0.328586 0.548671 0.044307 0.049224
2 0.328883 0.549166 0.044063 0.048947
2 0.329730 0.550718 0.044253 0.049078
2 0.330361 0.551509 0.042571 0.047141
2 0.330880 0.551586 0.042528 0.047064
2 0.331682 0.551875 0.042685 0.047259
2 0.332153 0.552334 0.044017 0.048891
2 0.333681 0.552225 0.043883 0.048722
2 0.333903 0.552066 0.043579 0.048341
2 0.335305 0.551529 0.042923 0.047545
2 0.336158 0.551639 0.042729 0.047248
2 0.337013 0.551476 0.043213 0.047891
2 0.338548 0.550781 0.045140 0.050293
2 0.340100 0.549833 0.042932 0.047545
2 0.341398 0.549453 0.043516 0.048255
2 0.343164 0.548021 0.043354 0.048062
2 0.344329 0.547632 0.043072 0.047715
2 0.346100 0.546330 0.044080 0.048975
2 0.347357 0.545661 0.043138 0.047817
2 0.349436 0.544424 0.044165 0.049085
2 0.351959 0.543029 0.044972 0.050042
2 0.352902 0.542513 0.044153 0.049046
2 0.354174 0.541690 0.043358 0.048109
2 0.356574 0.540803 0.044669 0.049715
2 0.357916 0.540263 0.043625 0.048428
2 0.359674 0.538779 0.044890 0.050007
2 0.360899 0.538375 0.043989 0.048917
2 0.362923 0.536898 0.044808 0.049953
2 0.364637 0.535479 0.044634 0.049743
2 0.365581 0.534986 0.044885 0.050064
2 0.366978 0.533248 0.045158 0.050399
2 0.368339 0.531882 0.043212 0.048051
2 0.369312 0.531381 0.045009 0.050229
2 0.370768 0.529906 0.043403 0.048278
2 0.372083 0.528701 0.043960 0.048947
2 0.373315 0.527211 0.044955 0.050170
2 0.374519 0.525516 0.045014 0.050239
2 0.374824 0.525312 0.045007 0.050229
2 0.376275 0.524098 0.043420 0.048291
2 0.376937 0.523460 0.045093 0.050329
2 0.378005 0.522139 0.043480 0.048389
2 0.378897 0.520620 0.043401 0.048284
2 0.379910 0.519442 0.044688 0.049855
2 0.380249 0.518819 0.043692 0.048636
2 0.380619 0.517489 0.044669 0.049858
2 0.381547 0.516262 0.043280 0.048221
2 0.382133 0.515426 0.044626 0.049830
2 0.382118 0.514830 0.043623 0.048620
2 0.382916 0.513217 0.044323 0.049474
2 0.382858 0.513170 0.044211 0.049334
2 0.383379 0.511000 0.043518 0.048468
2 0.383625 0.510895 0.043478 0.048400
2 0.383848 0.510088 0.044231 0.049336
2 0.383941 0.509269 0.044100 0.049183
2 0.383955 0.508684 0.043401 0.048325
2 0.384402 0.508242 0.044201 0.049307
2 0.384520 0.507220 0.044050 0.049113
2 0.384473 0.507273 0.044241 0.049348
2 0.384560 0.505953 0.044772 0.050000
2 0.384559 0.505867 0.044783 0.050018
2 0.384590 0.505794 0.044608 0.049810
2 0.384608 0.505336 0.043999 0.049060
2 0.384443 0.505229 0.043986 0.049071
2 0.384230 0.504323 0.044085 0.049192
2 0.384183 0.504354 0.043651 0.048629
2 0.384182 0.504304 0.043701 0.048680
2 0.383858 0.503292 0.043530 0.048453
2 0.383756 0.503288 0.043390 0.048297
2 0.383756 0.503284 0.043443 0.048365
2 0.383554 0.502586 0.042586 0.047210
2 0.383136 0.502367 0.043390 0.048162
2 0.383418 0.501355 0.043117 0.047837
2 0.383064 0.500788 0.042421 0.047065
2 0.383291 0.499855 0.043653 0.048586
2 0.383546 0.499452 0.043212 0.048025
2 0.383345 0.498860 0.042412 0.047051
2 0.383396 0.497977 0.043865 0.048824
2 0.383361 0.496848 0.042532 0.047202
2 0.383422 0.496476 0.043442 0.048314
2 0.383342 0.495083 0.042647 0.047349
2 0.383401 0.494275 0.043971 0.048979
2 0.383525 0.493015 0.042544 0.047260
2 0.383758 0.492559 0.043583 0.048523
2 0.383802 0.490680 0.043227 0.048151
2 0.383939 0.489976 0.043832 0.048894
2 0.383989 0.489024 0.042450 0.047236
2 0.384042 0.487736 0.043566 0.048623
2 0.383983 0.486877 0.043085 0.048039
2 0.384109 0.485311 0.042961 0.047913
2 0.384129 0.484866 0.043432 0.048492
2 0.384259 0.483187 0.043149 0.048186
2 0.384281 0.482606 0.044184 0.049449
2 0.384252 0.480979 0.043192 0.048241
2 0.384356 0.480035 0.043948 0.049164
2 0.384359 0.479648 0.042962 0.047924
2 0.384317 0.478417 0.044199 0.049473
2 0.384131 0.477901 0.043452 0.048509
2 0.384014 0.477851 0.043317 0.048306
2 0.383722 0.477361 0.042113 0.046787
2 0.383792 0.476891 0.043666 0.048676
2 0.383508 0.476356 0.044079 0.049169
2 0.383534 0.476272 0.044056 0.049132
2 0.383222 0.475896 0.043332 0.048233
2 0.383151 0.475706 0.043212 0.048091
2 0.383116 0.475507 0.042716 0.047491
2 0.382485 0.475428 0.042622 0.047440
2 0.382266 0.475263 0.042746 0.047552
2 0.381982 0.475252 0.042387 0.047088
2 0.381724 0.475270 0.042810 0.047598
2 0.381666 0.475111 0.043048 0.047904
2 0.380975 0.474852 0.044095 0.049240
2 0.381023 0.474658 0.044461 0.049713
2 0.380519 0.474619 0.044264 0.049396
2 0.380460 0.474641 0.044248 0.049379
2 0.380317 0.474291 0.044068 0.049170
2 0.379752 0.474217 0.043900 0.049004
2 0.379655 0.474169 0.043826 0.048917
2 0.379103 0.474245 0.043887 0.048947
2 0.378983 0.474158 0.043638 0.048628
2 0.378749 0.474150 0.043598 0.048548
2 0.378418 0.474148 0.043624 0.048607
2 0.378027 0.474206 0.043827 0.048941
2 0.377658 0.474286 0.043782 0.048816
2 0.377463 0.474348 0.043796 0.048827
2 0.376963 0.474598 0.044060 0.049141
2 0.376914 0.474621 0.044027 0.049102
2 0.376466 0.474626 0.044216 0.049402
2 0.376235 0.474584 0.044122 0.049247
2 0.375907 0.474605 0.044164 0.049276
2 0.375764 0.474603 0.044141 0.049236
2 0.375397 0.474281 0.043841 0.048861
2 0.374742 0.474343 0.043793 0.048862
2 0.374586 0.474048 0.043401 0.048343
2 0.374218 0.474356 0.043681 0.048664
2 0.373457 0.474504 0.044003 0.049116
2 0.373433 0.474279 0.043761 0.048833
2 0.372553 0.474449 0.043802 0.048825
2 0.372457 0.474359 0.043643 0.048625
2 0.371372 0.474618 0.043762 0.048806
2 0.370816 0.474747 0.043692 0.048689
2 0.370333 0.474860 0.043527 0.048548
2 0.369517 0.474916 0.043043 0.047911
2 0.369083 0.475099 0.042231 0.046921
2 0.368079 0.475038 0.042100 0.046740
2 0.367675 0.475056 0.042126 0.046797
2 0.366439 0.475075 0.042011 0.046629
2 0.366066 0.475454 0.041303 0.045775
2 0.364815 0.475496 0.041352 0.045825
2 0.364310 0.475422 0.041382 0.045885
2 0.363485 0.475824 0.042247 0.046924
2 0.362517 0.475733 0.042318 0.047027
2 0.361389 0.475990 0.043138 0.048003
2 0.360548 0.476090 0.043386 0.048314
2 0.359571 0.476411 0.043987 0.049044
2 0.358681 0.476662 0.043894 0.048938
2 0.357688 0.477151 0.042520 0.047328
2 0.356481 0.477512 0.042121 0.046790
2 0.355188 0.477741 0.042462 0.047188
2 0.354388 0.477926 0.042615 0.047367
2 0.353484 0.477567 0.041782 0.046337
2 0.352960 0.477449 0.041716 0.046263
2 0.351946 0.477259 0.041708 0.046224
2 0.351191 0.476421 0.042929 0.047730
2 0.350852 0.476389 0.042718 0.047464
2 0.350389 0.475153 0.041494 0.045962
2 0.350050 0.472954 0.042695 0.047437
2 0.349877 0.471857 0.042101 0.046726
2 0.350252 0.470247 0.042180 0.046788
2 0.350407 0.468926 0.042441 0.047113
2 0.350861 0.466261 0.042030 0.046633
2 0.351858 0.463417 0.041329 0.045761
2 0.352913 0.460058 0.041190 0.045628
2 0.353763 0.458136 0.040883 0.045233
2 0.355263 0.454073 0.040711 0.045035
2 0.356250 0.452148 0.040625 0.044922
