2 0.689511 0.259342 0.049103 0.047721
2 0.689844 0.258789 0.051562 0.056641
2 0.686719 0.256836 0.045312 0.052734
2 0.686719 0.256836 0.042188 0.052734
2 0.693750 0.264648 0.056250 0.068359
2 0.692969 0.265625 0.057813 0.070312
2 0.692187 0.258789 0.056250 0.056641
2 0.696094 0.260742 0.048438 0.052734
2 0.695312 0.261719 0.046875 0.054688
2 0.693750 0.265625 0.050000 0.046875
2 0.696875 0.271484 0.056250 0.058594
2 0.696875 0.271484 0.056250 0.058594
2 0.696094 0.277344 0.051562 0.046875
2 0.695312 0.275391 0.050000 0.042969
2 0.697656 0.279297 0.051562 0.054688
2 0.696875 0.274414 0.050000 0.044922
2 0.696875 0.278320 0.046875 0.041016
2 0.696875 0.280273 0.046875 0.044922
2 0.697656 0.284180 0.048438 0.037109
2 0.699219 0.290039 0.051562 0.048828
2 0.700000 0.290039 0.050000 0.048828
2 0.693750 0.288086 0.037500 0.044922
2 0.696875 0.291016 0.031250 0.039062
2 0.701562 0.290039 0.040625 0.037109
2 0.703125 0.289062 0.037500 0.039062
2 0.707031 0.293945 0.042188 0.048828
2 0.704688 0.294922 0.050000 0.046875
2 0.705469 0.296875 0.051562 0.050781
2 0.705469 0.298828 0.051562 0.054688
2 0.701562 0.296875 0.043750 0.050781
2 0.706250 0.300781 0.034375 0.042969
2 0.709375 0.301758 0.040625 0.044922
2 0.708594 0.303711 0.039062 0.041016
2 0.709375 0.302734 0.040625 0.039062
2 0.708594 0.305664 0.039062 0.033203
2 0.708594 0.311523 0.039062 0.044922
2 0.703125 0.309570 0.050000 0.048828
2 0.706250 0.316406 0.053125 0.062500
2 0.708594 0.319336 0.048438 0.056641
2 0.711719 0.322266 0.054688 0.062500
2 0.714844 0.327148 0.048438 0.052734
2 0.714844 0.329102 0.048438 0.056641
2 0.716406 0.332031 0.045312 0.050781
2 0.716406 0.333008 0.045312 0.052734
2 0.716406 0.338867 0.045312 0.041016
2 0.715625 0.341797 0.043750 0.046875
2 0.715625 0.341797 0.043750 0.046875
2 0.714844 0.342773 0.042188 0.048828
2 0.716406 0.344727 0.039062 0.044922
2 0.716406 0.347656 0.039062 0.050781
2 0.714844 0.353516 0.042188 0.039062
2 0.714062 0.358398 0.040625 0.048828
2 0.714062 0.364258 0.040625 0.037109
2 0.714062 0.366211 0.040625 0.041016
2 0.710938 0.369141 0.043750 0.062500
2 0.710938 0.378906 0.043750 0.042969
2 0.710156 0.382812 0.042188 0.050781
2 0.705469 0.383789 0.051562 0.048828
2 0.702344 0.382812 0.045312 0.046875
2 0.701562 0.388672 0.046875 0.035156
2 0.700000 0.395508 0.043750 0.048828
2 0.699219 0.392578 0.045312 0.054688
2 0.701562 0.395508 0.050000 0.060547
2 0.700781 0.404297 0.051562 0.042969
2 0.698438 0.409180 0.046875 0.052734
2 0.696875 0.411133 0.050000 0.048828
2 0.698438 0.416992 0.053125 0.060547
2 0.700000 0.420898 0.050000 0.052734
2 0.695312 0.416992 0.040625 0.044922
2 0.692969 0.419922 0.045312 0.039062
2 0.693750 0.424805 0.046875 0.048828
2 0.691406 0.425781 0.051562 0.046875
2 0.689844 0.430664 0.048438 0.056641
2 0.689844 0.435547 0.048438 0.046875
2 0.689063 0.435547 0.046875 0.046875
2 0.689844 0.442383 0.045312 0.033203
2 0.688281 0.446289 0.042188 0.041016
2 0.687500 0.444336 0.043750 0.044922
2 0.686719 0.446289 0.054688 0.052734
2 0.685938 0.448242 0.053125 0.056641
2 0.689063 0.452148 0.046875 0.048828
2 0.689063 0.455078 0.046875 0.054688
2 0.686719 0.458984 0.051562 0.046875
2 0.685937 0.458984 0.050000 0.046875
2 0.685937 0.458984 0.050000 0.046875
2 0.687500 0.458984 0.050000 0.046875
2 0.690625 0.458984 0.043750 0.046875
2 0.690625 0.464844 0.043750 0.058594
2 0.689063 0.468750 0.046875 0.050781
2 0.688281 0.468750 0.045312 0.050781
2 0.687500 0.467773 0.046875 0.052734
2 0.687500 0.473633 0.046875 0.064453
2 0.683594 0.473633 0.054688 0.064453
2 0.683594 0.474609 0.054688 0.066406
2 0.685156 0.477539 0.051562 0.060547
2 0.685156 0.476562 0.048438 0.050781
2 0.682813 0.478516 0.046875 0.054688
2 0.684375 0.481445 0.046875 0.044922
2 0.682031 0.486328 0.042188 0.058594
2 0.682813 0.482422 0.037500 0.046875
2 0.686719 0.491211 0.048438 0.052734
2 0.687500 0.489258 0.043750 0.044922
2 0.685156 0.491211 0.039062 0.048828
2 0.684375 0.496094 0.040625 0.039062
2 0.685937 0.502930 0.043750 0.052734
2 0.685156 0.507812 0.045312 0.042969
2 0.683594 0.506836 0.042188 0.041016
2 0.687500 0.506836 0.034375 0.041016
2 0.686719 0.510742 0.032813 0.048828
2 0.682031 0.508789 0.042188 0.052734
2 0.682031 0.509766 0.042188 0.054688
2 0.682031 0.512695 0.042188 0.048828
2 0.681250 0.516602 0.040625 0.056641
2 0.683594 0.521484 0.035937 0.046875
2 0.684375 0.522461 0.037500 0.048828
2 0.683594 0.525391 0.039062 0.042969
2 0.683594 0.527344 0.039062 0.046875
2 0.681250 0.530273 0.043750 0.041016
2 0.683594 0.535156 0.045312 0.050781
2 0.682813 0.534180 0.046875 0.052734
2 0.683594 0.537109 0.042188 0.039062
2 0.680469 0.540039 0.042188 0.037109
2 0.678906 0.541016 0.039062 0.027344
2 0.676562 0.543945 0.031250 0.037109
2 0.679688 0.546875 0.046875 0.042969
2 0.678125 0.549805 0.040625 0.041016
2 0.673438 0.545898 0.031250 0.037109
2 0.673437 0.554688 0.040625 0.039062
2 0.665595 0.560453 0.037134 0.042804
2 0.665595 0.560453 0.037134 0.042804
2 0.665729 0.565975 0.037738 0.043727
2 0.665662 0.569462 0.037787 0.044199
2 0.665662 0.569462 0.037787 0.044199
2 0.664230 0.573177 0.036785 0.042913
2 0.664192 0.575016 0.035648 0.041576
2 0.664080 0.575096 0.035641 0.041667
2 0.663662 0.579012 0.034686 0.040407
2 0.662208 0.583204 0.035699 0.041380
2 0.662222 0.583195 0.035404 0.040968
2 0.660914 0.588034 0.036462 0.042081
2 0.660878 0.591815 0.036328 0.041707
2 0.660868 0.591831 0.036752 0.042260
2 0.659288 0.596293 0.031443 0.036564
2 0.658977 0.597512 0.034506 0.039654
2 0.658977 0.597512 0.034506 0.039654
2 0.656655 0.605205 0.032735 0.037443
2 0.656812 0.607160 0.036149 0.041546
2 0.656827 0.607176 0.036338 0.041713
2 0.654918 0.612623 0.033064 0.037990
2 0.654788 0.614440 0.031810 0.036472
2 0.654794 0.614454 0.032034 0.036716
2 0.652926 0.618934 0.034631 0.039729
2 0.651543 0.622609 0.034955 0.040133
2 0.651543 0.622609 0.034955 0.040133
2 0.650399 0.625757 0.033604 0.039422
2 0.648780 0.629403 0.034857 0.040969
2 0.648729 0.629442 0.034540 0.040539
2 0.648419 0.631593 0.032402 0.037820
2 0.647892 0.633618 0.033443 0.039134
2 0.647890 0.633645 0.034067 0.039908
2 0.645201 0.639484 0.035100 0.040988
2 0.645198 0.639663 0.035709 0.041676
2 0.645193 0.639654 0.035521 0.041462
2 0.642656 0.643778 0.038725 0.045210
2 0.642660 0.643760 0.038300 0.044674
2 0.642626 0.643784 0.038222 0.044601
2 0.641087 0.644813 0.037928 0.044202
2 0.640346 0.644837 0.034587 0.040090
2 0.640307 0.644832 0.035039 0.040648
2 0.638835 0.644767 0.034382 0.039762
2 0.638809 0.644676 0.035187 0.040617
2 0.638813 0.644675 0.037196 0.043021
2 0.636950 0.642787 0.039112 0.045361
2 0.637029 0.640825 0.038464 0.044411
2 0.637027 0.640849 0.039040 0.045127
2 0.636668 0.637764 0.039318 0.046297
2 0.635682 0.634932 0.037752 0.043773
2 0.635685 0.634943 0.038004 0.044066
2 0.635717 0.631104 0.044385 0.051339
2 0.635363 0.627712 0.035517 0.041750
2 0.635388 0.627716 0.035549 0.041706
2 0.634676 0.625581 0.036781 0.043231
2 0.634698 0.625428 0.037256 0.043538
2 0.634706 0.625431 0.037274 0.043532
2 0.633300 0.622630 0.042381 0.049395
2 0.633087 0.619981 0.036521 0.042820
2 0.632963 0.620166 0.037060 0.043451
2 0.632915 0.617475 0.038384 0.044876
2 0.632640 0.615950 0.035790 0.042299
2 0.632635 0.615954 0.035906 0.042460
2 0.630735 0.613731 0.036412 0.043034
2 0.630673 0.613684 0.036716 0.043410
2 0.630659 0.613679 0.036687 0.043418
2 0.629392 0.608376 0.036362 0.043074
2 0.629257 0.608490 0.037813 0.044809
2 0.629261 0.608471 0.037371 0.044251
2 0.627999 0.606702 0.037778 0.044478
2 0.627176 0.604883 0.039846 0.047166
2 0.627170 0.604891 0.040071 0.047462
2 0.626804 0.603645 0.038190 0.044966
2 0.626074 0.602445 0.034255 0.040441
2 0.626071 0.602479 0.035033 0.041404
2 0.624890 0.601259 0.036763 0.042926
2 0.623762 0.600484 0.033070 0.038912
2 0.623757 0.600493 0.033293 0.039202
2 0.623531 0.598390 0.031601 0.037177
2 0.622949 0.597522 0.032430 0.037858
2 0.623100 0.597533 0.033184 0.038529
2 0.621383 0.596447 0.029153 0.034024
2 0.620423 0.596277 0.031883 0.037868
2 0.620341 0.596203 0.030236 0.035876
2 0.618994 0.595536 0.035464 0.041729
2 0.618826 0.595332 0.036737 0.043205
2 0.618826 0.595332 0.036737 0.043205
2 0.617457 0.593693 0.040006 0.047086
2 0.616069 0.593717 0.046168 0.055045
2 0.616058 0.593724 0.046362 0.055318
2 0.615047 0.591503 0.040147 0.047685
2 0.614208 0.591629 0.043744 0.052229
2 0.614202 0.591640 0.044028 0.052595
2 0.612668 0.591067 0.044482 0.053748
2 0.612652 0.590238 0.043549 0.052341
2 0.612641 0.590241 0.043680 0.052540
2 0.609627 0.590188 0.042098 0.050483
2 0.609608 0.590188 0.042177 0.050643
2 0.609608 0.590188 0.042177 0.050643
2 0.607645 0.590211 0.040032 0.047892
2 0.606509 0.590925 0.048803 0.059220
2 0.606496 0.590909 0.048487 0.058870
2 0.605195 0.590634 0.043207 0.052146
2 0.604154 0.592181 0.036235 0.043300
2 0.604197 0.592121 0.034666 0.041225
2 0.602766 0.592612 0.035601 0.042408
2 0.601571 0.592894 0.040028 0.047888
2 0.601597 0.592848 0.039078 0.046741
2 0.599596 0.592987 0.037553 0.044608
2 0.599250 0.593194 0.039002 0.046240
2 0.599250 0.593194 0.039002 0.046240
2 0.596360 0.593169 0.036381 0.042804
2 0.596295 0.592956 0.035222 0.041563
2 0.596307 0.592960 0.035279 0.041595
2 0.595243 0.593672 0.035915 0.042014
2 0.593934 0.593841 0.040568 0.047563
2 0.593940 0.593830 0.040465 0.047363
2 0.591661 0.594732 0.035234 0.041622
2 0.590969 0.595093 0.037248 0.043719
2 0.590945 0.595044 0.036162 0.042466
2 0.586532 0.596152 0.037326 0.044333
2 0.584783 0.597122 0.036484 0.042833
2 0.584758 0.597157 0.036134 0.042271
2 0.582497 0.598149 0.034241 0.040418
2 0.580543 0.597804 0.033354 0.039194
2 0.580530 0.597775 0.032738 0.038482
2 0.578084 0.598171 0.030901 0.036310
2 0.576160 0.598795 0.032971 0.038449
2 0.576152 0.598782 0.032679 0.038109
2 0.573899 0.599887 0.033266 0.039307
2 0.573129 0.600269 0.028734 0.033350
2 0.573121 0.600288 0.029204 0.033965
2 0.569264 0.602294 0.033213 0.039094
2 0.568280 0.601453 0.033366 0.038530
2 0.568280 0.601473 0.033830 0.039102
2 0.564944 0.602206 0.031341 0.036597
2 0.563467 0.604013 0.030123 0.035044
2 0.563476 0.604025 0.030373 0.035322
2 0.560762 0.605334 0.037521 0.042974
2 0.559203 0.605393 0.038134 0.043800
2 0.559152 0.605278 0.034088 0.039026
2 0.555362 0.606425 0.033872 0.039735
2 0.553115 0.606755 0.033943 0.039172
2 0.553116 0.606792 0.034424 0.039747
2 0.550564 0.607023 0.037570 0.043597
2 0.548982 0.608304 0.035994 0.042514
2 0.549003 0.608315 0.036156 0.042644
2 0.545094 0.610071 0.030250 0.035216
2 0.543526 0.608233 0.030819 0.035825
2 0.543528 0.608214 0.030376 0.035270
2 0.540420 0.608240 0.031009 0.036035
2 0.538842 0.609664 0.030203 0.035169
2 0.538813 0.609704 0.031244 0.036547
2 0.535779 0.609878 0.031602 0.036993
2 0.534477 0.609310 0.035645 0.041340
2 0.534491 0.609286 0.035042 0.040547
2 0.530736 0.610349 0.033793 0.039482
2 0.530253 0.610809 0.037774 0.044153
2 0.530255 0.610805 0.037660 0.044006
2 0.527860 0.610610 0.033557 0.038714
2 0.526252 0.610680 0.035109 0.040659
2 0.526260 0.610667 0.034763 0.040203
2 0.522954 0.610666 0.035288 0.040838
2 0.521433 0.610736 0.034615 0.039757
2 0.521433 0.610736 0.034615 0.039757
2 0.520099 0.611598 0.031430 0.036274
2 0.518370 0.613267 0.036170 0.041449
2 0.518379 0.613242 0.035561 0.040673
2 0.516100 0.613010 0.037160 0.042884
2 0.514320 0.614248 0.030575 0.035027
2 0.514346 0.614261 0.030761 0.035172
2 0.511931 0.614300 0.031554 0.036152
2 0.510339 0.614952 0.036531 0.041783
2 0.510345 0.614944 0.036315 0.041502
