2 0.459375 0.820312 0.037500 0.046875
2 0.458594 0.812500 0.042188 0.035156
2 0.461969 0.807063 0.056281 0.053516
2 0.461995 0.800792 0.055960 0.053060
2 0.462417 0.795298 0.053093 0.049921
2 0.462726 0.789261 0.053359 0.050049
2 0.464111 0.783239 0.052810 0.049581
2 0.463948 0.777930 0.052730 0.049444
2 0.463924 0.772579 0.052802 0.049560
2 0.464101 0.767751 0.052764 0.049546
2 0.464234 0.763065 0.052923 0.049662
2 0.464646 0.758542 0.054941 0.051953
2 0.464809 0.753959 0.055565 0.052633
2 0.465194 0.748189 0.054663 0.051745
2 0.465026 0.741561 0.055540 0.052711
2 0.464997 0.739238 0.055534 0.052672
2 0.464083 0.735273 0.052873 0.049828
2 0.464121 0.730632 0.052953 0.050016
2 0.463794 0.726926 0.052387 0.049328
2 0.463888 0.722536 0.052159 0.049089
2 0.463547 0.718608 0.054002 0.051121
2 0.463114 0.713380 0.053805 0.050860
2 0.463149 0.708939 0.053909 0.051106
2 0.463145 0.704617 0.053839 0.051079
2 0.463111 0.702693 0.053785 0.051058
2 0.463189 0.696501 0.053783 0.051120
2 0.463137 0.691811 0.053456 0.050843
2 0.463183 0.687979 0.053359 0.050728
2 0.463573 0.683491 0.053064 0.050560
2 0.463928 0.679077 0.051410 0.048571
2 0.464399 0.674837 0.051783 0.048869
2 0.464942 0.672459 0.052739 0.049956
2 0.465151 0.668151 0.051906 0.049122
2 0.466727 0.664037 0.051799 0.049094
2 0.467270 0.658775 0.050732 0.047666
2 0.468150 0.653879 0.052459 0.049707
2 0.469243 0.648580 0.051998 0.049176
2 0.470380 0.643289 0.050821 0.047760
2 0.470792 0.640934 0.052000 0.049174
2 0.472780 0.633365 0.052817 0.050146
2 0.474417 0.627881 0.052328 0.049481
2 0.475408 0.622459 0.051583 0.048708
2 0.476402 0.620050 0.050710 0.047636
2 0.478184 0.614602 0.050692 0.047664
2 0.479814 0.609396 0.050672 0.047732
2 0.482142 0.604153 0.052106 0.049245
2 0.484111 0.598898 0.050408 0.047442
2 0.485812 0.594033 0.050124 0.047137
2 0.486911 0.591522 0.051320 0.048590
2 0.488818 0.586681 0.049986 0.046908
2 0.490782 0.581325 0.050121 0.047098
2 0.492460 0.576502 0.050309 0.047325
2 0.494496 0.571666 0.051801 0.049050
2 0.496191 0.566531 0.051825 0.049139
2 0.497719 0.561570 0.051779 0.048939
2 0.498725 0.556678 0.050728 0.047946
2 0.499131 0.551831 0.052024 0.049258
2 0.499874 0.546396 0.050142 0.047252
2 0.500108 0.542095 0.050231 0.047161
2 0.500316 0.537095 0.050414 0.047529
2 0.500351 0.534318 0.050549 0.047551
2 0.499697 0.529329 0.050088 0.047221
2 0.498653 0.524397 0.050089 0.047014
2 0.497549 0.519570 0.051666 0.048960
2 0.496761 0.517121 0.049685 0.046648
2 0.495158 0.512409 0.049849 0.046813
2 0.493414 0.507006 0.050039 0.046923
2 0.490628 0.501857 0.049914 0.046929
2 0.488268 0.497554 0.052013 0.049232
2 0.486697 0.495200 0.051963 0.049127
2 0.484028 0.490835 0.050319 0.047272
2 0.481098 0.486319 0.050082 0.047130
2 0.478046 0.481906 0.049993 0.046978
2 0.474934 0.478389 0.050063 0.047136
2 0.471802 0.473952 0.049969 0.046944
2 0.468713 0.469545 0.050005 0.046945
2 0.465995 0.465753 0.050881 0.047903
2 0.463331 0.461887 0.051673 0.048817
2 0.461207 0.458464 0.050782 0.047963
2 0.459229 0.454988 0.050508 0.047745
2 0.458322 0.453431 0.051474 0.048684
2 0.456747 0.450927 0.051611 0.049009
2 0.455384 0.448372 0.052144 0.049455
2 0.454393 0.446501 0.050759 0.047985
2 0.453940 0.444309 0.052112 0.049399
2 0.453173 0.442784 0.050601 0.047846
2 0.453151 0.442547 0.050556 0.047694
2 0.453229 0.442109 0.050570 0.047700
2 0.453388 0.441669 0.050824 0.048033
2 0.454277 0.441052 0.050951 0.048270
2 0.455524 0.441200 0.052129 0.049594
2 0.456543 0.441599 0.050965 0.048117
2 0.457863 0.441968 0.050626 0.047647
2 0.458894 0.442414 0.051380 0.048504
2 0.460398 0.443467 0.051702 0.049055
2 0.461953 0.444745 0.051600 0.048838
2 0.463476 0.445918 0.051825 0.049024
2 0.464597 0.447418 0.051860 0.049232
2 0.465588 0.448342 0.050801 0.047941
2 0.467150 0.449701 0.050901 0.048075
2 0.469838 0.451707 0.051780 0.049015
2 0.471383 0.453602 0.051735 0.049004
2 0.472878 0.454934 0.052219 0.049714
2 0.474345 0.456290 0.052172 0.049437
2 0.474976 0.457190 0.050712 0.047876
2 0.477509 0.460229 0.052059 0.049289
2 0.479228 0.461753 0.051376 0.048469
2 0.481122 0.464017 0.050450 0.047447
2 0.481658 0.464135 0.051172 0.048244
2 0.483734 0.466766 0.051817 0.049076
2 0.485264 0.469243 0.051793 0.048904
2 0.488846 0.472423 0.050631 0.047782
2 0.491145 0.474400 0.051429 0.048692
2 0.493130 0.476568 0.051617 0.048881
2 0.495581 0.478770 0.050718 0.047802
2 0.497919 0.480951 0.051025 0.048126
2 0.498743 0.481702 0.050795 0.047868
2 0.502068 0.485255 0.051157 0.048250
2 0.503269 0.485567 0.050492 0.047549
2 0.506192 0.488017 0.050442 0.047619
2 0.508590 0.489994 0.050733 0.047953
2 0.511262 0.491856 0.050348 0.047519
2 0.512818 0.493873 0.050299 0.047420
2 0.514394 0.496417 0.050072 0.047112
2 0.517467 0.499202 0.049967 0.046948
2 0.517508 0.501050 0.049996 0.047035
2 0.520221 0.503043 0.049930 0.046955
2 0.521474 0.505176 0.049895 0.046934
2 0.523668 0.507713 0.049854 0.046973
2 0.524614 0.510835 0.049970 0.046999
2 0.526446 0.513038 0.049898 0.046928
2 0.527653 0.515787 0.050267 0.047378
2 0.528786 0.517978 0.050911 0.048057
2 0.529397 0.520644 0.049905 0.046925
2 0.530913 0.522605 0.050237 0.047357
2 0.530928 0.526012 0.050321 0.047457
2 0.531010 0.527828 0.050327 0.047500
2 0.531095 0.529235 0.050384 0.047716
2 0.531261 0.531047 0.050430 0.047815
2 0.531273 0.533003 0.050400 0.047773
2 0.531226 0.535045 0.050330 0.047688
2 0.531084 0.537166 0.050355 0.047672
2 0.530536 0.539144 0.051562 0.049086
2 0.529054 0.541402 0.051336 0.048696
2 0.527587 0.543512 0.050998 0.048244
2 0.526522 0.545368 0.050451 0.047634
2 0.524266 0.547388 0.050643 0.047791
2 0.523129 0.548922 0.049922 0.046984
2 0.522919 0.549118 0.049824 0.046839
2 0.519878 0.551069 0.049765 0.046770
2 0.516804 0.553131 0.049813 0.046831
2 0.515316 0.555186 0.049794 0.046833
2 0.512692 0.556856 0.049779 0.046854
2 0.511073 0.558704 0.049826 0.046929
2 0.510845 0.558797 0.049898 0.047010
2 0.509637 0.559103 0.050167 0.047283
2 0.508680 0.560518 0.050808 0.048141
2 0.507791 0.561072 0.050020 0.047159
2 0.507490 0.562022 0.050149 0.047381
2 0.507457 0.562080 0.050219 0.047486
2 0.507407 0.563222 0.050243 0.047358
2 0.507463 0.564036 0.050154 0.047428
2 0.507625 0.565626 0.049954 0.047051
2 0.507863 0.566572 0.050012 0.047183
2 0.508208 0.567027 0.050382 0.047442
2 0.508956 0.568526 0.050043 0.047207
2 0.509700 0.569833 0.050277 0.047474
2 0.510574 0.571220 0.049876 0.046852
2 0.511291 0.572719 0.050317 0.047358
2 0.512163 0.574144 0.050004 0.047220
2 0.512931 0.575503 0.050615 0.047727
2 0.513784 0.576929 0.049781 0.046740
2 0.514519 0.578375 0.050630 0.047776
2 0.515020 0.579781 0.050963 0.048253
2 0.515694 0.581184 0.049810 0.046753
2 0.516087 0.581793 0.050740 0.047940
2 0.516933 0.583167 0.049834 0.046782
2 0.517319 0.583636 0.049996 0.047139
2 0.517355 0.584738 0.049944 0.046897
2 0.517806 0.585361 0.051175 0.048321
2 0.518253 0.586254 0.050418 0.047501
2 0.518964 0.586273 0.050089 0.047131
2 0.519396 0.587231 0.051218 0.048365
2 0.519849 0.587724 0.050583 0.047868
2 0.520297 0.588277 0.049938 0.046963
2 0.521449 0.588742 0.050202 0.047206
2 0.521488 0.589241 0.050307 0.047436
2 0.521880 0.589893 0.050057 0.047240
2 0.522985 0.590891 0.050325 0.047359
2 0.523381 0.591913 0.049972 0.047136
2 0.524446 0.592961 0.050670 0.047752
2 0.525425 0.593934 0.050704 0.047872
2 0.526301 0.595223 0.050055 0.047210
2 0.527555 0.596260 0.050716 0.047834
2 0.528711 0.597401 0.051089 0.048465
2 0.529015 0.597613 0.051158 0.048517
2 0.530599 0.598533 0.050587 0.047716
2 0.532551 0.600004 0.050022 0.047168
2 0.533955 0.600820 0.050130 0.047310
2 0.535673 0.601954 0.049681 0.046810
2 0.537841 0.602902 0.050215 0.047472
2 0.539840 0.603862 0.051011 0.048269
2 0.541848 0.604407 0.049845 0.046935
2 0.544548 0.604954 0.051011 0.048332
2 0.546487 0.605460 0.050111 0.047438
2 0.548973 0.606027 0.050429 0.047579
2 0.551707 0.606323 0.049757 0.046856
2 0.554292 0.606543 0.049974 0.047112
2 0.555307 0.606590 0.050747 0.047942
2 0.559397 0.606473 0.049557 0.046638
2 0.560564 0.606421 0.049917 0.047046
2 0.562827 0.605901 0.050102 0.047289
2 0.564964 0.604576 0.050816 0.048079
2 0.566892 0.603236 0.050004 0.047444
2 0.568733 0.602556 0.049672 0.046793
2 0.570377 0.600812 0.049710 0.046878
2 0.571981 0.599209 0.049702 0.047022
2 0.572832 0.597782 0.050561 0.047920
2 0.573629 0.595874 0.049796 0.047048
2 0.574138 0.594411 0.050857 0.048120
2 0.574192 0.592429 0.050871 0.048114
2 0.574238 0.590540 0.050892 0.048126
2 0.574220 0.589488 0.050944 0.048464
2 0.573367 0.586204 0.049191 0.046347
2 0.572185 0.583566 0.049725 0.047090
2 0.571033 0.580907 0.050666 0.047899
2 0.569303 0.578473 0.050412 0.047749
2 0.567260 0.575960 0.049417 0.046852
2 0.565257 0.574119 0.049488 0.046851
2 0.562455 0.572277 0.049179 0.046430
2 0.559717 0.570228 0.049553 0.046935
2 0.556556 0.568770 0.049346 0.046458
2 0.553193 0.568034 0.049056 0.046333
2 0.551630 0.567498 0.048835 0.045795
2 0.548041 0.566588 0.049038 0.046121
2 0.544035 0.565242 0.049237 0.046225
2 0.540510 0.564580 0.048721 0.045790
2 0.536663 0.563425 0.050328 0.047445
2 0.533079 0.562283 0.049353 0.046688
2 0.529568 0.561139 0.048828 0.045842
2 0.526017 0.559996 0.049246 0.046340
2 0.522777 0.558772 0.049526 0.046566
2 0.519646 0.557321 0.049491 0.046407
2 0.516920 0.556288 0.048686 0.045661
2 0.514099 0.555351 0.049163 0.046281
2 0.512989 0.554355 0.049518 0.046606
2 0.510674 0.553436 0.049169 0.046334
2 0.508260 0.552538 0.049445 0.046604
2 0.506245 0.551543 0.049197 0.046378
2 0.504334 0.550375 0.048863 0.045877
2 0.502458 0.550117 0.049653 0.046638
2 0.500742 0.549571 0.049914 0.046797
2 0.499908 0.549046 0.049227 0.046407
2 0.498294 0.549021 0.049151 0.046289
2 0.496669 0.549095 0.049282 0.046483
2 0.495131 0.549098 0.049271 0.046474
2 0.493485 0.549636 0.049454 0.046768
2 0.491959 0.550090 0.049300 0.046565
2 0.490978 0.550839 0.049205 0.046187
2 0.488681 0.552665 0.048834 0.045874
2 0.487800 0.553277 0.049536 0.046724
2 0.485904 0.555220 0.049335 0.046629
2 0.484277 0.556767 0.049102 0.046264
2 0.482439 0.559214 0.049527 0.046782
2 0.480812 0.561197 0.049509 0.046718
2 0.479581 0.562997 0.049381 0.046620
2 0.477876 0.565432 0.049482 0.046748
2 0.475636 0.568312 0.049878 0.046894
2 0.473075 0.571819 0.049242 0.046343
2 0.471148 0.575020 0.050183 0.047196
2 0.469029 0.578225 0.049598 0.046650
2 0.467047 0.581508 0.049431 0.046599
2 0.465389 0.584936 0.049608 0.046809
2 0.463468 0.588109 0.049882 0.046854
2 0.461446 0.590995 0.050172 0.047171
2 0.459691 0.594293 0.049875 0.046954
2 0.458025 0.596750 0.050007 0.047106
2 0.457396 0.598376 0.050071 0.047181
2 0.455880 0.600869 0.050208 0.047273
2 0.454395 0.603793 0.049879 0.046964
2 0.452885 0.606490 0.050000 0.047142
2 0.451583 0.608959 0.049758 0.046805
2 0.450031 0.612108 0.050063 0.047209
2 0.448970 0.614495 0.050642 0.047527
2 0.447490 0.616963 0.051005 0.048023
2 0.446390 0.619004 0.050363 0.047349
2 0.445209 0.621497 0.049923 0.046963
2 0.444032 0.623453 0.050124 0.047077
2 0.442868 0.624727 0.051070 0.048095
2 0.442073 0.626203 0.050061 0.047082
2 0.441750 0.626824 0.050268 0.047247
2 0.441274 0.627972 0.050909 0.047731
2 0.440479 0.628077 0.050326 0.047377
2 0.440055 0.628964 0.051120 0.048105
2 0.439835 0.628936 0.051464 0.048488
2 0.439056 0.628868 0.049852 0.046752
2 0.439048 0.628848 0.049862 0.046769
2 0.439000 0.628742 0.049849 0.046770
2 0.438992 0.628362 0.050126 0.047121
2 0.439016 0.627953 0.050315 0.047363
2 0.439069 0.627571 0.050275 0.047328
2 0.439085 0.626988 0.049968 0.046867
2 0.439063 0.626953 0.050000 0.046875
