2 0.220799 0.599753 0.048759 0.047407
2 0.223794 0.592488 0.052540 0.051745
2 0.229604 0.581945 0.053111 0.053224
2 0.232670 0.578048 0.053746 0.053929
2 0.238273 0.573825 0.052459 0.051514
2 0.241147 0.572907 0.052828 0.051605
2 0.246654 0.573822 0.054196 0.053566
2 0.252215 0.576912 0.054815 0.053532
2 0.255077 0.578816 0.053572 0.052835
2 0.260729 0.583166 0.055302 0.053645
2 0.263772 0.584918 0.056582 0.055064
2 0.269901 0.587104 0.056843 0.055487
2 0.276546 0.585828 0.051064 0.049834
2 0.280161 0.583758 0.048141 0.046719
2 0.287384 0.576970 0.056130 0.055624
2 0.295428 0.566342 0.048374 0.046720
2 0.299468 0.559622 0.057675 0.057146
2 0.307838 0.543389 0.052882 0.052182
2 0.312088 0.534068 0.058061 0.057728
2 0.320747 0.513222 0.048275 0.047690
2 0.325198 0.501944 0.047701 0.046598
2 0.333775 0.477702 0.056069 0.055357
2 0.338253 0.465259 0.052839 0.051737
2 0.346909 0.439760 0.050363 0.049153
2 0.351315 0.427662 0.051368 0.050386
2 0.360046 0.404535 0.048884 0.047394
2 0.364279 0.394086 0.046119 0.044569
2 0.372881 0.374778 0.050277 0.049119
2 0.376829 0.366142 0.053432 0.054405
2 0.385452 0.351985 0.052101 0.050492
2 0.393583 0.340990 0.053061 0.052494
2 0.401573 0.333568 0.047393 0.046029
2 0.409354 0.328897 0.054223 0.055177
2 0.413299 0.328298 0.049210 0.048178
2 0.420663 0.328597 0.051626 0.052727
2 0.424294 0.329796 0.046984 0.045448
2 0.431413 0.333405 0.047632 0.047618
2 0.438175 0.337190 0.051046 0.051362
2 0.441338 0.338991 0.053931 0.054838
2 0.447890 0.341318 0.049599 0.048630
2 0.453853 0.341206 0.049438 0.049552
2 0.456832 0.340265 0.052306 0.053839
2 0.462271 0.336441 0.053252 0.053644
2 0.464925 0.333613 0.047967 0.047014
2 0.470248 0.326349 0.048990 0.048484
2 0.472623 0.321811 0.048245 0.047788
2 0.477558 0.311845 0.052078 0.051941
2 0.482193 0.299581 0.055636 0.056564
2 0.484491 0.293069 0.047706 0.048043
2 0.488995 0.278858 0.047139 0.046281
2 0.491039 0.271042 0.045535 0.046033
2 0.495383 0.255700 0.045568 0.045038
2 0.497158 0.247672 0.044998 0.045358
2 0.501289 0.231291 0.055274 0.056522
2 0.503164 0.222969 0.051075 0.052236
2 0.507215 0.206413 0.051675 0.051444
2 0.511256 0.190153 0.054063 0.057184
2 0.513180 0.182278 0.054840 0.056475
2 0.517151 0.167447 0.047709 0.047442
2 0.520968 0.153847 0.047366 0.047589
2 0.522836 0.148190 0.047953 0.046712
2 0.524823 0.142592 0.047868 0.046821
2 0.528283 0.133566 0.054143 0.057135
2 0.531697 0.127060 0.048631 0.049977
2 0.533622 0.124726 0.047373 0.046662
2 0.536461 0.121625 0.052952 0.055241
2 0.538178 0.121131 0.047492 0.047747
2 0.540761 0.121712 0.052548 0.055127
2 0.542133 0.123176 0.047773 0.047403
2 0.544398 0.127470 0.052636 0.054121
2 0.546600 0.132714 0.047077 0.045785
2 0.547351 0.135875 0.050513 0.052431
2 0.549083 0.141575 0.053361 0.055057
2 0.549315 0.144094 0.047435 0.046508
2 0.550406 0.148048 0.043673 0.043898
2 0.550997 0.150353 0.046233 0.044467
2 0.550837 0.151193 0.054092 0.054716
2 0.550699 0.151256 0.052855 0.053940
2 0.550241 0.149421 0.049329 0.051041
2 0.549592 0.148397 0.046727 0.045760
2 0.548531 0.144841 0.047637 0.048116
2 0.547801 0.143336 0.052597 0.052730
2 0.546394 0.140651 0.046279 0.044920
2 0.545907 0.139186 0.049963 0.051086
2 0.544045 0.138576 0.042838 0.042748
2 0.543585 0.138732 0.044904 0.043497
2 0.541896 0.140703 0.045291 0.043813
2 0.540938 0.142809 0.047725 0.049395
2 0.539352 0.147344 0.050585 0.053243
2 0.537834 0.154485 0.047246 0.048912
2 0.536745 0.158479 0.048672 0.049021
2 0.535269 0.167296 0.048123 0.048028
2 0.533758 0.177174 0.046045 0.045346
2 0.532813 0.181962 0.047576 0.048145
2 0.531327 0.192380 0.048487 0.050088
2 0.530392 0.197342 0.045313 0.045575
2 0.529040 0.207277 0.048798 0.048700
2 0.528191 0.211810 0.050464 0.052351
2 0.527020 0.220233 0.043714 0.044247
2 0.526665 0.224046 0.044568 0.044785
2 0.525451 0.230696 0.046558 0.047739
2 0.525444 0.232999 0.048649 0.050576
2 0.524851 0.235866 0.045807 0.045335
2 0.524648 0.238677 0.049569 0.049588
2 0.524216 0.239995 0.045348 0.045209
2 0.524250 0.241047 0.050570 0.051420
2 0.524177 0.240765 0.049438 0.050229
2 0.524405 0.239328 0.049962 0.050188
2 0.524871 0.236638 0.047482 0.047490
2 0.524986 0.235420 0.047798 0.048644
2 0.525670 0.232513 0.045129 0.045495
2 0.526500 0.229760 0.046388 0.046538
2 0.526879 0.229088 0.048356 0.050453
2 0.527725 0.227811 0.048070 0.047933
2 0.528495 0.227754 0.044569 0.045767
2 0.529409 0.228510 0.045483 0.044652
2 0.530867 0.230371 0.045287 0.044298
2 0.531235 0.231682 0.045920 0.046383
2 0.532703 0.234955 0.048682 0.049590
2 0.533327 0.236852 0.047762 0.049700
2 0.534843 0.241258 0.045738 0.047449
2 0.535591 0.243368 0.047353 0.047315
2 0.537192 0.247749 0.043569 0.042473
2 0.537979 0.249980 0.042476 0.043314
2 0.539565 0.253445 0.041418 0.042046
2 0.541051 0.257099 0.042244 0.043243
2 0.542083 0.258190 0.046507 0.046995
2 0.543615 0.260806 0.046752 0.047208
2 0.544489 0.261471 0.041755 0.041621
2 0.545853 0.262535 0.047116 0.048745
2 0.546628 0.262980 0.045380 0.044856
2 0.548137 0.263272 0.043645 0.042406
2 0.548761 0.262889 0.043731 0.044509
2 0.549844 0.262470 0.048357 0.048752
2 0.550611 0.261813 0.043723 0.044030
2 0.551348 0.260505 0.048697 0.049035
2 0.551872 0.259674 0.042690 0.042952
2 0.552656 0.257464 0.043898 0.042853
2 0.552973 0.254856 0.047569 0.047981
2 0.553383 0.253187 0.043826 0.044556
2 0.553566 0.249893 0.042705 0.043126
2 0.553474 0.246634 0.047523 0.049255
2 0.553515 0.244990 0.047443 0.049172
2 0.553301 0.243528 0.043776 0.044117
2 0.552864 0.240226 0.044525 0.043521
2 0.552430 0.238468 0.045850 0.045688
2 0.551469 0.235629 0.045398 0.045369
2 0.550955 0.234156 0.044093 0.043333
2 0.549452 0.231605 0.047575 0.047512
2 0.547905 0.229050 0.048535 0.048556
2 0.545981 0.226452 0.042401 0.042373
2 0.544947 0.225406 0.048307 0.048176
2 0.542675 0.222644 0.041376 0.041544
2 0.541502 0.221600 0.048164 0.048166
2 0.540224 0.220314 0.043466 0.042059
2 0.537819 0.217622 0.044977 0.046465
2 0.536585 0.216142 0.041682 0.041775
2 0.534054 0.214180 0.045159 0.044175
2 0.532974 0.212365 0.040813 0.040661
2 0.530440 0.210090 0.045249 0.045613
2 0.529427 0.208734 0.043377 0.042085
2 0.527080 0.206096 0.045763 0.046967
2 0.525129 0.203461 0.045783 0.046623
2 0.524163 0.201803 0.047514 0.048296
2 0.522351 0.198937 0.039930 0.039883
2 0.521515 0.197456 0.044534 0.043691
2 0.520036 0.194484 0.046266 0.046177
2 0.519381 0.192943 0.039170 0.038948
2 0.518579 0.190036 0.048059 0.048641
2 0.518196 0.188997 0.042200 0.041119
2 0.517803 0.186718 0.043277 0.043923
2 0.517598 0.184831 0.041905 0.042670
2 0.517490 0.184312 0.047522 0.049638
2 0.517626 0.182841 0.042755 0.043672
2 0.517636 0.182825 0.042586 0.043514
2 0.518106 0.182630 0.049054 0.049624
2 0.518184 0.182588 0.049567 0.050116
2 0.518975 0.183058 0.039737 0.039569
2 0.520087 0.184675 0.045685 0.045515
2 0.520931 0.186344 0.045321 0.046315
2 0.521451 0.187168 0.040579 0.039213
2 0.522250 0.189188 0.037540 0.036903
2 0.523033 0.191415 0.041651 0.040090
2 0.523110 0.192642 0.043177 0.042002
2 0.523713 0.194918 0.037682 0.037093
2 0.523765 0.196165 0.042527 0.043436
2 0.523793 0.198983 0.037660 0.037246
2 0.523602 0.201255 0.040410 0.040151
2 0.523232 0.202713 0.041574 0.040225
2 0.522513 0.205087 0.039671 0.039369
2 0.521396 0.207612 0.046040 0.045470
2 0.520294 0.210039 0.043044 0.042841
2 0.518977 0.212347 0.039278 0.039005
2 0.517475 0.214593 0.038985 0.038728
2 0.516617 0.215637 0.046764 0.046511
2 0.515170 0.218321 0.042499 0.040903
2 0.513855 0.220303 0.042141 0.040583
2 0.512999 0.221403 0.045123 0.046349
2 0.512078 0.223965 0.044505 0.043352
2 0.511221 0.225075 0.044209 0.045194
2 0.510189 0.227655 0.044629 0.044397
2 0.509692 0.228959 0.043853 0.044658
2 0.508985 0.231514 0.046005 0.045290
2 0.508511 0.233798 0.040570 0.039960
2 0.508149 0.235315 0.043172 0.043759
2 0.507868 0.237846 0.040373 0.039196
2 0.507888 0.240759 0.044617 0.044780
2 0.507886 0.242331 0.041832 0.040989
2 0.508021 0.245251 0.042172 0.042044
2 0.508356 0.246739 0.044640 0.045201
2 0.508861 0.249738 0.042755 0.041371
2 0.509284 0.251321 0.042242 0.040911
2 0.510002 0.254225 0.043114 0.043174
2 0.511162 0.257200 0.039920 0.039420
2 0.511794 0.258740 0.046383 0.046159
2 0.513185 0.261453 0.039617 0.038949
2 0.514720 0.264433 0.045038 0.045493
2 0.515923 0.265407 0.038809 0.038253
2 0.517870 0.268386 0.045127 0.045477
2 0.520306 0.270966 0.040632 0.039191
2 0.521650 0.272383 0.046701 0.046057
2 0.524648 0.275045 0.043026 0.041788
2 0.526096 0.276110 0.047553 0.046971
2 0.529705 0.279000 0.039562 0.038056
2 0.531309 0.280052 0.045360 0.045645
2 0.535286 0.282784 0.041413 0.039881
2 0.539538 0.285485 0.042906 0.043380
2 0.541801 0.286825 0.043437 0.042107
2 0.546370 0.289796 0.048694 0.048239
2 0.550941 0.292322 0.044106 0.042911
2 0.555881 0.294871 0.043441 0.041934
2 0.560613 0.297750 0.048223 0.047871
2 0.563014 0.298991 0.042211 0.042575
2 0.568245 0.302075 0.045110 0.043737
2 0.570609 0.303379 0.045310 0.046551
2 0.575605 0.306370 0.039685 0.039194
2 0.578307 0.308029 0.040363 0.039846
2 0.583351 0.310993 0.045186 0.046009
2 0.585959 0.312760 0.043297 0.042580
2 0.591277 0.315687 0.041819 0.041580
2 0.596531 0.319092 0.047896 0.047225
2 0.599253 0.320437 0.042457 0.041382
2 0.604298 0.323467 0.045072 0.043772
2 0.606982 0.325248 0.044734 0.044638
2 0.612156 0.327819 0.043193 0.042075
2 0.614729 0.329236 0.043120 0.043190
2 0.619769 0.331754 0.042327 0.040922
2 0.622146 0.333368 0.040349 0.040142
2 0.626821 0.335980 0.041196 0.040993
2 0.631375 0.338541 0.046440 0.047302
2 0.635744 0.341187 0.044721 0.043081
2 0.637805 0.342390 0.046710 0.047874
2 0.641708 0.344932 0.047028 0.045756
2 0.645228 0.347222 0.042980 0.041536
2 0.648473 0.349563 0.041696 0.040327
2 0.650011 0.350709 0.045529 0.045396
2 0.652865 0.352994 0.045493 0.044439
2 0.654138 0.353883 0.045746 0.043993
2 0.656365 0.356116 0.046089 0.046308
2 0.657498 0.357256 0.046284 0.046039
2 0.659335 0.359333 0.044043 0.043395
2 0.659885 0.360268 0.045243 0.045628
2 0.661133 0.362213 0.045055 0.045230
2 0.661942 0.364222 0.047638 0.046478
2 0.662594 0.365625 0.044277 0.043621
2 0.662657 0.367487 0.043276 0.042868
2 0.662766 0.368868 0.039483 0.038396
2 0.662627 0.369440 0.043855 0.043754
2 0.662186 0.371396 0.044408 0.042708
2 0.661527 0.372704 0.039370 0.038280
2 0.660868 0.373326 0.043415 0.042126
2 0.659684 0.375034 0.040516 0.039885
2 0.658903 0.375751 0.047246 0.046395
2 0.657370 0.377228 0.044016 0.042324
2 0.656278 0.377988 0.043670 0.043333
2 0.654144 0.379505 0.046382 0.045595
2 0.653043 0.380018 0.043226 0.042179
2 0.651941 0.380649 0.038049 0.037084
2 0.649048 0.382169 0.039389 0.038566
2 0.646073 0.383555 0.045155 0.044916
2 0.642869 0.384908 0.041334 0.040519
2 0.639025 0.386407 0.042608 0.041915
2 0.634998 0.387870 0.041255 0.040943
2 0.630524 0.389855 0.042797 0.041344
2 0.628461 0.390365 0.038196 0.037287
2 0.623559 0.392149 0.039614 0.038230
2 0.618390 0.394334 0.045932 0.045704
2 0.615639 0.395292 0.045495 0.045178
2 0.610145 0.397453 0.045475 0.044954
2 0.607497 0.398552 0.046081 0.045603
2 0.601174 0.401077 0.046843 0.045199
2 0.598122 0.402040 0.045951 0.045700
2 0.591585 0.404451 0.044100 0.042938
2 0.588088 0.405557 0.040388 0.040021
2 0.581244 0.408408 0.042001 0.040404
2 0.577553 0.409558 0.044417 0.043171
2 0.570227 0.412264 0.043646 0.042462
2 0.562422 0.415168 0.044051 0.042945
2 0.558519 0.416199 0.042519 0.042134
2 0.550435 0.419279 0.039240 0.039343
2 0.542187 0.421875 0.040625 0.039062
