2 0.653125 0.571289 0.056250 0.041016
2 0.652732 0.569101 0.042609 0.039041
2 0.652530 0.567262 0.039724 0.036882
2 0.652032 0.565400 0.042609 0.036372
2 0.651468 0.563480 0.050184 0.041766
2 0.651232 0.561401 0.047623 0.042984
2 0.651098 0.559211 0.049738 0.041645
2 0.650581 0.557316 0.049392 0.043656
2 0.650297 0.555017 0.048553 0.037410
2 0.649792 0.553054 0.058349 0.048517
2 0.649667 0.550735 0.045511 0.037368
2 0.649629 0.548150 0.033425 0.025438
2 0.649343 0.546192 0.031364 0.025326
2 0.649342 0.544315 0.032926 0.027348
2 0.649357 0.542075 0.028202 0.024831
2 0.649420 0.539826 0.026099 0.027614
2 0.649497 0.538019 0.025524 0.026271
2 0.649797 0.535709 0.024277 0.031020
2 0.650044 0.533918 0.022895 0.028691
2 0.650420 0.532023 0.022063 0.027919
2 0.650979 0.530144 0.021871 0.028166
2 0.650318 0.527761 0.033968 0.025391
2 0.649732 0.526636 0.035139 0.025391
2 0.653327 0.525291 0.025548 0.030116
2 0.654376 0.523779 0.028676 0.035168
2 0.655566 0.522230 0.023716 0.028417
2 0.657312 0.521054 0.023276 0.028146
2 0.658930 0.519735 0.029010 0.035699
2 0.660507 0.518423 0.023404 0.027823
2 0.662362 0.517124 0.023133 0.026668
2 0.664718 0.516276 0.025539 0.030420
2 0.666619 0.514973 0.022272 0.026267
2 0.669070 0.514022 0.033360 0.039591
2 0.671315 0.512571 0.023866 0.029108
2 0.673775 0.511302 0.024630 0.029187
2 0.675899 0.510268 0.029858 0.037537
2 0.678259 0.508831 0.026240 0.031730
2 0.680478 0.507351 0.024634 0.030591
2 0.682748 0.505878 0.030642 0.038669
2 0.684719 0.504631 0.029930 0.037590
2 0.686571 0.503239 0.024668 0.031179
2 0.688293 0.501572 0.025622 0.032973
2 0.689514 0.500526 0.029811 0.038546
2 0.690789 0.498627 0.027381 0.036749
2 0.691420 0.497606 0.024787 0.032678
2 0.692047 0.496269 0.028726 0.037621
2 0.692019 0.491850 0.020845 0.029574
2 0.691314 0.491590 0.031625 0.026126
2 0.691314 0.488776 0.029283 0.032211
2 0.689557 0.483652 0.035139 0.042460
2 0.686043 0.485116 0.039824 0.033675
2 0.685649 0.479688 0.029666 0.046245
2 0.683569 0.479301 0.030191 0.039615
2 0.681023 0.478286 0.032127 0.043441
2 0.680915 0.479164 0.029569 0.039341
2 0.677617 0.476501 0.027659 0.036943
2 0.677283 0.473824 0.026990 0.043302
2 0.673382 0.473703 0.026217 0.040133
2 0.669977 0.470610 0.031119 0.042732
2 0.671823 0.469982 0.025440 0.044404
2 0.669317 0.469483 0.027456 0.046333
2 0.665670 0.468723 0.024848 0.038956
2 0.665941 0.474778 0.031065 0.039697
2 0.660991 0.465238 0.027202 0.043701
2 0.658181 0.465876 0.026268 0.039120
2 0.655071 0.465703 0.031760 0.047559
2 0.653464 0.462188 0.023862 0.040529
2 0.650374 0.462865 0.031736 0.044811
2 0.648372 0.460445 0.025390 0.045827
2 0.648354 0.466672 0.027551 0.036502
2 0.643674 0.460084 0.027707 0.042176
2 0.643591 0.464711 0.027594 0.037120
2 0.638269 0.453859 0.028610 0.050225
2 0.636494 0.458407 0.029745 0.044680
2 0.633065 0.457505 0.027572 0.037019
2 0.634153 0.461001 0.029109 0.039906
2 0.628585 0.454661 0.027984 0.040116
2 0.625818 0.453522 0.036505 0.052479
2 0.622990 0.452745 0.026562 0.035156
2 0.620062 0.451072 0.029678 0.044651
2 0.618587 0.449931 0.033757 0.051154
2 0.616855 0.450494 0.027949 0.040567
2 0.618276 0.455438 0.032240 0.044411
2 0.610793 0.448366 0.034566 0.045096
2 0.609928 0.448796 0.032837 0.043026
2 0.603620 0.445431 0.038962 0.045081
2 0.605545 0.448250 0.031097 0.039007
2 0.599918 0.446078 0.040928 0.046375
2 0.601559 0.442881 0.027811 0.042911
2 0.603132 0.449610 0.031369 0.044764
2 0.598195 0.440255 0.044510 0.040586
2 0.596168 0.441149 0.028742 0.045302
2 0.590026 0.437720 0.030515 0.044301
2 0.597609 0.440298 0.036310 0.037743
2 0.588265 0.438733 0.029336 0.043399
2 0.588825 0.438050 0.035139 0.039104
2 0.580446 0.438935 0.034781 0.040873
2 0.582968 0.434250 0.039824 0.040290
2 0.576502 0.434042 0.033920 0.042801
2 0.579454 0.432054 0.039824 0.041753
2 0.574769 0.433151 0.046852 0.038092
2 0.577697 0.430612 0.045681 0.044725
2 0.574183 0.432113 0.038653 0.036015
2 0.571841 0.433892 0.036310 0.033716
2 0.570669 0.433475 0.040996 0.035811
2 0.568327 0.428216 0.043338 0.042862
2 0.563642 0.430049 0.052709 0.043600
2 0.561299 0.431880 0.040996 0.035549
2 0.558956 0.433109 0.045681 0.035079
2 0.556028 0.429351 0.039824 0.042205
2 0.556028 0.429585 0.039824 0.036816
2 0.553685 0.431231 0.039824 0.034250
2 0.553685 0.432659 0.039824 0.031250
2 0.551343 0.434294 0.042167 0.037449
2 0.546658 0.433913 0.037482 0.033759
2 0.544901 0.434945 0.033968 0.038752
2 0.544315 0.433533 0.032796 0.038856
2 0.541972 0.436267 0.035139 0.032609
2 0.540801 0.438236 0.035139 0.036548
2 0.536116 0.441027 0.042167 0.030416
2 0.536116 0.438872 0.037482 0.034892
2 0.532602 0.442305 0.037482 0.035901
2 0.534359 0.441398 0.040996 0.037015
2 0.531431 0.443199 0.044510 0.034761
2 0.527403 0.443388 0.036454 0.043924
2 0.528502 0.445350 0.038653 0.036135
2 0.526160 0.448870 0.048023 0.034391
2 0.522060 0.448167 0.039824 0.038840
2 0.522060 0.448099 0.044510 0.038705
2 0.526160 0.450067 0.043338 0.039711
2 0.523232 0.455862 0.046852 0.030805
2 0.523232 0.457932 0.039824 0.034944
2 0.522646 0.458386 0.040996 0.032924
2 0.520303 0.461024 0.038653 0.032343
2 0.521475 0.463578 0.045681 0.031595
2 0.520303 0.463185 0.043338 0.036665
2 0.520889 0.465020 0.039824 0.037407
2 0.523817 0.468144 0.048023 0.034872
2 0.522656 0.471680 0.032813 0.037109
2 0.520312 0.473633 0.040625 0.033203
2 0.520312 0.477539 0.040625 0.041016
2 0.520313 0.477539 0.037500 0.037109
2 0.527344 0.483398 0.039062 0.041016
2 0.524219 0.481445 0.045312 0.044922
2 0.524219 0.486328 0.048438 0.058594
2 0.528906 0.490234 0.039062 0.050781
2 0.528906 0.490234 0.042188 0.050781
2 0.532031 0.492188 0.039062 0.046875
2 0.530469 0.495117 0.035937 0.052734
2 0.535156 0.497070 0.029687 0.041016
2 0.536719 0.500000 0.032813 0.046875
2 0.534375 0.505859 0.037500 0.035156
2 0.534375 0.505859 0.037500 0.035156
2 0.535938 0.505859 0.034375 0.035156
2 0.539062 0.505859 0.043750 0.035156
2 0.540625 0.505859 0.040625 0.035156
2 0.542969 0.509766 0.045312 0.042969
2 0.544531 0.512695 0.042188 0.037109
2 0.542187 0.507812 0.040625 0.035156
2 0.542969 0.509766 0.039062 0.031250
2 0.547656 0.516602 0.048438 0.044922
2 0.546094 0.516602 0.051562 0.044922
2 0.545312 0.517578 0.050000 0.046875
2 0.550000 0.514648 0.043750 0.052734
2 0.550000 0.513672 0.043750 0.050781
2 0.545313 0.519531 0.053125 0.039062
2 0.545313 0.520508 0.053125 0.041016
2 0.546094 0.522461 0.051562 0.037109
2 0.543750 0.520508 0.050000 0.041016
2 0.545312 0.522461 0.050000 0.037109
2 0.545313 0.523438 0.053125 0.042969
2 0.547656 0.524414 0.048438 0.041016
2 0.546875 0.526367 0.050000 0.048828
2 0.547656 0.528320 0.051562 0.044922
2 0.546094 0.528320 0.051562 0.048828
2 0.547656 0.528320 0.048438 0.048828
2 0.545312 0.528320 0.046875 0.048828
2 0.545312 0.530273 0.050000 0.044922
2 0.542187 0.532227 0.043750 0.048828
2 0.543750 0.532227 0.040625 0.048828
2 0.548438 0.533203 0.046875 0.054688
2 0.545486 0.534550 0.048438 0.044922
2 0.545710 0.538400 0.048438 0.042969
2 0.546599 0.538401 0.048438 0.044922
2 0.549638 0.536768 0.048438 0.044922
2 0.550073 0.539099 0.050000 0.044922
2 0.551049 0.541224 0.046875 0.041016
2 0.551980 0.542624 0.046875 0.042969
2 0.555531 0.545798 0.048438 0.044922
2 0.558242 0.546187 0.050000 0.044922
2 0.566067 0.556905 0.050262 0.045723
2 0.568081 0.558339 0.046098 0.043181
2 0.569806 0.559400 0.045791 0.044734
2 0.571803 0.560861 0.048520 0.045661
2 0.573853 0.562094 0.049690 0.045902
2 0.576109 0.563191 0.047106 0.044868
2 0.578333 0.564520 0.049870 0.046117
2 0.580598 0.565802 0.046898 0.044129
2 0.583018 0.566939 0.049716 0.047210
2 0.585630 0.568168 0.048129 0.044891
2 0.588140 0.569285 0.051798 0.048413
2 0.590822 0.570570 0.050365 0.046655
2 0.593869 0.572001 0.050912 0.046332
2 0.597027 0.573630 0.053445 0.047196
2 0.600061 0.574927 0.053441 0.046503
2 0.603881 0.577368 0.054359 0.047496
2 0.607429 0.578791 0.051458 0.045010
2 0.611110 0.580407 0.054012 0.046789
2 0.614431 0.582135 0.054507 0.047023
2 0.618572 0.583613 0.053251 0.045842
2 0.621756 0.584741 0.053054 0.045358
2 0.626121 0.585829 0.052937 0.045554
2 0.630120 0.586852 0.055033 0.047000
2 0.633544 0.587325 0.054011 0.046319
2 0.637330 0.587528 0.052593 0.044940
2 0.640643 0.587562 0.053557 0.046056
2 0.644164 0.587711 0.055486 0.048021
2 0.646981 0.587772 0.054039 0.046579
2 0.650090 0.587435 0.053735 0.046246
2 0.653068 0.586471 0.052215 0.044458
2 0.655469 0.585897 0.052116 0.044544
2 0.658269 0.585302 0.054406 0.046821
2 0.660741 0.583930 0.051101 0.043332
2 0.662910 0.582706 0.054470 0.046685
2 0.664546 0.581826 0.054521 0.046874
2 0.666403 0.580822 0.050856 0.043681
2 0.668016 0.579545 0.050259 0.043020
2 0.669725 0.578148 0.048896 0.041835
2 0.671110 0.576725 0.050464 0.043311
2 0.672221 0.575454 0.053169 0.045549
2 0.672968 0.574052 0.049161 0.042368
2 0.673842 0.572639 0.052791 0.044906
2 0.674693 0.571349 0.049764 0.043561
2 0.675138 0.570009 0.051960 0.044470
2 0.675550 0.568602 0.052157 0.044508
2 0.675684 0.567627 0.051811 0.044479
2 0.675815 0.566081 0.049820 0.042422
2 0.676158 0.564601 0.048712 0.041766
2 0.676030 0.563665 0.048484 0.041637
2 0.675978 0.561719 0.048404 0.041513
2 0.675918 0.560211 0.048941 0.042041
2 0.675605 0.558942 0.052841 0.044866
2 0.675176 0.557170 0.052720 0.044732
2 0.674857 0.555857 0.050473 0.043194
2 0.674377 0.554404 0.048794 0.041356
2 0.673947 0.553302 0.053040 0.045226
2 0.673452 0.552240 0.051282 0.043851
2 0.673193 0.550953 0.048200 0.041160
2 0.672567 0.550101 0.050237 0.042872
2 0.671911 0.548856 0.050202 0.042840
2 0.671602 0.548002 0.048260 0.041529
2 0.671193 0.547044 0.046937 0.039880
2 0.670399 0.546809 0.050148 0.042479
2 0.669954 0.545788 0.046915 0.040282
2 0.669184 0.545339 0.051519 0.044038
2 0.668680 0.544570 0.048774 0.041553
2 0.668266 0.544167 0.045315 0.038789
2 0.667681 0.543767 0.051090 0.043793
2 0.667289 0.543655 0.049893 0.042443
2 0.666882 0.543134 0.046406 0.039571
2 0.666448 0.543137 0.047438 0.040835
2 0.666039 0.543119 0.051679 0.044690
2 0.665542 0.543032 0.048661 0.042043
2 0.665150 0.542988 0.045621 0.039591
2 0.664763 0.543026 0.049215 0.042867
2 0.664616 0.543129 0.050523 0.043976
2 0.664122 0.543469 0.048923 0.042133
2 0.663926 0.543597 0.046897 0.040151
2 0.663498 0.544122 0.044786 0.038735
2 0.663058 0.544722 0.050142 0.043593
2 0.662703 0.545582 0.050107 0.043255
2 0.662666 0.546154 0.049670 0.043045
2 0.662267 0.546991 0.045714 0.039421
2 0.662182 0.547975 0.044794 0.038537
2 0.661764 0.548860 0.045447 0.039277
2 0.661736 0.549914 0.047137 0.041172
2 0.661326 0.551222 0.050442 0.043886
2 0.661293 0.552357 0.050595 0.044135
2 0.660942 0.553690 0.048445 0.041926
2 0.660920 0.555068 0.047473 0.040854
2 0.660822 0.556543 0.046968 0.040344
2 0.660718 0.558030 0.046328 0.039672
2 0.660756 0.559300 0.045749 0.038865
2 0.660478 0.560850 0.043755 0.037208
2 0.660406 0.562250 0.043503 0.036909
2 0.660429 0.563240 0.044464 0.038225
2 0.660410 0.564284 0.043679 0.037010
2 0.660545 0.564903 0.044379 0.037887
2 0.660464 0.565116 0.044668 0.038376
2 0.660338 0.565177 0.044859 0.038524
2 0.660362 0.564950 0.044617 0.038135
2 0.660314 0.564385 0.044761 0.038032
2 0.660303 0.563390 0.045773 0.039143
2 0.660263 0.562009 0.046072 0.039156
2 0.660015 0.560354 0.051798 0.044568
2 0.659764 0.558457 0.053367 0.046001
2 0.659671 0.556096 0.053106 0.045580
2 0.659303 0.553581 0.049812 0.042503
2 0.658941 0.550665 0.045421 0.038611
2 0.658594 0.547852 0.048438 0.041016
