2 0.610937 0.319336 0.056250 0.052734
2 0.611879 0.319883 0.056498 0.053320
2 0.612810 0.320775 0.054774 0.051424
2 0.613669 0.321638 0.057028 0.053742
2 0.614695 0.323086 0.055076 0.051705
2 0.615376 0.324288 0.056376 0.053107
2 0.616152 0.325858 0.056283 0.053272
2 0.616494 0.326827 0.055216 0.051787
2 0.616843 0.328209 0.056609 0.053335
2 0.617112 0.329193 0.056899 0.053428
2 0.617446 0.331113 0.056142 0.052775
2 0.617476 0.332003 0.056047 0.052970
2 0.617508 0.334135 0.055391 0.052162
2 0.617402 0.335186 0.056337 0.053017
2 0.617097 0.337222 0.056937 0.053487
2 0.616693 0.339686 0.056586 0.053355
2 0.616329 0.340761 0.055591 0.052232
2 0.615456 0.343130 0.057036 0.053588
2 0.614671 0.345417 0.055961 0.052812
2 0.614101 0.346849 0.056558 0.053071
2 0.612958 0.349293 0.056053 0.052907
2 0.612146 0.350507 0.056583 0.053166
2 0.610843 0.353022 0.057182 0.053918
2 0.610378 0.354310 0.055888 0.052431
2 0.608876 0.356824 0.057029 0.053782
2 0.607312 0.359589 0.055977 0.052647
2 0.606024 0.362510 0.057212 0.053734
2 0.605323 0.363946 0.055064 0.051748
2 0.603995 0.366752 0.056689 0.053476
2 0.603328 0.368134 0.056041 0.052591
2 0.601952 0.370939 0.056083 0.052940
2 0.600789 0.373583 0.055027 0.051652
2 0.600302 0.374869 0.056180 0.053050
2 0.599181 0.377604 0.055154 0.051800
2 0.598652 0.379065 0.055792 0.052606
2 0.597837 0.381513 0.055814 0.052386
2 0.597037 0.383999 0.056798 0.053464
2 0.596517 0.385415 0.056419 0.052978
2 0.595993 0.388354 0.056412 0.053277
2 0.595637 0.389771 0.056338 0.053023
2 0.595165 0.392736 0.056732 0.053431
2 0.594869 0.394428 0.057487 0.054402
2 0.594516 0.397846 0.056971 0.053881
2 0.594330 0.401195 0.055724 0.052420
2 0.594263 0.404778 0.055290 0.052058
2 0.594192 0.406315 0.055972 0.052918
2 0.594225 0.410246 0.055948 0.052887
2 0.594440 0.414272 0.055605 0.052411
2 0.594503 0.416677 0.055298 0.051917
2 0.594826 0.420814 0.056681 0.053253
2 0.594805 0.422863 0.057177 0.053884
2 0.595354 0.427232 0.057842 0.054936
2 0.595798 0.431171 0.056964 0.054090
2 0.595927 0.433238 0.056843 0.053979
2 0.596479 0.436868 0.058114 0.055063
2 0.597219 0.440938 0.057162 0.054328
2 0.597616 0.444878 0.057024 0.054131
2 0.597869 0.446768 0.057678 0.054775
2 0.598269 0.450362 0.057724 0.054530
2 0.598809 0.453711 0.055415 0.052216
2 0.599097 0.457240 0.055604 0.052557
2 0.599719 0.460181 0.057770 0.054646
2 0.600346 0.462865 0.056297 0.053398
2 0.600702 0.464329 0.056816 0.053900
2 0.600984 0.466811 0.056720 0.053704
2 0.601444 0.468075 0.057904 0.054758
2 0.601769 0.470212 0.057418 0.054582
2 0.602271 0.472215 0.056919 0.054037
2 0.602602 0.473380 0.055966 0.052497
2 0.602960 0.475265 0.056295 0.052846
2 0.602984 0.476180 0.057944 0.054925
2 0.603470 0.477836 0.056914 0.053869
2 0.603886 0.479592 0.056465 0.053218
2 0.604053 0.480143 0.057334 0.054484
2 0.604253 0.481866 0.057844 0.054902
2 0.604681 0.483218 0.056137 0.052708
2 0.605105 0.483621 0.056912 0.053929
2 0.605188 0.484977 0.055091 0.051811
2 0.605521 0.485953 0.057375 0.054564
2 0.605587 0.486788 0.055488 0.052197
2 0.606059 0.487959 0.058109 0.055165
2 0.606072 0.489523 0.057940 0.054728
2 0.606729 0.490920 0.055346 0.052124
2 0.606875 0.491605 0.057041 0.054235
2 0.607247 0.493092 0.056491 0.053166
2 0.607515 0.494583 0.056059 0.052740
2 0.607683 0.495047 0.056784 0.053429
2 0.608262 0.496808 0.055048 0.051817
2 0.608335 0.497520 0.056355 0.053453
2 0.609060 0.499212 0.056887 0.053594
2 0.609530 0.501018 0.056065 0.052804
2 0.609859 0.502048 0.055086 0.051935
2 0.610544 0.503927 0.056305 0.053148
2 0.610832 0.504951 0.056410 0.052981
2 0.611640 0.506941 0.055276 0.051886
2 0.611977 0.507920 0.055453 0.052215
2 0.612806 0.510373 0.054442 0.051074
2 0.613230 0.511319 0.055792 0.052661
2 0.614427 0.513825 0.054867 0.051625
2 0.615297 0.516492 0.055970 0.052520
2 0.615749 0.517896 0.055061 0.051803
2 0.616551 0.520649 0.055642 0.052240
2 0.617687 0.523566 0.054771 0.051564
2 0.618114 0.525076 0.055994 0.052897
2 0.618974 0.528482 0.055858 0.052624
2 0.619310 0.529906 0.054455 0.051105
2 0.620089 0.533631 0.055534 0.052071
2 0.620409 0.535611 0.055227 0.051923
2 0.620936 0.539450 0.054492 0.051179
2 0.621017 0.541569 0.054462 0.051062
2 0.621304 0.545739 0.055711 0.052246
2 0.621340 0.547988 0.056656 0.053284
2 0.621581 0.552017 0.057429 0.054098
2 0.621668 0.554336 0.057629 0.054552
2 0.621606 0.559071 0.055980 0.052511
2 0.621244 0.563820 0.057036 0.053941
2 0.621090 0.568923 0.055101 0.051849
2 0.620957 0.571198 0.055830 0.052559
2 0.620034 0.576690 0.055954 0.052590
2 0.619508 0.578989 0.055812 0.052582
2 0.618521 0.584547 0.055934 0.052529
2 0.617825 0.589621 0.056168 0.053249
2 0.617317 0.592635 0.055998 0.052749
2 0.615796 0.598080 0.055144 0.052042
2 0.614659 0.603420 0.055930 0.053070
2 0.613431 0.608593 0.056427 0.053342
2 0.612587 0.613485 0.055918 0.052918
2 0.612045 0.615919 0.055703 0.052418
2 0.611284 0.620141 0.056009 0.052926
2 0.610176 0.624202 0.056173 0.053101
2 0.609879 0.626178 0.056106 0.053094
2 0.609089 0.630032 0.056987 0.053850
2 0.608773 0.631506 0.055129 0.051915
2 0.608320 0.634355 0.056313 0.053453
2 0.608257 0.635895 0.055991 0.052912
2 0.607951 0.638356 0.056914 0.054136
2 0.607753 0.640486 0.056976 0.054112
2 0.607766 0.641426 0.056152 0.052929
2 0.607718 0.642925 0.055848 0.052737
2 0.607727 0.643631 0.056784 0.053644
2 0.607737 0.645119 0.055759 0.052615
2 0.607801 0.645608 0.056890 0.053889
2 0.608301 0.646578 0.055692 0.052850
2 0.608440 0.647379 0.055636 0.052547
2 0.608807 0.647835 0.056820 0.053941
2 0.609487 0.648273 0.056878 0.054142
2 0.609820 0.648226 0.056499 0.053755
2 0.610216 0.648579 0.055847 0.052962
2 0.611102 0.648292 0.056941 0.054266
2 0.611521 0.648289 0.056319 0.053561
2 0.612272 0.647839 0.057414 0.054559
2 0.612706 0.647625 0.056780 0.053935
2 0.613657 0.647239 0.056054 0.052936
2 0.614154 0.646834 0.055838 0.052987
2 0.614887 0.645859 0.056493 0.053717
2 0.615260 0.645816 0.057031 0.054151
2 0.616111 0.644892 0.054879 0.051907
2 0.616460 0.644531 0.055611 0.052704
2 0.617283 0.643990 0.057090 0.054359
2 0.617986 0.643555 0.055562 0.052399
2 0.618435 0.643043 0.055341 0.052129
2 0.618927 0.642563 0.056169 0.053387
2 0.619243 0.642044 0.056301 0.053498
2 0.619537 0.641952 0.056209 0.053307
2 0.619925 0.641275 0.055394 0.052062
2 0.620217 0.640776 0.055795 0.052686
2 0.620272 0.640712 0.055773 0.052682
2 0.620318 0.640578 0.056294 0.053335
2 0.620286 0.640216 0.057001 0.054089
2 0.620307 0.640147 0.057059 0.054148
2 0.619931 0.640134 0.056842 0.053820
2 0.619848 0.640134 0.056601 0.053614
2 0.619342 0.640213 0.056240 0.053388
2 0.618966 0.640223 0.056700 0.053877
2 0.618631 0.640657 0.056000 0.052811
2 0.617767 0.641166 0.054502 0.051279
2 0.616883 0.641678 0.056331 0.052969
2 0.616526 0.641712 0.055728 0.052545
2 0.615368 0.641811 0.056470 0.053236
2 0.614990 0.642344 0.056027 0.053127
2 0.613789 0.642900 0.055367 0.052129
2 0.612663 0.643380 0.055549 0.052404
2 0.611840 0.643909 0.056125 0.053117
2 0.610666 0.644418 0.056413 0.053362
2 0.609090 0.645448 0.056026 0.052684
2 0.607570 0.646310 0.056662 0.053653
2 0.605966 0.647296 0.055823 0.052510
2 0.605224 0.647306 0.054793 0.051552
2 0.603287 0.648568 0.055557 0.052602
2 0.601732 0.649151 0.055223 0.052082
2 0.599693 0.650221 0.056588 0.053643
2 0.598652 0.650467 0.055592 0.052683
2 0.596857 0.651247 0.055787 0.052517
2 0.595946 0.651551 0.056115 0.053167
2 0.593981 0.652175 0.056559 0.053859
2 0.591810 0.653232 0.056137 0.052931
2 0.590790 0.653627 0.057056 0.054336
2 0.589932 0.654153 0.056309 0.053553
2 0.587693 0.654887 0.055495 0.052516
2 0.585427 0.655936 0.056914 0.054126
2 0.584549 0.656363 0.056045 0.053231
2 0.582150 0.656924 0.055067 0.051932
2 0.580927 0.657254 0.056462 0.053260
2 0.578723 0.657815 0.056298 0.053518
2 0.577442 0.658363 0.055347 0.052365
2 0.575176 0.658805 0.055260 0.052160
2 0.573973 0.659165 0.055514 0.052387
2 0.571466 0.660067 0.056500 0.053450
2 0.569243 0.660545 0.054782 0.051649
2 0.567859 0.661114 0.055308 0.052077
2 0.565440 0.661671 0.056924 0.053829
2 0.564268 0.662158 0.055750 0.052757
2 0.561881 0.662772 0.054975 0.051690
2 0.559139 0.663698 0.056974 0.053892
2 0.556585 0.664286 0.055198 0.052133
2 0.555261 0.664708 0.054842 0.051641
2 0.552800 0.665062 0.056475 0.053158
2 0.550491 0.665784 0.056081 0.053161
2 0.548120 0.666325 0.055718 0.052482
2 0.546997 0.666324 0.055363 0.052221
2 0.544705 0.666486 0.054877 0.051592
2 0.542636 0.666791 0.054859 0.051501
2 0.541519 0.666787 0.055219 0.051898
2 0.538288 0.666680 0.055143 0.051842
2 0.536336 0.666646 0.055154 0.051914
2 0.535256 0.666645 0.055181 0.051866
2 0.533421 0.666189 0.055399 0.052306
2 0.531602 0.665222 0.056178 0.053041
2 0.530485 0.665012 0.055733 0.052453
2 0.528868 0.664176 0.055565 0.052420
2 0.527109 0.663603 0.056243 0.053192
2 0.525547 0.662646 0.055180 0.051988
2 0.524384 0.662386 0.055727 0.052585
2 0.522927 0.661237 0.056648 0.053436
2 0.521208 0.660425 0.055680 0.052543
2 0.520617 0.660005 0.056610 0.053663
2 0.518931 0.659139 0.056251 0.053054
2 0.518476 0.658749 0.056068 0.052833
2 0.517061 0.657790 0.057324 0.054307
2 0.515792 0.656491 0.055766 0.052740
2 0.515076 0.656456 0.055890 0.052803
2 0.513897 0.655201 0.056557 0.053231
2 0.513454 0.654660 0.055452 0.052292
2 0.512303 0.653665 0.057212 0.054073
2 0.511364 0.652713 0.055082 0.051968
2 0.510271 0.652051 0.056705 0.053796
2 0.509640 0.650627 0.055662 0.052601
2 0.509235 0.650617 0.056236 0.053015
2 0.508506 0.649554 0.056239 0.053137
2 0.507818 0.648585 0.056299 0.053212
2 0.507039 0.647253 0.055397 0.052131
2 0.506474 0.646391 0.056595 0.053713
2 0.505778 0.645298 0.056023 0.052712
2 0.505570 0.644885 0.055387 0.052190
2 0.505265 0.643501 0.055660 0.052398
2 0.505046 0.642474 0.056387 0.053427
2 0.504595 0.641454 0.056523 0.053135
2 0.504465 0.640580 0.057214 0.054135
2 0.504191 0.639056 0.055857 0.052600
2 0.504212 0.638326 0.057527 0.054576
2 0.503821 0.636400 0.056831 0.053964
2 0.503768 0.635404 0.055512 0.052327
2 0.503647 0.633966 0.056694 0.053699
2 0.503657 0.633028 0.055847 0.052857
2 0.503648 0.631591 0.055765 0.052612
2 0.503373 0.630150 0.057288 0.054365
2 0.503385 0.628521 0.057374 0.054562
2 0.503378 0.626984 0.056575 0.053659
2 0.503414 0.626192 0.056932 0.053915
2 0.503410 0.624353 0.057139 0.054200
2 0.503376 0.623963 0.056429 0.053288
2 0.503401 0.622206 0.056867 0.053788
2 0.503403 0.621220 0.056397 0.053420
2 0.503440 0.619769 0.055879 0.052728
2 0.503442 0.617805 0.055740 0.052574
2 0.503583 0.616901 0.057106 0.054303
2 0.503776 0.615143 0.056671 0.053811
2 0.503966 0.614058 0.055972 0.052779
2 0.504002 0.612578 0.057326 0.054418
2 0.504399 0.610601 0.057936 0.054887
2 0.504430 0.608851 0.058105 0.055169
2 0.504441 0.607882 0.056547 0.053287
2 0.504506 0.606219 0.056668 0.053298
2 0.504513 0.605428 0.057263 0.054160
2 0.504909 0.603313 0.057167 0.054343
2 0.505213 0.601751 0.056056 0.053138
2 0.505226 0.600704 0.056666 0.053688
2 0.505619 0.598874 0.057259 0.054284
2 0.505742 0.597864 0.056535 0.053498
2 0.506248 0.595905 0.056755 0.053717
2 0.506572 0.594408 0.056041 0.052978
2 0.506873 0.593367 0.057270 0.054538
2 0.507093 0.591561 0.057207 0.054428
2 0.507459 0.589657 0.057845 0.054891
2 0.507936 0.588750 0.056773 0.053595
2 0.508586 0.587344 0.057233 0.054360
2 0.509068 0.585312 0.057795 0.054796
2 0.509466 0.584826 0.056525 0.053357
2 0.509882 0.583328 0.056824 0.053916
2 0.510572 0.581403 0.057624 0.054591
2 0.511424 0.579914 0.056704 0.053895
2 0.511786 0.579339 0.056852 0.053896
2 0.512130 0.577812 0.057627 0.054696
2 0.512655 0.576311 0.056618 0.053744
2 0.513080 0.575337 0.056615 0.053671
2 0.513820 0.573935 0.057712 0.054819
2 0.514609 0.572491 0.055971 0.053102
2 0.514937 0.571987 0.057285 0.054554
2 0.515815 0.570381 0.057023 0.054234
2 0.516201 0.569867 0.057290 0.054568
2 0.516873 0.568450 0.057189 0.054146
2 0.517602 0.567015 0.055673 0.052549
2 0.518370 0.565746 0.057559 0.054481
