2 0.459375 0.586914 0.034375 0.037109
2 0.457644 0.590182 0.033911 0.037656
2 0.456159 0.592874 0.036014 0.039120
2 0.455233 0.594842 0.053952 0.062216
2 0.453718 0.597645 0.053296 0.060934
2 0.452108 0.600411 0.055544 0.064511
2 0.450792 0.602885 0.052185 0.059473
2 0.449607 0.605004 0.035032 0.038516
2 0.448021 0.607954 0.034136 0.037554
2 0.446994 0.610351 0.036198 0.039720
2 0.445266 0.612859 0.031341 0.034166
2 0.444464 0.615401 0.047564 0.054056
2 0.443322 0.617359 0.032306 0.035165
2 0.442076 0.619231 0.029883 0.032461
2 0.440543 0.620720 0.031658 0.034469
2 0.440262 0.622320 0.035613 0.038524
2 0.439698 0.623280 0.047073 0.053635
2 0.439124 0.623964 0.037436 0.041049
2 0.438432 0.624488 0.047317 0.052387
2 0.437709 0.625115 0.040495 0.045827
2 0.437520 0.625010 0.038425 0.043343
2 0.436914 0.625097 0.040949 0.046509
2 0.436805 0.625179 0.044411 0.050923
2 0.436731 0.625271 0.048817 0.056485
2 0.436862 0.624791 0.046747 0.053245
2 0.436883 0.624393 0.051256 0.058577
2 0.436812 0.623987 0.052222 0.060458
2 0.436778 0.623640 0.054812 0.063649
2 0.436822 0.623562 0.052534 0.060864
2 0.437066 0.623101 0.047637 0.054273
2 0.437286 0.622656 0.046803 0.052173
2 0.437388 0.622556 0.047936 0.053358
2 0.437674 0.621970 0.050870 0.058114
2 0.437930 0.622126 0.058485 0.067348
2 0.438180 0.622023 0.067717 0.078938
2 0.438244 0.621553 0.068281 0.079043
2 0.438386 0.620630 0.061005 0.070157
2 0.438707 0.619052 0.049404 0.055629
2 0.438631 0.618419 0.052118 0.058902
2 0.438186 0.618022 0.068329 0.078994
2 0.438344 0.617530 0.068860 0.078495
2 0.437670 0.615603 0.052227 0.059449
2 0.436948 0.614077 0.055793 0.064258
2 0.436191 0.612602 0.053950 0.061383
2 0.435521 0.610625 0.051978 0.059065
2 0.434237 0.607966 0.047563 0.054423
2 0.433425 0.605529 0.062279 0.070546
2 0.431942 0.602829 0.071062 0.082169
2 0.430433 0.599468 0.071488 0.082067
2 0.429081 0.596105 0.071557 0.081765
2 0.427292 0.592471 0.071413 0.082052
2 0.425915 0.588639 0.063618 0.073145
2 0.424795 0.584012 0.048180 0.054048
2 0.423471 0.580072 0.047719 0.053583
2 0.422708 0.576954 0.068383 0.078811
2 0.421779 0.572551 0.045430 0.051261
2 0.421810 0.570547 0.045539 0.051401
2 0.421769 0.566631 0.045468 0.051335
2 0.421817 0.563237 0.046980 0.053114
2 0.422539 0.560532 0.064055 0.072557
2 0.423263 0.556556 0.046810 0.052516
2 0.424751 0.553664 0.047827 0.053873
2 0.426360 0.550648 0.048023 0.053901
2 0.428164 0.547566 0.048453 0.054919
2 0.430714 0.545479 0.059024 0.067903
2 0.433434 0.543556 0.070635 0.081365
2 0.436667 0.541233 0.071414 0.081312
2 0.440095 0.539800 0.067616 0.077871
2 0.443837 0.537426 0.050070 0.056666
2 0.448287 0.536356 0.049859 0.055724
2 0.452882 0.535203 0.050710 0.057162
2 0.457607 0.533991 0.049832 0.056386
2 0.462675 0.533341 0.053088 0.060173
2 0.467780 0.532823 0.070325 0.081269
2 0.473102 0.531079 0.061575 0.069704
2 0.477948 0.529700 0.050929 0.057867
2 0.480574 0.529579 0.077642 0.089455
2 0.485842 0.527167 0.057146 0.064145
2 0.490381 0.525586 0.054581 0.061858
2 0.495011 0.524027 0.054015 0.061615
2 0.499346 0.522448 0.067138 0.077612
2 0.501415 0.521381 0.056327 0.063548
2 0.505725 0.520018 0.067256 0.077338
2 0.509121 0.518451 0.056709 0.065073
2 0.512477 0.516614 0.056076 0.064192
2 0.515683 0.515255 0.056867 0.064326
2 0.518362 0.514810 0.061003 0.070320
2 0.521261 0.513905 0.075418 0.087810
2 0.523220 0.512337 0.057951 0.067224
2 0.525879 0.512042 0.080355 0.093542
2 0.527522 0.510711 0.065599 0.076756
2 0.529387 0.510079 0.057770 0.066926
2 0.530376 0.510806 0.084428 0.098857
2 0.532605 0.510489 0.056869 0.066035
2 0.533446 0.511274 0.082700 0.097100
2 0.534642 0.511557 0.063653 0.073025
2 0.535757 0.512324 0.057100 0.066059
2 0.537096 0.513927 0.065432 0.075300
2 0.538237 0.515836 0.083533 0.097369
2 0.538868 0.516533 0.057975 0.067055
2 0.539894 0.518346 0.086369 0.100144
2 0.540311 0.518439 0.057864 0.066957
2 0.540699 0.518501 0.059497 0.068924
2 0.541218 0.519530 0.079373 0.092332
2 0.541328 0.519655 0.085614 0.100025
2 0.541606 0.518724 0.070113 0.081669
2 0.541696 0.518193 0.071659 0.082758
2 0.541612 0.516683 0.070687 0.082168
2 0.541766 0.515760 0.074678 0.085628
2 0.541599 0.514567 0.080802 0.093672
2 0.541026 0.512802 0.070645 0.081921
2 0.541105 0.512317 0.071313 0.082011
2 0.540654 0.510496 0.061885 0.071301
2 0.540271 0.508665 0.065424 0.075524
2 0.539855 0.507775 0.084430 0.098561
2 0.539322 0.505589 0.068091 0.078733
2 0.538788 0.503847 0.067218 0.077261
2 0.537997 0.501460 0.081796 0.095978
2 0.537701 0.499065 0.069675 0.081481
2 0.537314 0.496920 0.063013 0.073370
2 0.536899 0.494903 0.077984 0.091088
2 0.536633 0.493771 0.088348 0.104489
2 0.536134 0.491281 0.072009 0.084548
2 0.535443 0.489224 0.069858 0.081609
2 0.535402 0.487438 0.075526 0.088198
2 0.534978 0.486386 0.088470 0.103575
2 0.534470 0.485010 0.062220 0.072441
2 0.534410 0.484843 0.060175 0.069893
2 0.533911 0.484767 0.063203 0.073542
2 0.533685 0.486448 0.083349 0.098057
2 0.533543 0.488338 0.094120 0.111654
2 0.533129 0.489445 0.078472 0.092084
2 0.533135 0.491762 0.076969 0.089841
2 0.533122 0.494680 0.072838 0.084237
2 0.532966 0.495917 0.070392 0.081277
2 0.532723 0.499222 0.066206 0.076677
2 0.532744 0.502618 0.066140 0.076432
2 0.532882 0.506107 0.066569 0.076133
2 0.532716 0.509052 0.065100 0.075135
2 0.532917 0.511866 0.065874 0.075055
2 0.533203 0.514174 0.075977 0.087589
2 0.532992 0.515034 0.073061 0.085327
2 0.533147 0.516798 0.079723 0.093385
2 0.533826 0.518607 0.088506 0.103559
2 0.533971 0.519657 0.076859 0.088962
2 0.534247 0.521151 0.061666 0.070570
2 0.534177 0.522965 0.062616 0.071896
2 0.534060 0.524970 0.065643 0.075623
2 0.533805 0.527269 0.074542 0.086678
2 0.533819 0.529421 0.076144 0.088533
2 0.533474 0.531091 0.086061 0.101144
2 0.532900 0.532482 0.067713 0.078955
2 0.532129 0.534983 0.077883 0.091360
2 0.531129 0.536711 0.065627 0.075834
2 0.530255 0.539416 0.080145 0.093392
2 0.529130 0.541227 0.076260 0.088829
2 0.527818 0.542454 0.067092 0.078032
2 0.526563 0.543094 0.062970 0.071781
2 0.525234 0.543342 0.064955 0.074614
2 0.523679 0.543489 0.068883 0.079644
2 0.522241 0.542343 0.079856 0.093941
2 0.520742 0.540497 0.079608 0.093356
2 0.519331 0.538371 0.085920 0.100754
2 0.517344 0.533080 0.057931 0.064176
2 0.516182 0.532385 0.082914 0.097095
2 0.514626 0.529183 0.080781 0.094367
2 0.513124 0.525494 0.074155 0.085112
2 0.511050 0.522217 0.057791 0.066100
2 0.509892 0.521317 0.079127 0.092593
2 0.508195 0.518346 0.064446 0.074183
2 0.506395 0.514933 0.052794 0.058794
2 0.504424 0.513221 0.060327 0.068360
2 0.501939 0.511075 0.069309 0.080529
2 0.500216 0.509310 0.055336 0.061844
2 0.498235 0.508104 0.055138 0.062637
2 0.495350 0.507618 0.054751 0.060878
2 0.493475 0.507906 0.064646 0.073253
2 0.491639 0.508479 0.068653 0.079661
2 0.490090 0.509340 0.066467 0.077085
2 0.488453 0.511001 0.066856 0.078025
2 0.487740 0.511729 0.057042 0.064704
2 0.486318 0.514725 0.073909 0.086967
2 0.484749 0.519360 0.068723 0.079895
2 0.484124 0.520995 0.057163 0.065527
2 0.483266 0.525438 0.076304 0.089694
2 0.482731 0.530098 0.055281 0.064188
2 0.482319 0.535545 0.059604 0.069143
2 0.482013 0.538590 0.071282 0.084124
2 0.481977 0.545077 0.077374 0.090890
2 0.481902 0.551822 0.079916 0.094512
2 0.481979 0.559025 0.081243 0.095262
2 0.481916 0.566353 0.079697 0.094294
2 0.481998 0.574078 0.073556 0.086396
2 0.482073 0.582354 0.069952 0.081660
2 0.482377 0.590979 0.052316 0.060189
2 0.482553 0.595400 0.050600 0.057277
2 0.482992 0.605377 0.054228 0.062225
2 0.483813 0.615517 0.054088 0.062807
2 0.484753 0.626669 0.069849 0.082371
2 0.485770 0.637000 0.047274 0.054906
2 0.487311 0.648596 0.048053 0.055993
2 0.488076 0.655141 0.074762 0.088942
2 0.489698 0.666632 0.074027 0.087590
2 0.491684 0.677513 0.050304 0.058020
2 0.493498 0.689189 0.045966 0.052749
2 0.495502 0.701416 0.060662 0.071251
2 0.497526 0.713465 0.070612 0.083447
2 0.499354 0.725001 0.046309 0.054062
2 0.501101 0.736672 0.040478 0.046860
2 0.503046 0.748522 0.045208 0.052706
2 0.505276 0.761123 0.062598 0.073799
2 0.507665 0.772799 0.040712 0.046373
2 0.510027 0.785507 0.059121 0.069565
2 0.512671 0.798227 0.051208 0.059417
2 0.515295 0.810689 0.042610 0.049847
2 0.518280 0.823597 0.038852 0.044712
2 0.523817 0.839435 0.050366 0.054173
2 0.523817 0.843827 0.043338 0.057101
2 0.525781 0.854492 0.048438 0.044922
2 0.531250 0.868164 0.050000 0.056641
2 0.532813 0.883789 0.046875 0.037109
2 0.435156 0.959961 0.051562 0.037109
2 0.436719 0.951172 0.035937 0.039062
2 0.439063 0.950195 0.034375 0.037109
2 0.439063 0.949219 0.040625 0.035156
2 0.443750 0.945312 0.050000 0.042969
2 0.442969 0.949219 0.039062 0.046875
2 0.443750 0.942383 0.046875 0.037109
2 0.446094 0.939453 0.035937 0.031250
2 0.445312 0.940430 0.037500 0.041016
2 0.450781 0.938477 0.045312 0.041016
2 0.451562 0.937500 0.031250 0.035156
2 0.451562 0.938477 0.037500 0.033203
2 0.454688 0.937500 0.046875 0.046875
2 0.456250 0.932617 0.046875 0.037109
2 0.457730 0.932273 0.037665 0.037799
2 0.465625 0.929688 0.043750 0.039062
2 0.461719 0.932617 0.045312 0.044922
2 0.460156 0.930664 0.039062 0.044922
2 0.462500 0.925781 0.062500 0.046875
2 0.469531 0.923828 0.039062 0.027344
2 0.470312 0.918945 0.037500 0.033203
2 0.477344 0.916992 0.039062 0.037109
2 0.477344 0.912109 0.039062 0.046875
2 0.473438 0.913086 0.050000 0.052734
2 0.479688 0.911133 0.050000 0.044922
2 0.481250 0.904297 0.046875 0.039062
2 0.482031 0.899414 0.035937 0.037109
2 0.486719 0.897461 0.045312 0.033203
2 0.488281 0.892578 0.039062 0.042969
2 0.489062 0.891602 0.043750 0.048828
2 0.488281 0.893555 0.045312 0.041016
2 0.490625 0.880859 0.043750 0.039062
2 0.492188 0.878906 0.037500 0.046875
2 0.492188 0.873047 0.046875 0.046875
2 0.495312 0.871094 0.040625 0.042969
2 0.492969 0.871094 0.032813 0.042969
2 0.497656 0.872070 0.045312 0.044922
2 0.494531 0.858398 0.039062 0.041016
2 0.496094 0.862305 0.045312 0.044922
2 0.499219 0.854492 0.032813 0.033203
2 0.497656 0.844727 0.029687 0.033203
2 0.499219 0.848633 0.035937 0.041016
2 0.500000 0.840820 0.028125 0.029297
2 0.501563 0.837891 0.037500 0.046875
2 0.499219 0.830078 0.039062 0.039062
2 0.500000 0.832031 0.037500 0.039062
2 0.502344 0.820312 0.035937 0.031250
2 0.500781 0.821289 0.032813 0.044922
2 0.503125 0.813477 0.043750 0.048828
2 0.501563 0.815430 0.028125 0.037109
2 0.503906 0.809570 0.042188 0.044922
2 0.503906 0.808594 0.035937 0.035156
2 0.502344 0.800781 0.039062 0.042969
2 0.503125 0.800781 0.040625 0.042969
2 0.504687 0.804688 0.034375 0.035156
2 0.504688 0.795898 0.037500 0.033203
2 0.503906 0.791992 0.032813 0.037109
2 0.505076 0.792583 0.045681 0.039531
2 0.499219 0.782227 0.042188 0.041016
2 0.500781 0.785156 0.045312 0.046875
2 0.500781 0.784180 0.045312 0.056641
2 0.498438 0.776367 0.034375 0.041016
2 0.497463 0.780271 0.042167 0.048828
2 0.496875 0.776367 0.040625 0.041016
2 0.500000 0.778320 0.040625 0.033203
2 0.500000 0.778320 0.043750 0.044922
2 0.492188 0.771484 0.037500 0.042969
2 0.497656 0.768555 0.042188 0.056641
2 0.492969 0.768555 0.039062 0.037109
2 0.490625 0.763672 0.040625 0.050781
2 0.485938 0.761719 0.050000 0.046875
2 0.489844 0.764648 0.051562 0.052734
2 0.487500 0.759766 0.056250 0.062500
2 0.485156 0.758789 0.039062 0.052734
2 0.481250 0.755859 0.043750 0.046875
2 0.476562 0.752930 0.050000 0.056641
2 0.475781 0.748047 0.051562 0.078125
2 0.478125 0.748047 0.075000 0.074219
2 0.470313 0.742188 0.046875 0.042969
2 0.465625 0.734375 0.056250 0.066406
2 0.467188 0.731445 0.040625 0.048828
2 0.466406 0.733398 0.051562 0.048828
2 0.457813 0.729492 0.050000 0.052734
2 0.460938 0.727539 0.046875 0.056641
