2 0.389062 0.696289 0.037500 0.056641
2 0.393945 0.697998 0.038672 0.056152
2 0.398828 0.699707 0.039844 0.055664
2 0.403711 0.701416 0.041016 0.055176
2 0.408594 0.703125 0.042188 0.054688
2 0.414141 0.704980 0.041406 0.053711
2 0.419687 0.706836 0.040625 0.052734
2 0.425234 0.708691 0.039844 0.051758
2 0.430781 0.710547 0.039063 0.050781
2 0.436328 0.712402 0.038281 0.049805
2 0.441875 0.714258 0.037500 0.048828
2 0.447422 0.716113 0.036719 0.047852
2 0.452969 0.717969 0.035938 0.046875
2 0.458516 0.719824 0.035156 0.045898
2 0.464063 0.721680 0.034375 0.044922
2 0.468594 0.723047 0.034688 0.045052
2 0.473125 0.724414 0.035000 0.045182
2 0.477656 0.725781 0.035313 0.045313
2 0.482187 0.727148 0.035625 0.045443
2 0.486719 0.728516 0.035938 0.045573
2 0.491250 0.729883 0.036250 0.045703
2 0.495781 0.731250 0.036563 0.045833
2 0.500312 0.732617 0.036875 0.045964
2 0.504844 0.733984 0.037188 0.046094
2 0.509375 0.735352 0.037500 0.046224
2 0.513906 0.736719 0.037813 0.046354
2 0.518437 0.738086 0.038125 0.046484
2 0.522969 0.739453 0.038437 0.046615
2 0.527500 0.740820 0.038750 0.046745
2 0.532031 0.742188 0.039062 0.046875
2 0.535330 0.743056 0.038021 0.045573
2 0.538628 0.743924 0.036979 0.044271
2 0.541927 0.744792 0.035938 0.042969
2 0.545226 0.745660 0.034896 0.041667
2 0.548524 0.746528 0.033854 0.040365
2 0.551823 0.747396 0.032813 0.039063
2 0.555122 0.748264 0.031771 0.037760
2 0.558420 0.749132 0.030729 0.036458
2 0.561719 0.750000 0.029687 0.035156
2 0.564286 0.750977 0.030357 0.035993
2 0.566853 0.751953 0.031027 0.036830
2 0.569420 0.752930 0.031696 0.037667
2 0.571987 0.753906 0.032366 0.038504
2 0.574554 0.754883 0.033036 0.039342
2 0.577121 0.755859 0.033705 0.040179
2 0.579688 0.756836 0.034375 0.041016
2 0.579759 0.757457 0.034233 0.040838
2 0.579830 0.758079 0.034091 0.040661
2 0.579901 0.758700 0.033949 0.040483
2 0.579972 0.759322 0.033807 0.040305
2 0.580043 0.759943 0.033665 0.040128
2 0.580114 0.760565 0.033523 0.039950
2 0.580185 0.761186 0.033381 0.039773
2 0.580256 0.761808 0.033239 0.039595
2 0.580327 0.762429 0.033097 0.039418
2 0.580398 0.763050 0.032955 0.039240
2 0.580469 0.763672 0.032813 0.039062
2 0.579948 0.764648 0.033854 0.038411
2 0.579427 0.765625 0.034896 0.037760
2 0.578906 0.766602 0.035937 0.037109
2 0.578385 0.767578 0.036979 0.036458
2 0.577865 0.768555 0.038021 0.035807
2 0.577344 0.769531 0.039062 0.035156
2 0.576094 0.770215 0.038750 0.035352
2 0.574844 0.770898 0.038437 0.035547
2 0.573594 0.771582 0.038125 0.035742
2 0.572344 0.772266 0.037812 0.035938
2 0.571094 0.772949 0.037500 0.036133
2 0.569844 0.773633 0.037187 0.036328
2 0.568594 0.774316 0.036875 0.036523
2 0.567344 0.775000 0.036562 0.036719
2 0.566094 0.775684 0.036250 0.036914
2 0.564844 0.776367 0.035937 0.037109
2 0.563594 0.777051 0.035625 0.037305
2 0.562344 0.777734 0.035312 0.037500
2 0.561094 0.778418 0.035000 0.037695
2 0.559844 0.779102 0.034687 0.037891
2 0.558594 0.779785 0.034375 0.038086
2 0.557344 0.780469 0.034062 0.038281
2 0.556094 0.781152 0.033750 0.038477
2 0.554844 0.781836 0.033437 0.038672
2 0.553594 0.782520 0.033125 0.038867
2 0.552344 0.783203 0.032813 0.039062
2 0.550551 0.783778 0.032537 0.039062
2 0.548759 0.784352 0.032261 0.039062
2 0.546967 0.784926 0.031985 0.039062
2 0.545175 0.785501 0.031710 0.039062
2 0.543382 0.786075 0.031434 0.039062
2 0.541590 0.786650 0.031158 0.039062
2 0.539798 0.787224 0.030882 0.039062
2 0.538006 0.787799 0.030607 0.039062
2 0.536213 0.788373 0.030331 0.039062
2 0.534421 0.788948 0.030055 0.039062
2 0.532629 0.789522 0.029779 0.039062
2 0.530836 0.790097 0.029504 0.039062
2 0.529044 0.790671 0.029228 0.039062
2 0.527252 0.791245 0.028952 0.039062
2 0.525460 0.791820 0.028676 0.039062
2 0.523667 0.792394 0.028401 0.039062
2 0.521875 0.792969 0.028125 0.039062
2 0.520170 0.793501 0.028977 0.039418
2 0.518466 0.794034 0.029830 0.039773
2 0.516761 0.794567 0.030682 0.040128
2 0.515057 0.795099 0.031534 0.040483
2 0.513352 0.795632 0.032386 0.040838
2 0.511648 0.796165 0.033239 0.041193
2 0.509943 0.796697 0.034091 0.041548
2 0.508239 0.797230 0.034943 0.041903
2 0.506534 0.797763 0.035795 0.042259
2 0.504830 0.798295 0.036648 0.042614
2 0.503125 0.798828 0.037500 0.042969
2 0.501502 0.799730 0.037139 0.042668
2 0.499880 0.800631 0.036779 0.042368
2 0.498257 0.801532 0.036418 0.042067
2 0.496635 0.802434 0.036058 0.041767
2 0.495012 0.803335 0.035697 0.041466
2 0.493389 0.804237 0.035337 0.041166
2 0.491767 0.805138 0.034976 0.040865
2 0.490144 0.806040 0.034615 0.040565
2 0.488522 0.806941 0.034255 0.040264
2 0.486899 0.807843 0.033894 0.039964
2 0.485276 0.808744 0.033534 0.039663
2 0.483654 0.809645 0.033173 0.039363
2 0.482031 0.810547 0.032813 0.039062
2 0.480859 0.811198 0.033594 0.039062
2 0.479688 0.811849 0.034375 0.039062
2 0.478516 0.812500 0.035156 0.039062
2 0.477344 0.813151 0.035937 0.039062
2 0.476172 0.813802 0.036719 0.039062
2 0.475000 0.814453 0.037500 0.039062
2 0.473828 0.815104 0.038281 0.039062
2 0.472656 0.815755 0.039062 0.039062
2 0.471484 0.816406 0.039844 0.039062
2 0.470313 0.817057 0.040625 0.039062
2 0.469141 0.817708 0.041406 0.039062
2 0.467969 0.818359 0.042188 0.039062
2 0.466667 0.819141 0.042500 0.038802
2 0.465365 0.819922 0.042813 0.038542
2 0.464063 0.820703 0.043125 0.038281
2 0.462760 0.821484 0.043438 0.038021
2 0.461458 0.822266 0.043750 0.037760
2 0.460156 0.823047 0.044063 0.037500
2 0.458854 0.823828 0.044375 0.037240
2 0.457552 0.824609 0.044688 0.036979
2 0.456250 0.825391 0.045000 0.036719
2 0.454948 0.826172 0.045313 0.036458
2 0.453646 0.826953 0.045625 0.036198
2 0.452344 0.827734 0.045938 0.035937
2 0.451042 0.828516 0.046250 0.035677
2 0.449740 0.829297 0.046562 0.035417
2 0.448437 0.830078 0.046875 0.035156
2 0.447266 0.830892 0.046094 0.035048
2 0.446094 0.831706 0.045312 0.034939
2 0.444922 0.832520 0.044531 0.034831
2 0.443750 0.833333 0.043750 0.034722
2 0.442578 0.834147 0.042969 0.034614
2 0.441406 0.834961 0.042188 0.034505
2 0.440234 0.835775 0.041406 0.034397
2 0.439063 0.836589 0.040625 0.034288
2 0.437891 0.837402 0.039844 0.034180
2 0.436719 0.838216 0.039062 0.034071
2 0.435547 0.839030 0.038281 0.033963
2 0.434375 0.839844 0.037500 0.033854
2 0.433203 0.840658 0.036719 0.033746
2 0.432031 0.841471 0.035937 0.033637
2 0.430859 0.842285 0.035156 0.033529
2 0.429688 0.843099 0.034375 0.033420
2 0.428516 0.843913 0.033594 0.033312
2 0.427344 0.844727 0.032813 0.033203
2 0.426743 0.845252 0.032332 0.033053
2 0.426142 0.845778 0.031851 0.032903
2 0.425541 0.846304 0.031370 0.032752
2 0.424940 0.846830 0.030889 0.032602
2 0.424339 0.847356 0.030409 0.032452
2 0.423738 0.847882 0.029928 0.032302
2 0.423137 0.848407 0.029447 0.032151
2 0.422536 0.848933 0.028966 0.032001
2 0.421935 0.849459 0.028486 0.031851
2 0.421334 0.849985 0.028005 0.031701
2 0.420733 0.850511 0.027524 0.031550
2 0.420132 0.851037 0.027043 0.031400
2 0.419531 0.851562 0.026562 0.031250
2 0.419010 0.851969 0.026562 0.032064
2 0.418490 0.852376 0.026562 0.032878
2 0.417969 0.852783 0.026562 0.033691
2 0.417448 0.853190 0.026562 0.034505
2 0.416927 0.853597 0.026562 0.035319
2 0.416406 0.854004 0.026562 0.036133
2 0.415885 0.854411 0.026562 0.036947
2 0.415365 0.854818 0.026562 0.037760
2 0.414844 0.855225 0.026562 0.038574
2 0.414323 0.855632 0.026562 0.039388
2 0.413802 0.856038 0.026562 0.040202
2 0.413281 0.856445 0.026562 0.041016
2 0.413210 0.856268 0.026705 0.041371
2 0.413139 0.856090 0.026847 0.041726
2 0.413068 0.855913 0.026989 0.042081
2 0.412997 0.855735 0.027131 0.042436
2 0.412926 0.855558 0.027273 0.042791
2 0.412855 0.855380 0.027415 0.043146
2 0.412784 0.855202 0.027557 0.043501
2 0.412713 0.855025 0.027699 0.043857
2 0.412642 0.854847 0.027841 0.044212
2 0.412571 0.854670 0.027983 0.044567
2 0.412500 0.854492 0.028125 0.044922
2 0.412642 0.852717 0.027841 0.044567
2 0.412784 0.850941 0.027557 0.044212
2 0.412926 0.849165 0.027273 0.043857
2 0.413068 0.847390 0.026989 0.043501
2 0.413210 0.845614 0.026705 0.043146
2 0.413352 0.843839 0.026420 0.042791
2 0.413494 0.842063 0.026136 0.042436
2 0.413636 0.840288 0.025852 0.042081
2 0.413778 0.838512 0.025568 0.041726
2 0.413920 0.836737 0.025284 0.041371
2 0.414062 0.834961 0.025000 0.041016
2 0.414062 0.831217 0.024479 0.040690
2 0.414062 0.827474 0.023958 0.040365
2 0.414062 0.823730 0.023437 0.040039
2 0.414062 0.819987 0.022917 0.039714
2 0.414062 0.816243 0.022396 0.039388
2 0.414062 0.812500 0.021875 0.039062
2 0.414258 0.809896 0.022266 0.039388
2 0.414453 0.807292 0.022656 0.039714
2 0.414648 0.804688 0.023047 0.040039
2 0.414844 0.802083 0.023438 0.040365
2 0.415039 0.799479 0.023828 0.040690
2 0.415234 0.796875 0.024219 0.041016
2 0.415430 0.794271 0.024609 0.041341
2 0.415625 0.791667 0.025000 0.041667
2 0.415820 0.789063 0.025391 0.041992
2 0.416016 0.786458 0.025781 0.042318
2 0.416211 0.783854 0.026172 0.042643
2 0.416406 0.781250 0.026562 0.042969
2 0.417188 0.778158 0.027083 0.044596
2 0.417969 0.775065 0.027604 0.046224
2 0.418750 0.771973 0.028125 0.047852
2 0.419531 0.768880 0.028646 0.049479
2 0.420313 0.765788 0.029167 0.051107
2 0.421094 0.762695 0.029687 0.052734
2 0.421378 0.761985 0.029403 0.051314
2 0.421662 0.761275 0.029119 0.049893
2 0.421946 0.760565 0.028835 0.048473
2 0.422230 0.759854 0.028551 0.047053
2 0.422514 0.759144 0.028267 0.045632
2 0.422798 0.758434 0.027983 0.044212
2 0.423082 0.757724 0.027699 0.042791
2 0.423366 0.757013 0.027415 0.041371
2 0.423651 0.756303 0.027131 0.039950
2 0.423935 0.755593 0.026847 0.038530
2 0.424219 0.754883 0.026562 0.037109
2 0.424826 0.755100 0.026736 0.037109
2 0.425434 0.755317 0.026910 0.037109
2 0.426042 0.755534 0.027083 0.037109
2 0.426649 0.755751 0.027257 0.037109
2 0.427257 0.755968 0.027431 0.037109
2 0.427865 0.756185 0.027604 0.037109
2 0.428472 0.756402 0.027778 0.037109
2 0.429080 0.756619 0.027951 0.037109
2 0.429688 0.756836 0.028125 0.037109
2 0.430333 0.757133 0.028057 0.037024
2 0.430978 0.757430 0.027989 0.036940
2 0.431624 0.757728 0.027921 0.036855
2 0.432269 0.758025 0.027853 0.036770
2 0.432914 0.758322 0.027785 0.036685
2 0.433560 0.758619 0.027717 0.036600
2 0.434205 0.758916 0.027649 0.036515
2 0.434851 0.759214 0.027582 0.036430
2 0.435496 0.759511 0.027514 0.036345
2 0.436141 0.759808 0.027446 0.036260
2 0.436787 0.760105 0.027378 0.036175
2 0.437432 0.760403 0.027310 0.036090
2 0.438077 0.760700 0.027242 0.036005
2 0.438723 0.760997 0.027174 0.035921
2 0.439368 0.761294 0.027106 0.035836
2 0.440014 0.761591 0.027038 0.035751
2 0.440659 0.761889 0.026970 0.035666
2 0.441304 0.762186 0.026902 0.035581
2 0.441950 0.762483 0.026834 0.035496
2 0.442595 0.762780 0.026766 0.035411
2 0.443240 0.763077 0.026698 0.035326
2 0.443886 0.763375 0.026630 0.035241
2 0.444531 0.763672 0.026562 0.035156
2 0.445399 0.763853 0.026678 0.035229
2 0.446267 0.764034 0.026794 0.035301
2 0.447135 0.764214 0.026910 0.035373
2 0.448003 0.764395 0.027025 0.035446
2 0.448872 0.764576 0.027141 0.035518
2 0.449740 0.764757 0.027257 0.035590
2 0.450608 0.764938 0.027373 0.035663
2 0.451476 0.765119 0.027488 0.035735
2 0.452344 0.765299 0.027604 0.035807
2 0.453212 0.765480 0.027720 0.035880
2 0.454080 0.765661 0.027836 0.035952
2 0.454948 0.765842 0.027951 0.036024
2 0.455816 0.766023 0.028067 0.036097
2 0.456684 0.766204 0.028183 0.036169
2 0.457552 0.766385 0.028299 0.036241
2 0.458420 0.766565 0.028414 0.036314
2 0.459288 0.766746 0.028530 0.036386
2 0.460156 0.766927 0.028646 0.036458
2 0.461024 0.767108 0.028762 0.036531
2 0.461892 0.767289 0.028877 0.036603
2 0.462760 0.767470 0.028993 0.036675
2 0.463628 0.767650 0.029109 0.036748
2 0.464497 0.767831 0.029225 0.036820
2 0.465365 0.768012 0.029340 0.036892
2 0.466233 0.768193 0.029456 0.036965
2 0.467101 0.768374 0.029572 0.037037
2 0.467969 0.768555 0.029687 0.037109
2 0.468880 0.768636 0.029687 0.036947
2 0.469792 0.768717 0.029687 0.036784
2 0.470703 0.768799 0.029687 0.036621
2 0.471615 0.768880 0.029687 0.036458
2 0.472526 0.768962 0.029687 0.036296
2 0.473438 0.769043 0.029687 0.036133
2 0.474349 0.769124 0.029687 0.035970
2 0.475260 0.769206 0.029687 0.035807
2 0.476172 0.769287 0.029687 0.035645
2 0.477083 0.769368 0.029687 0.035482
2 0.477995 0.769450 0.029687 0.035319
2 0.478906 0.769531 0.029687 0.035156
