2 0.384375 0.355469 0.059375 0.058594
2 0.386101 0.354408 0.060055 0.059377
2 0.389609 0.352714 0.059914 0.059211
2 0.391456 0.351707 0.059446 0.058828
2 0.395036 0.350196 0.060233 0.059807
2 0.398415 0.349033 0.059704 0.058975
2 0.399856 0.348646 0.060420 0.059844
2 0.402966 0.348243 0.060209 0.059607
2 0.404599 0.347679 0.059646 0.058898
2 0.407390 0.347568 0.060129 0.059700
2 0.409815 0.347262 0.060217 0.059719
2 0.412549 0.348033 0.060070 0.059372
2 0.413891 0.348298 0.060512 0.060014
2 0.415891 0.348667 0.060714 0.060178
2 0.418363 0.349789 0.060373 0.059979
2 0.419297 0.350210 0.060328 0.059664
2 0.420257 0.350493 0.060564 0.059901
2 0.421967 0.352082 0.060047 0.059304
2 0.423116 0.352813 0.061091 0.060905
2 0.424462 0.353838 0.060789 0.060585
2 0.426104 0.355814 0.060898 0.060728
2 0.427256 0.357558 0.059987 0.059396
2 0.427796 0.358201 0.061582 0.061533
2 0.429299 0.360048 0.061646 0.061714
2 0.429445 0.360744 0.061147 0.060995
2 0.430127 0.362498 0.060382 0.059693
2 0.430418 0.363583 0.060597 0.060232
2 0.431069 0.365164 0.060633 0.060407
2 0.431340 0.365947 0.061093 0.060694
2 0.431511 0.367435 0.060035 0.059316
2 0.431613 0.368312 0.060629 0.059981
2 0.431695 0.369819 0.060701 0.060092
2 0.431741 0.370644 0.060239 0.059576
2 0.431723 0.372702 0.059811 0.059046
2 0.431523 0.373453 0.060027 0.059268
2 0.431080 0.374854 0.060571 0.060338
2 0.430776 0.375468 0.061530 0.061609
2 0.430134 0.376569 0.059887 0.059136
2 0.429811 0.377232 0.060055 0.059407
2 0.428975 0.378508 0.060904 0.060742
2 0.428561 0.378965 0.059712 0.058952
2 0.427700 0.379847 0.062012 0.062141
2 0.426693 0.381063 0.059859 0.059140
2 0.426308 0.381308 0.061410 0.061379
2 0.425004 0.382156 0.060705 0.060210
2 0.424390 0.382793 0.060899 0.060771
2 0.422927 0.383806 0.061982 0.062089
2 0.422285 0.384245 0.060032 0.059292
2 0.421116 0.385221 0.061002 0.060749
2 0.420377 0.385345 0.060693 0.060167
2 0.418937 0.386218 0.060139 0.059399
2 0.418331 0.386699 0.060705 0.060603
2 0.417579 0.386907 0.059917 0.059231
2 0.416305 0.387410 0.060761 0.060210
2 0.415571 0.387629 0.060982 0.060525
2 0.414366 0.387852 0.060648 0.059969
2 0.414074 0.387910 0.060512 0.059861
2 0.412961 0.387910 0.060549 0.059846
2 0.412515 0.387827 0.060630 0.060004
2 0.411718 0.387302 0.060709 0.060335
2 0.411561 0.386910 0.059925 0.059248
2 0.411155 0.386509 0.060397 0.059996
2 0.410784 0.385146 0.060109 0.059546
2 0.410766 0.384676 0.059780 0.059228
2 0.410758 0.383538 0.060839 0.060517
2 0.410749 0.382675 0.059897 0.059493
2 0.410839 0.381195 0.060210 0.059543
2 0.411287 0.379349 0.060885 0.060518
2 0.411557 0.378477 0.059697 0.058941
2 0.412364 0.377076 0.059647 0.058900
2 0.413075 0.374851 0.059692 0.059014
2 0.413545 0.373776 0.061027 0.060835
2 0.414771 0.371382 0.059854 0.059184
2 0.415348 0.370624 0.060073 0.059518
2 0.415969 0.369509 0.060664 0.060268
2 0.417259 0.366835 0.060341 0.059906
2 0.418022 0.365721 0.060292 0.059806
2 0.419573 0.363073 0.059669 0.059082
2 0.420370 0.361846 0.060535 0.060052
2 0.422098 0.359082 0.060461 0.060154
2 0.422811 0.358075 0.060587 0.060142
2 0.424560 0.355670 0.059977 0.059494
2 0.426366 0.352986 0.059764 0.059006
2 0.426969 0.351604 0.060045 0.059621
2 0.428719 0.349956 0.059896 0.059283
2 0.429661 0.348593 0.060422 0.059821
2 0.431190 0.346149 0.060067 0.059483
2 0.431846 0.345518 0.059695 0.059130
2 0.433389 0.343522 0.059924 0.059482
2 0.433884 0.342482 0.060529 0.060012
2 0.435544 0.340893 0.060599 0.060072
2 0.435820 0.339788 0.059831 0.059256
2 0.437044 0.338346 0.060209 0.059619
2 0.437987 0.336862 0.060653 0.060122
2 0.438721 0.336050 0.059740 0.059039
2 0.439651 0.334764 0.060459 0.059818
2 0.440162 0.334257 0.059787 0.059097
2 0.440907 0.333321 0.060827 0.060619
2 0.441328 0.332966 0.060328 0.059625
2 0.441994 0.332327 0.060019 0.059444
2 0.442316 0.332460 0.060598 0.060208
2 0.443052 0.331425 0.060421 0.059821
2 0.443071 0.331740 0.060221 0.059718
2 0.443345 0.331909 0.060311 0.059858
2 0.443760 0.331801 0.059895 0.059269
2 0.443712 0.331896 0.059978 0.059392
2 0.443897 0.332235 0.060273 0.059826
2 0.444057 0.333231 0.060607 0.060113
2 0.444167 0.333627 0.060256 0.059846
2 0.444127 0.334810 0.060783 0.060335
2 0.444463 0.335664 0.059680 0.058946
2 0.444412 0.336515 0.060243 0.059511
2 0.444213 0.337831 0.060246 0.059879
2 0.444256 0.339370 0.060424 0.059982
2 0.443815 0.340212 0.060479 0.060045
2 0.443867 0.342110 0.060340 0.059864
2 0.443731 0.342779 0.060581 0.059926
2 0.443511 0.344639 0.060355 0.059611
2 0.443165 0.346557 0.060683 0.060150
2 0.443147 0.347647 0.059607 0.058922
2 0.443056 0.349633 0.059513 0.058755
2 0.442640 0.351553 0.060396 0.060109
2 0.442596 0.352356 0.060975 0.060542
2 0.442599 0.354379 0.060995 0.060547
2 0.442445 0.355364 0.060385 0.060085
2 0.442459 0.357447 0.060353 0.060023
2 0.442492 0.358279 0.061022 0.060583
2 0.442506 0.360246 0.061011 0.060570
2 0.442490 0.361026 0.060293 0.059909
2 0.443016 0.362490 0.060435 0.059933
2 0.443675 0.364327 0.060384 0.059694
2 0.443635 0.364934 0.059553 0.058861
2 0.444019 0.366600 0.060781 0.060449
2 0.444947 0.367486 0.059874 0.059354
2 0.445621 0.368412 0.060938 0.060579
2 0.446000 0.368908 0.059347 0.058620
2 0.446900 0.370549 0.060221 0.059688
2 0.447110 0.370828 0.060335 0.060011
2 0.448354 0.372321 0.061616 0.061514
2 0.448698 0.372967 0.061177 0.061215
2 0.450235 0.374320 0.061871 0.061924
2 0.450274 0.374764 0.061288 0.061339
2 0.451603 0.375738 0.061944 0.061880
2 0.453177 0.377360 0.061330 0.061251
2 0.453553 0.378032 0.061481 0.061253
2 0.454850 0.378835 0.061155 0.061189
2 0.456117 0.380304 0.061209 0.061088
2 0.456767 0.380771 0.060669 0.060460
2 0.458199 0.382660 0.061197 0.061289
2 0.459435 0.383617 0.062058 0.062099
2 0.460118 0.384135 0.060840 0.060448
2 0.461678 0.386031 0.060687 0.060167
2 0.463252 0.387500 0.060893 0.060328
2 0.464425 0.388515 0.060931 0.060970
2 0.465409 0.389942 0.061264 0.061119
2 0.466527 0.391314 0.060699 0.060106
2 0.467164 0.391554 0.061711 0.061629
2 0.468327 0.392981 0.060649 0.060169
2 0.469706 0.394270 0.060364 0.059880
2 0.469869 0.394889 0.060696 0.060278
2 0.470548 0.395472 0.061516 0.061429
2 0.471019 0.396474 0.060562 0.060166
2 0.472154 0.397243 0.061602 0.061582
2 0.472918 0.398283 0.060458 0.060059
2 0.473406 0.398656 0.061217 0.061214
2 0.474114 0.399813 0.060877 0.060556
2 0.474546 0.400118 0.060620 0.060286
2 0.475535 0.401466 0.061446 0.061188
2 0.476068 0.401657 0.060957 0.060459
2 0.476275 0.403148 0.061485 0.061152
2 0.476622 0.403573 0.061781 0.061765
2 0.477033 0.404736 0.061329 0.061099
2 0.477970 0.405704 0.061404 0.061239
2 0.478225 0.405846 0.061658 0.061740
2 0.479314 0.407111 0.061754 0.061473
2 0.479297 0.407978 0.060984 0.060727
2 0.479405 0.408801 0.061232 0.060825
2 0.479639 0.409934 0.061081 0.060962
2 0.480057 0.410893 0.061636 0.061417
2 0.480297 0.411799 0.060913 0.060692
2 0.481185 0.413109 0.062015 0.061982
2 0.481225 0.413273 0.061961 0.062027
2 0.481965 0.414745 0.061172 0.060688
2 0.482368 0.415363 0.060930 0.060446
2 0.483192 0.416678 0.061825 0.061738
2 0.483248 0.417265 0.061755 0.061731
2 0.483629 0.418677 0.061032 0.060425
2 0.484250 0.418910 0.061729 0.061492
2 0.484641 0.420392 0.061683 0.061576
2 0.485451 0.421989 0.060461 0.059810
2 0.485785 0.422396 0.061689 0.061430
2 0.486198 0.423375 0.061768 0.061751
2 0.486340 0.425044 0.062150 0.062024
2 0.487162 0.426028 0.061266 0.060846
2 0.487580 0.427111 0.062098 0.062055
2 0.487983 0.428119 0.061724 0.061490
2 0.488172 0.429588 0.061279 0.061088
2 0.489008 0.429984 0.061939 0.061951
2 0.489430 0.431887 0.061875 0.061864
2 0.489987 0.433114 0.061324 0.060922
2 0.490599 0.435177 0.062043 0.062142
2 0.490711 0.435422 0.062035 0.062179
2 0.490878 0.437466 0.061981 0.062097
2 0.490974 0.437736 0.062065 0.062103
2 0.491822 0.439670 0.061489 0.061146
2 0.491794 0.440658 0.061771 0.061420
2 0.492111 0.441633 0.062052 0.062124
2 0.492167 0.443523 0.062150 0.062335
2 0.492251 0.443686 0.062246 0.062445
2 0.492379 0.445606 0.062287 0.062525
2 0.492481 0.446035 0.062687 0.062875
2 0.492797 0.448027 0.062221 0.062150
2 0.492843 0.448077 0.062054 0.061881
2 0.493602 0.449886 0.062343 0.062369
2 0.493678 0.450509 0.062340 0.062503
2 0.493845 0.452376 0.062533 0.062771
2 0.493840 0.453493 0.062338 0.062573
2 0.493857 0.455006 0.062068 0.062331
2 0.493862 0.455900 0.062691 0.062838
2 0.493858 0.457827 0.062717 0.062884
2 0.493952 0.459623 0.062659 0.062842
2 0.493945 0.459796 0.062719 0.062895
2 0.493686 0.461696 0.062249 0.061854
2 0.493785 0.463683 0.062349 0.062082
2 0.493749 0.464718 0.061605 0.061410
2 0.493707 0.466577 0.061630 0.061446
2 0.494057 0.468444 0.061628 0.061499
2 0.493957 0.470438 0.061633 0.061563
2 0.493973 0.472362 0.061652 0.061600
2 0.493889 0.474289 0.061639 0.061579
2 0.493784 0.476358 0.061567 0.061502
2 0.493931 0.477567 0.062439 0.062303
2 0.493854 0.479581 0.062382 0.062237
2 0.493907 0.480715 0.061768 0.061616
2 0.493617 0.482587 0.061516 0.061198
2 0.493705 0.483826 0.061755 0.061402
2 0.493249 0.485574 0.061599 0.060831
2 0.493186 0.486904 0.061918 0.061318
2 0.493115 0.489703 0.061639 0.061073
2 0.492818 0.489936 0.060890 0.060107
2 0.492696 0.492479 0.061154 0.060417
2 0.492507 0.494011 0.061193 0.060631
2 0.491544 0.496444 0.061790 0.061296
2 0.491589 0.497915 0.061448 0.060915
2 0.491114 0.499816 0.060929 0.060136
2 0.491107 0.501208 0.061597 0.060830
2 0.491118 0.503731 0.061242 0.060613
2 0.490869 0.505063 0.062170 0.061701
2 0.490512 0.507122 0.062064 0.061535
2 0.490282 0.508591 0.061989 0.061212
2 0.490319 0.511521 0.061417 0.060759
2 0.490119 0.512551 0.061917 0.061145
2 0.489610 0.515021 0.061588 0.060929
2 0.489540 0.517516 0.061459 0.061001
2 0.489215 0.518273 0.062414 0.062030
2 0.488929 0.521578 0.061719 0.061273
2 0.488849 0.522187 0.062144 0.061471
2 0.488300 0.525311 0.061135 0.060621
2 0.488387 0.526467 0.062192 0.061785
2 0.487657 0.529265 0.061869 0.061638
2 0.487582 0.532320 0.062473 0.062164
2 0.487450 0.533330 0.062677 0.062801
2 0.486728 0.536555 0.061719 0.061191
2 0.486694 0.537734 0.061942 0.061302
2 0.486512 0.540654 0.062858 0.063049
2 0.485943 0.543232 0.063544 0.063883
2 0.486111 0.545067 0.062109 0.061535
2 0.485625 0.547556 0.063312 0.063140
2 0.485317 0.550780 0.062344 0.062123
2 0.484882 0.552287 0.062064 0.061502
2 0.484311 0.554846 0.061909 0.061098
2 0.483318 0.557570 0.062818 0.062161
2 0.483111 0.559129 0.062551 0.061848
2 0.482266 0.561343 0.063201 0.062775
2 0.482062 0.562710 0.062381 0.061867
2 0.481277 0.565064 0.062481 0.061688
2 0.480744 0.567234 0.063486 0.062807
2 0.479817 0.569274 0.064210 0.063709
2 0.479487 0.570490 0.062916 0.062131
2 0.478533 0.572457 0.063037 0.062374
2 0.478067 0.573842 0.063131 0.062500
2 0.477052 0.575174 0.063684 0.063039
2 0.476912 0.575937 0.063147 0.062637
2 0.475735 0.577957 0.062475 0.061739
2 0.474464 0.579191 0.063263 0.062534
2 0.474059 0.580063 0.062643 0.061916
2 0.472772 0.581117 0.063174 0.062431
2 0.471997 0.582431 0.063648 0.063050
2 0.471120 0.582931 0.063240 0.062469
2 0.469737 0.583994 0.062431 0.061799
2 0.469301 0.584695 0.063516 0.062781
2 0.467988 0.585736 0.062168 0.061386
2 0.466558 0.586351 0.063024 0.062380
2 0.465665 0.587070 0.063965 0.063420
2 0.464343 0.587712 0.063100 0.062282
2 0.463652 0.588333 0.063944 0.063727
2 0.462131 0.588721 0.064294 0.064026
2 0.461126 0.589430 0.063188 0.062435
2 0.459624 0.589877 0.063758 0.063403
2 0.458873 0.590655 0.064545 0.064523
2 0.457466 0.591012 0.064288 0.064221
2 0.455797 0.591850 0.063577 0.063511
2 0.454950 0.591837 0.063626 0.063279
2 0.453983 0.591988 0.063542 0.063336
2 0.453102 0.591954 0.063735 0.063556
2 0.451772 0.591506 0.063588 0.063223
