2 0.564844 0.604492 0.045312 0.044922
2 0.562115 0.605656 0.059788 0.062576
2 0.560548 0.605660 0.059308 0.061759
2 0.560553 0.605772 0.059969 0.061973
2 0.556832 0.606566 0.047340 0.047536
2 0.554662 0.606708 0.048546 0.050003
2 0.554664 0.606707 0.048746 0.050300
2 0.552107 0.606809 0.050294 0.051838
2 0.550524 0.608284 0.047210 0.048444
2 0.550537 0.608263 0.047310 0.048751
2 0.546472 0.610231 0.049521 0.051272
2 0.544868 0.608361 0.048949 0.050780
2 0.544835 0.608352 0.047826 0.049340
2 0.541703 0.608367 0.047656 0.048996
2 0.540305 0.609869 0.051625 0.053952
2 0.540330 0.609897 0.052702 0.055196
2 0.537643 0.609777 0.052759 0.056099
2 0.536433 0.609661 0.065793 0.071465
2 0.536440 0.609649 0.065775 0.071540
2 0.532205 0.610908 0.052667 0.053716
2 0.531735 0.610848 0.054810 0.058411
2 0.531721 0.610831 0.054285 0.057829
2 0.529171 0.611027 0.055327 0.057306
2 0.527556 0.611052 0.055483 0.057348
2 0.527538 0.611049 0.054911 0.056593
2 0.524337 0.610988 0.054926 0.057689
2 0.522772 0.611091 0.056869 0.060048
2 0.522762 0.611105 0.056748 0.059764
2 0.520999 0.612018 0.050190 0.052099
2 0.519926 0.613486 0.065430 0.071909
2 0.519933 0.613491 0.065679 0.072204
2 0.517675 0.613157 0.065050 0.072710
2 0.515688 0.614377 0.050857 0.054943
2 0.515658 0.614387 0.050125 0.053856
2 0.513266 0.614585 0.052339 0.055450
2 0.511842 0.614967 0.059081 0.064012
2 0.511844 0.614973 0.059278 0.064224
2 0.508796 0.617066 0.060445 0.064541
2 0.507190 0.616492 0.051975 0.053006
2 0.507181 0.616497 0.051798 0.052718
2 0.505643 0.616424 0.052043 0.053120
2 0.504076 0.616459 0.052961 0.054133
2 0.504066 0.616445 0.052511 0.053628
2 0.501288 0.616215 0.050618 0.053307
2 0.500042 0.615982 0.049588 0.053060
2 0.500043 0.615969 0.049439 0.052962
2 0.497288 0.615948 0.049787 0.053387
2 0.496595 0.615923 0.050271 0.053326
2 0.496618 0.615893 0.050616 0.054037
2 0.494325 0.615777 0.051930 0.056420
2 0.494512 0.614954 0.061995 0.068678
2 0.494448 0.614924 0.062058 0.069018
2 0.492853 0.614851 0.060143 0.066832
2 0.490876 0.613380 0.059417 0.065940
2 0.490867 0.613391 0.059308 0.065699
2 0.489061 0.612204 0.050018 0.054533
2 0.487496 0.611833 0.050374 0.054574
2 0.487502 0.611828 0.050472 0.054754
2 0.486234 0.611425 0.058348 0.064758
2 0.485921 0.609839 0.050023 0.054475
2 0.485908 0.609822 0.049464 0.053858
2 0.484364 0.608154 0.048842 0.052994
2 0.484315 0.608182 0.049159 0.053140
2 0.484316 0.608184 0.049243 0.053236
2 0.482104 0.606255 0.049162 0.052407
2 0.482003 0.606078 0.049322 0.052784
2 0.481984 0.606057 0.048509 0.051858
2 0.481653 0.604131 0.047378 0.050566
2 0.480960 0.603546 0.064340 0.070823
2 0.480955 0.603554 0.064290 0.070693
2 0.480804 0.601519 0.064033 0.070805
2 0.480353 0.600034 0.050435 0.054356
2 0.480388 0.600039 0.050792 0.054888
2 0.480354 0.596995 0.054622 0.059727
2 0.480174 0.596255 0.049552 0.053080
2 0.480185 0.596310 0.050505 0.053918
2 0.481062 0.592481 0.048654 0.051564
2 0.481539 0.591452 0.062006 0.068756
2 0.481547 0.591460 0.062376 0.069193
2 0.481603 0.587613 0.062313 0.068835
2 0.481279 0.584680 0.049434 0.053356
2 0.481282 0.584685 0.049377 0.053244
2 0.482980 0.581379 0.054454 0.059676
2 0.484030 0.580148 0.066825 0.073665
2 0.484030 0.580148 0.066825 0.073665
2 0.485400 0.576200 0.067058 0.074467
2 0.486051 0.572454 0.067031 0.073898
2 0.486052 0.572452 0.067030 0.073911
2 0.487142 0.568865 0.052454 0.056120
2 0.487690 0.566661 0.057058 0.062417
2 0.487690 0.566661 0.057068 0.062430
2 0.489475 0.563026 0.052485 0.056507
2 0.489670 0.560876 0.055800 0.060522
2 0.489664 0.560862 0.055405 0.060104
2 0.492530 0.557280 0.046662 0.049102
2 0.492444 0.557287 0.045661 0.047914
2 0.492494 0.557334 0.046107 0.048366
2 0.494823 0.550232 0.053005 0.056067
2 0.494985 0.549906 0.049110 0.051762
2 0.495063 0.549829 0.049718 0.052634
2 0.497658 0.544198 0.050831 0.053445
2 0.497818 0.543375 0.054671 0.058159
2 0.497821 0.543373 0.054342 0.057660
2 0.498962 0.542278 0.051814 0.055609
2 0.499722 0.537563 0.051275 0.054174
2 0.499744 0.537542 0.051372 0.054376
2 0.500555 0.535876 0.048945 0.051670
2 0.501984 0.536935 0.059288 0.066425
2 0.501984 0.536935 0.059288 0.066425
2 0.502030 0.534935 0.059719 0.067046
2 0.503391 0.531183 0.060385 0.066610
2 0.503391 0.531183 0.060385 0.066610
2 0.503060 0.530189 0.046245 0.049596
2 0.502990 0.530186 0.046164 0.049491
2 0.502996 0.530208 0.046631 0.050037
2 0.502932 0.527961 0.044452 0.046325
2 0.503303 0.527406 0.059516 0.064383
2 0.503303 0.527406 0.059516 0.064383
2 0.503307 0.525356 0.059677 0.065479
2 0.502731 0.524303 0.046541 0.048386
2 0.502731 0.524303 0.046541 0.048386
2 0.502732 0.524324 0.046839 0.048622
2 0.502586 0.522605 0.047949 0.048872
2 0.502586 0.522605 0.047949 0.048872
2 0.502453 0.522301 0.045559 0.045661
2 0.502318 0.520927 0.045379 0.045206
2 0.502318 0.520927 0.045379 0.045206
2 0.502224 0.519863 0.049545 0.050449
2 0.501710 0.519669 0.043751 0.044774
2 0.501710 0.519669 0.043751 0.044774
2 0.500212 0.517521 0.043735 0.045618
2 0.500539 0.517605 0.045530 0.047352
2 0.500539 0.517605 0.045530 0.047352
2 0.500324 0.516263 0.037767 0.037836
2 0.500084 0.515132 0.042829 0.044163
2 0.500084 0.515132 0.042829 0.044163
2 0.499367 0.514217 0.037443 0.037245
2 0.499430 0.514081 0.039076 0.039028
2 0.499375 0.514107 0.038452 0.038148
2 0.498817 0.512437 0.040894 0.041333
2 0.498677 0.512331 0.038845 0.038949
2 0.498554 0.512409 0.040300 0.040873
2 0.498729 0.511759 0.047168 0.047495
2 0.498203 0.511034 0.041389 0.041741
2 0.498203 0.511034 0.041389 0.041741
2 0.497823 0.509228 0.045239 0.046523
2 0.496936 0.509771 0.047000 0.047681
2 0.496943 0.509800 0.046898 0.047670
2 0.496943 0.509800 0.046898 0.047670
2 0.496552 0.508294 0.041405 0.041984
2 0.496552 0.508294 0.041405 0.041984
2 0.495625 0.508686 0.048592 0.050743
2 0.495558 0.508631 0.046387 0.048175
2 0.495558 0.508631 0.046387 0.048175
2 0.493806 0.508314 0.039173 0.039433
2 0.492841 0.508262 0.050109 0.050825
2 0.492841 0.508262 0.050109 0.050825
2 0.492862 0.508196 0.049339 0.049812
2 0.492016 0.508081 0.036490 0.036712
2 0.492004 0.508212 0.038604 0.038334
2 0.490702 0.508366 0.041219 0.041452
2 0.489989 0.508476 0.045153 0.046097
2 0.489989 0.508476 0.045153 0.046097
2 0.488741 0.508433 0.040647 0.041071
2 0.488741 0.508433 0.040647 0.041071
2 0.488741 0.508433 0.040647 0.041071
2 0.486064 0.510484 0.043875 0.044509
2 0.486064 0.510484 0.043875 0.044509
2 0.486064 0.510484 0.043875 0.044509
2 0.484735 0.511605 0.048719 0.049139
2 0.484399 0.511292 0.043182 0.043217
2 0.484409 0.511280 0.043581 0.043798
2 0.482994 0.511177 0.042351 0.042315
2 0.481694 0.512096 0.045686 0.045399
2 0.481605 0.512106 0.044790 0.044405
2 0.479738 0.512653 0.044960 0.046038
2 0.478122 0.512693 0.046955 0.048372
2 0.478122 0.512693 0.046955 0.048372
2 0.476326 0.512986 0.045502 0.046097
2 0.474948 0.514099 0.044886 0.044664
2 0.474980 0.514116 0.045496 0.045208
2 0.472533 0.515043 0.059645 0.063355
2 0.471482 0.515038 0.047493 0.048515
2 0.471482 0.515038 0.047493 0.048515
2 0.468702 0.516284 0.050654 0.051783
2 0.467470 0.516555 0.057564 0.060068
2 0.467470 0.516555 0.057564 0.060068
2 0.465150 0.517195 0.053072 0.055613
2 0.463620 0.518568 0.058217 0.060844
2 0.463438 0.518694 0.057479 0.060486
2 0.460255 0.519192 0.057680 0.061264
2 0.458525 0.519454 0.062360 0.066892
2 0.458525 0.519454 0.062360 0.066892
2 0.455726 0.520844 0.066929 0.070573
2 0.454707 0.520773 0.060184 0.063055
2 0.454707 0.520773 0.060184 0.063055
2 0.451464 0.520905 0.055813 0.058199
2 0.449694 0.521354 0.057489 0.059774
2 0.449749 0.521345 0.057237 0.059465
2 0.445372 0.522522 0.058049 0.059957
2 0.444441 0.523139 0.075954 0.082458
2 0.444410 0.523191 0.077305 0.084348
2 0.439259 0.523946 0.073348 0.079796
2 0.438644 0.523622 0.063838 0.067928
2 0.438644 0.523622 0.063838 0.067928
2 0.435401 0.523855 0.069165 0.074154
2 0.432905 0.523924 0.069258 0.074187
2 0.432915 0.524102 0.071855 0.077143
2 0.428343 0.524073 0.070347 0.075260
2 0.426796 0.524111 0.069370 0.074060
2 0.426796 0.524111 0.069370 0.074060
2 0.423332 0.522142 0.060221 0.061328
2 0.421819 0.520580 0.058076 0.061216
2 0.421819 0.520580 0.058076 0.061216
2 0.419220 0.518602 0.069566 0.073162
2 0.417645 0.516632 0.067678 0.071424
2 0.417645 0.516632 0.067678 0.071424
2 0.414193 0.508788 0.052167 0.054304
2 0.414343 0.506447 0.053379 0.053961
2 0.414335 0.506422 0.052777 0.053340
2 0.412662 0.500487 0.053015 0.053219
2 0.411137 0.494399 0.054825 0.056105
2 0.411005 0.494305 0.053721 0.054947
2 0.411069 0.486696 0.053540 0.053747
2 0.411055 0.484804 0.053323 0.053431
2 0.411102 0.484716 0.052794 0.052730
2 0.411682 0.472776 0.058877 0.063169
2 0.412304 0.469340 0.050328 0.051858
2 0.412326 0.469258 0.050456 0.051702
2 0.412733 0.461452 0.066769 0.072916
2 0.408594 0.456055 0.051562 0.052734
2 0.408615 0.456069 0.051938 0.053178
2 0.411009 0.442447 0.061686 0.064638
2 0.411486 0.436409 0.058314 0.060635
2 0.411457 0.436413 0.057600 0.059997
2 0.413170 0.427021 0.049679 0.051713
2 0.413013 0.424862 0.047252 0.048661
2 0.413013 0.424862 0.047252 0.048661
2 0.414505 0.415511 0.056763 0.058680
2 0.414807 0.409484 0.050394 0.052561
2 0.414807 0.409484 0.050394 0.052561
2 0.416311 0.398185 0.064754 0.068136
2 0.416308 0.395966 0.063323 0.065475
2 0.416281 0.395990 0.063580 0.065828
2 0.416416 0.388481 0.061068 0.064745
2 0.416706 0.384638 0.059490 0.062946
2 0.416706 0.384638 0.059490 0.062946
2 0.417771 0.378035 0.067376 0.071576
2 0.417890 0.372831 0.068498 0.071543
2 0.417890 0.372832 0.068498 0.071543
2 0.417646 0.365926 0.062384 0.065342
2 0.417660 0.360968 0.052017 0.053970
2 0.417657 0.360976 0.053167 0.054748
2 0.417546 0.353743 0.053181 0.054716
2 0.417186 0.351598 0.047406 0.049725
2 0.417233 0.351492 0.048436 0.051101
2 0.417304 0.344907 0.053845 0.057208
2 0.417340 0.338606 0.054410 0.057622
2 0.417340 0.338606 0.054410 0.057622
2 0.416345 0.330595 0.041306 0.042623
2 0.416365 0.326058 0.046072 0.048469
2 0.416365 0.326058 0.046072 0.048469
2 0.416013 0.318756 0.040187 0.041295
2 0.415916 0.314283 0.045678 0.047298
2 0.415975 0.314332 0.047705 0.049129
2 0.415456 0.306270 0.056858 0.061329
2 0.415256 0.300319 0.053021 0.057256
2 0.415256 0.300319 0.053021 0.057256
2 0.415396 0.291010 0.054323 0.057489
2 0.415459 0.285249 0.056650 0.059940
2 0.415459 0.285249 0.056650 0.059940
2 0.414615 0.272104 0.040311 0.042725
2 0.415424 0.269267 0.056098 0.060831
2 0.415424 0.269267 0.056098 0.060831
2 0.415412 0.256731 0.053185 0.057633
2 0.415736 0.252783 0.032646 0.033992
2 0.415686 0.252757 0.030697 0.031641
2 0.415799 0.239443 0.030636 0.031602
2 0.416211 0.236654 0.034688 0.035667
2 0.416211 0.236654 0.034688 0.035667
2 0.417136 0.227389 0.045150 0.048343
2 0.417137 0.220002 0.042610 0.045705
2 0.417163 0.220000 0.043414 0.046586
2 0.418014 0.209163 0.039112 0.040205
2 0.418571 0.202641 0.054722 0.059667
2 0.418581 0.202642 0.054616 0.059563
2 0.423480 0.185863 0.056250 0.060547
2 0.422414 0.179394 0.054688 0.056641
2 0.421287 0.180920 0.053125 0.054688
2 0.421829 0.167135 0.059375 0.064453
2 0.423056 0.160723 0.035937 0.037109
2 0.422985 0.162113 0.035937 0.037109
2 0.425708 0.152349 0.046875 0.048828
2 0.427616 0.149785 0.037500 0.039062
2 0.425136 0.147408 0.032813 0.035156
2 0.426900 0.134069 0.034375 0.037109
2 0.428117 0.127932 0.043816 0.037109
2 0.427682 0.130833 0.035937 0.037109
2 0.425221 0.111622 0.046875 0.048828
2 0.432029 0.104869 0.037500 0.039062
2 0.430858 0.106333 0.037500 0.039062
2 0.430469 0.090820 0.045312 0.048828
