2 0.673438 0.568359 0.059375 0.046875
2 0.675023 0.556521 0.059334 0.046902
2 0.676516 0.544305 0.058893 0.046554
2 0.677864 0.531699 0.059085 0.046882
2 0.679061 0.518982 0.058874 0.046549
2 0.680062 0.505954 0.059130 0.046736
2 0.681119 0.493054 0.058967 0.046859
2 0.682058 0.480062 0.058822 0.046506
2 0.682890 0.467438 0.059108 0.046922
2 0.683732 0.455156 0.058987 0.046711
2 0.684574 0.442979 0.058821 0.046499
2 0.685372 0.431332 0.058794 0.046552
2 0.686085 0.420138 0.059161 0.046948
2 0.686834 0.409310 0.058899 0.046618
2 0.687491 0.398780 0.059165 0.047079
2 0.688129 0.388600 0.059031 0.046624
2 0.688600 0.378916 0.059021 0.046881
2 0.689168 0.369652 0.059199 0.047014
2 0.689604 0.360815 0.058935 0.046584
2 0.690208 0.352307 0.059118 0.047015
2 0.690629 0.344413 0.059199 0.047090
2 0.691387 0.338433 0.059161 0.046823
2 0.691662 0.329693 0.058773 0.046534
2 0.691526 0.323902 0.058820 0.046499
2 0.692598 0.316980 0.059223 0.046846
2 0.693372 0.312716 0.059141 0.047046
2 0.693948 0.306411 0.058964 0.046652
2 0.695474 0.300126 0.058864 0.046557
2 0.696302 0.296251 0.058789 0.046517
2 0.696094 0.290764 0.058863 0.046485
2 0.697267 0.288334 0.058919 0.046550
2 0.697384 0.284488 0.058955 0.046623
2 0.697288 0.282385 0.058935 0.046557
2 0.697360 0.280085 0.059022 0.046600
2 0.697234 0.278686 0.058837 0.046506
2 0.698006 0.275347 0.058909 0.046748
2 0.697832 0.274657 0.058709 0.046427
2 0.698669 0.273751 0.059108 0.046801
2 0.699515 0.273716 0.059026 0.046845
2 0.699334 0.271508 0.058948 0.046650
2 0.700218 0.271967 0.059098 0.046797
2 0.700042 0.272255 0.059006 0.046814
2 0.701145 0.273205 0.058791 0.046599
2 0.701169 0.272799 0.058718 0.046518
2 0.702725 0.272780 0.058735 0.046536
2 0.702956 0.272752 0.058755 0.046599
2 0.704407 0.275364 0.058904 0.046754
2 0.704561 0.275814 0.059013 0.046872
2 0.704897 0.277114 0.058815 0.046446
2 0.706201 0.278095 0.058981 0.046824
2 0.706986 0.282019 0.058961 0.046558
2 0.707582 0.284585 0.058622 0.046444
2 0.708124 0.287550 0.059041 0.046646
2 0.708716 0.290864 0.058760 0.046402
2 0.709404 0.294244 0.058705 0.046450
2 0.709939 0.298030 0.058972 0.046693
2 0.710729 0.301963 0.058731 0.046584
2 0.711411 0.306102 0.058962 0.046728
2 0.711970 0.310545 0.058902 0.046621
2 0.712671 0.315182 0.059047 0.046709
2 0.713256 0.320097 0.058922 0.046616
2 0.713950 0.325158 0.058903 0.046725
2 0.714530 0.330482 0.059133 0.046712
2 0.715005 0.336189 0.059046 0.046738
2 0.715618 0.341930 0.059053 0.046843
2 0.716054 0.347756 0.059070 0.046650
2 0.716579 0.353855 0.059021 0.046735
2 0.717019 0.359846 0.059030 0.046905
2 0.717459 0.366550 0.058802 0.046498
2 0.717880 0.373042 0.058968 0.046630
2 0.718372 0.379627 0.058883 0.046710
2 0.718817 0.386347 0.058609 0.046278
2 0.719229 0.393065 0.059110 0.046748
2 0.719787 0.399809 0.058549 0.046226
2 0.720193 0.406625 0.058895 0.046767
2 0.720619 0.413286 0.058869 0.046592
2 0.721100 0.419650 0.058829 0.046582
2 0.721581 0.426001 0.058914 0.046805
2 0.722113 0.432370 0.058940 0.046576
2 0.722587 0.438330 0.058913 0.046574
2 0.723155 0.444175 0.058809 0.046709
2 0.723640 0.450000 0.058835 0.046527
2 0.724110 0.455729 0.058854 0.046513
2 0.724786 0.461292 0.058773 0.046715
2 0.725235 0.466755 0.058638 0.046293
2 0.725690 0.472031 0.058599 0.046458
2 0.726345 0.477096 0.058510 0.046492
2 0.726906 0.481991 0.058392 0.046271
2 0.727468 0.486780 0.058439 0.046228
2 0.728245 0.491649 0.058026 0.045820
2 0.728820 0.496228 0.058476 0.046232
2 0.729622 0.500661 0.058428 0.046436
2 0.730293 0.504844 0.058422 0.046226
2 0.731065 0.508915 0.058095 0.046107
2 0.731772 0.512832 0.058334 0.046229
2 0.732578 0.516821 0.057870 0.045803
2 0.733355 0.520780 0.058216 0.046163
2 0.734173 0.524757 0.057767 0.045742
2 0.734925 0.528763 0.057887 0.045822
2 0.735773 0.532655 0.057564 0.045865
2 0.736450 0.536510 0.057375 0.045535
2 0.737174 0.540345 0.057159 0.045787
2 0.737834 0.543934 0.057149 0.045816
2 0.738549 0.547611 0.057176 0.046243
2 0.739227 0.550958 0.056906 0.046128
2 0.739935 0.554560 0.056646 0.045860
2 0.740579 0.558077 0.056250 0.045588
2 0.741190 0.561704 0.056071 0.045220
2 0.741794 0.565225 0.056117 0.045406
2 0.742368 0.568680 0.055654 0.044916
2 0.742851 0.571934 0.054978 0.044031
2 0.743353 0.575131 0.054318 0.043336
2 0.743464 0.578316 0.053392 0.042237
2 0.746987 0.586527 0.051562 0.041016
2 0.748153 0.590741 0.051562 0.041016
2 0.748385 0.592905 0.051562 0.041016
2 0.747716 0.597366 0.050000 0.041016
2 0.744666 0.603322 0.050000 0.041016
2 0.751040 0.605801 0.050000 0.041016
2 0.747605 0.607412 0.050000 0.041016
2 0.747847 0.611421 0.048438 0.041016
2 0.748060 0.611686 0.048438 0.041016
2 0.748399 0.617151 0.046875 0.041016
2 0.745470 0.622286 0.045312 0.041016
2 0.745155 0.624449 0.045312 0.041016
2 0.744292 0.625066 0.045312 0.041016
2 0.748340 0.630270 0.043750 0.041016
2 0.747656 0.632812 0.051562 0.035156
2 0.747656 0.636719 0.051562 0.027344
2 0.750781 0.638672 0.045312 0.027344
2 0.750000 0.639648 0.046875 0.025391
2 0.749219 0.645508 0.045312 0.037109
2 0.746875 0.649414 0.050000 0.025391
2 0.744531 0.653320 0.045312 0.033203
2 0.743750 0.654297 0.046875 0.031250
2 0.747656 0.657227 0.054688 0.037109
2 0.746094 0.661133 0.057813 0.029297
2 0.742969 0.664062 0.051562 0.035156
2 0.745313 0.666992 0.046875 0.029297
2 0.746094 0.669922 0.048438 0.035156
2 0.747656 0.674805 0.045312 0.025391
2 0.747656 0.676758 0.042188 0.029297
2 0.746875 0.679688 0.043750 0.023438
2 0.746875 0.684570 0.043750 0.033203
2 0.746875 0.686523 0.043750 0.029297
2 0.746094 0.689453 0.042188 0.035156
2 0.747656 0.692383 0.039062 0.029297
2 0.752344 0.698242 0.048438 0.041016
2 0.751563 0.700195 0.050000 0.037109
2 0.747656 0.703125 0.042188 0.042969
2 0.742969 0.707031 0.051562 0.031250
2 0.743750 0.711914 0.053125 0.041016
2 0.743750 0.713867 0.053125 0.037109
2 0.744531 0.716797 0.054688 0.042969
2 0.746875 0.720703 0.050000 0.035156
2 0.747656 0.723633 0.051562 0.041016
2 0.743750 0.725586 0.059375 0.037109
2 0.741406 0.730469 0.054688 0.046875
2 0.742188 0.735352 0.053125 0.029297
2 0.737500 0.735352 0.046875 0.037109
2 0.740625 0.736328 0.043750 0.031250
2 0.740625 0.739258 0.046875 0.041016
2 0.737500 0.740234 0.056250 0.039062
2 0.735156 0.741211 0.051562 0.041016
2 0.737500 0.746094 0.046875 0.031250
2 0.738281 0.748047 0.048438 0.035156
2 0.737500 0.747070 0.053125 0.037109
2 0.736719 0.745117 0.051562 0.037109
2 0.733594 0.745117 0.060937 0.037109
2 0.733594 0.747070 0.060937 0.041016
2 0.735156 0.747070 0.057813 0.041016
2 0.730469 0.749023 0.051562 0.044922
2 0.730469 0.749023 0.054688 0.044922
2 0.731250 0.750000 0.056250 0.046875
2 0.731250 0.749023 0.056250 0.044922
2 0.726562 0.745117 0.046875 0.037109
2 0.727344 0.744141 0.045312 0.035156
2 0.727344 0.744141 0.045312 0.035156
2 0.725000 0.744141 0.050000 0.035156
2 0.724219 0.744141 0.051562 0.035156
2 0.721094 0.738281 0.048438 0.035156
2 0.720313 0.739258 0.046875 0.037109
2 0.720313 0.739258 0.050000 0.037109
2 0.717187 0.740234 0.046875 0.039062
2 0.714844 0.739258 0.051562 0.041016
2 0.717187 0.741211 0.056250 0.044922
2 0.716406 0.737305 0.057813 0.048828
2 0.710156 0.733398 0.045312 0.041016
2 0.710156 0.735352 0.048438 0.037109
2 0.707031 0.731445 0.045312 0.033203
2 0.712500 0.731445 0.037500 0.033203
2 0.710156 0.729492 0.032813 0.029297
2 0.709375 0.725586 0.040625 0.033203
2 0.710156 0.726562 0.042188 0.035156
2 0.703125 0.724609 0.056250 0.039062
2 0.703125 0.723633 0.056250 0.041016
2 0.707031 0.725586 0.048438 0.037109
2 0.705469 0.724609 0.045312 0.035156
2 0.705469 0.724609 0.045312 0.035156
2 0.706250 0.723633 0.050000 0.041016
2 0.700000 0.718750 0.059375 0.039062
2 0.695312 0.717773 0.050000 0.041016
2 0.699219 0.720703 0.045312 0.035156
2 0.697656 0.717773 0.042188 0.033203
2 0.695312 0.711914 0.043750 0.033203
2 0.696875 0.709961 0.043750 0.033203
2 0.692969 0.706055 0.051562 0.029297
2 0.689844 0.709961 0.048438 0.037109
2 0.689844 0.707031 0.048438 0.039062
2 0.691406 0.706055 0.048438 0.041016
2 0.690625 0.707031 0.050000 0.035156
2 0.686719 0.707031 0.042188 0.035156
2 0.688281 0.705078 0.039062 0.035156
2 0.690625 0.701172 0.043750 0.031250
2 0.687500 0.700195 0.050000 0.033203
2 0.684375 0.700195 0.043750 0.033203
2 0.682813 0.701172 0.050000 0.031250
2 0.682813 0.703125 0.050000 0.035156
2 0.684375 0.700195 0.046875 0.041016
2 0.682031 0.697266 0.042188 0.035156
2 0.682031 0.696289 0.042188 0.037109
2 0.682031 0.693359 0.042188 0.031250
2 0.681250 0.692383 0.043750 0.033203
2 0.681250 0.692383 0.043750 0.033203
2 0.680469 0.691406 0.045312 0.035156
2 0.678125 0.690430 0.040625 0.033203
2 0.675000 0.685547 0.046875 0.042969
2 0.675000 0.682617 0.046875 0.037109
2 0.671875 0.673828 0.053125 0.046875
2 0.667969 0.674805 0.042188 0.044922
2 0.667969 0.679688 0.042188 0.035156
2 0.667969 0.679688 0.042188 0.035156
2 0.666406 0.674805 0.045312 0.044922
2 0.667969 0.671875 0.048438 0.039062
2 0.668750 0.666016 0.043750 0.039062
2 0.670312 0.666016 0.050000 0.042969
2 0.669531 0.665039 0.051562 0.037109
2 0.667188 0.666992 0.046875 0.041016
2 0.672656 0.665039 0.042188 0.041016
2 0.670313 0.661133 0.037500 0.033203
2 0.668750 0.661133 0.043750 0.033203
2 0.670312 0.662109 0.046875 0.035156
2 0.670312 0.660156 0.046875 0.039062
2 0.671094 0.659180 0.048438 0.037109
2 0.670312 0.656250 0.050000 0.042969
2 0.671875 0.652344 0.053125 0.035156
2 0.672656 0.651367 0.051562 0.033203
2 0.667969 0.654297 0.042188 0.039062
2 0.669531 0.649414 0.042188 0.048828
2 0.671875 0.647461 0.046875 0.048828
2 0.668750 0.640625 0.040625 0.035156
2 0.668767 0.638697 0.043432 0.038336
2 0.668790 0.636379 0.048896 0.045517
2 0.668599 0.634271 0.045733 0.044831
2 0.668619 0.631772 0.048521 0.050288
2 0.668440 0.629304 0.040740 0.040980
2 0.668138 0.626851 0.035450 0.035681
2 0.667884 0.624757 0.035512 0.035391
2 0.667882 0.622460 0.040182 0.041091
2 0.667426 0.620686 0.047737 0.046308
2 0.667015 0.618649 0.047299 0.047571
2 0.666739 0.616470 0.045917 0.049029
2 0.666637 0.613966 0.045014 0.048875
2 0.666057 0.612088 0.047817 0.049363
2 0.665304 0.610009 0.044418 0.047256
2 0.664943 0.607917 0.040907 0.043135
2 0.664523 0.605999 0.042760 0.042318
2 0.663926 0.604163 0.045797 0.043052
2 0.663363 0.601926 0.038134 0.039392
2 0.662961 0.600010 0.040359 0.040531
2 0.662420 0.598146 0.042599 0.039635
2 0.661966 0.596009 0.036956 0.037483
2 0.661652 0.594099 0.037624 0.038005
2 0.661098 0.592405 0.044177 0.041892
2 0.660654 0.590341 0.040836 0.042115
2 0.660294 0.588390 0.039392 0.042828
2 0.659761 0.586732 0.045663 0.047954
2 0.659044 0.584902 0.044106 0.049754
2 0.658770 0.582957 0.040901 0.046464
2 0.658354 0.581183 0.041517 0.044735
2 0.657413 0.579232 0.037321 0.040674
2 0.656982 0.577250 0.037539 0.041166
2 0.656293 0.575690 0.041078 0.039784
2 0.655778 0.573560 0.034706 0.036705
2 0.655545 0.571622 0.034466 0.036572
2 0.655090 0.569833 0.036657 0.036929
2 0.654547 0.568010 0.037158 0.036526
2 0.654222 0.566081 0.032394 0.033853
2 0.653800 0.564195 0.032464 0.034280
2 0.653276 0.562231 0.037664 0.035833
2 0.653055 0.560281 0.039924 0.038946
2 0.653067 0.558090 0.041441 0.043808
2 0.652614 0.556110 0.038391 0.042707
2 0.652636 0.553908 0.048318 0.055487
2 0.652469 0.551953 0.056349 0.064739
2 0.652260 0.549841 0.057808 0.063910
2 0.651617 0.547539 0.055032 0.049409
2 0.651268 0.545531 0.050177 0.046990
2 0.651268 0.543172 0.042995 0.041656
2 0.651314 0.541039 0.042313 0.042361
2 0.651356 0.538846 0.041281 0.042634
2 0.651326 0.536981 0.039321 0.040723
