2 0.311719 0.055664 0.098437 0.068359
2 0.311506 0.063592 0.098348 0.068328
2 0.311206 0.072472 0.099457 0.069357
2 0.311096 0.077169 0.099048 0.068952
2 0.311127 0.086935 0.099481 0.070102
2 0.311250 0.091896 0.099309 0.070677
2 0.311189 0.102684 0.099377 0.070354
2 0.311119 0.108534 0.099730 0.070638
2 0.311204 0.120084 0.100775 0.071846
2 0.311588 0.132349 0.101748 0.072942
2 0.311770 0.138814 0.101533 0.072621
2 0.311881 0.152310 0.101982 0.072362
2 0.312246 0.166573 0.101503 0.072052
2 0.312421 0.173615 0.102116 0.073132
2 0.312670 0.188523 0.100551 0.070792
2 0.312757 0.203655 0.101212 0.071424
2 0.312729 0.219166 0.100067 0.069649
2 0.312734 0.227227 0.100573 0.070164
2 0.312622 0.250879 0.100713 0.070456
2 0.312517 0.258727 0.100647 0.069988
2 0.312119 0.274322 0.100772 0.070263
2 0.312012 0.281984 0.100736 0.070241
2 0.311770 0.297317 0.100821 0.070537
2 0.311362 0.304934 0.100867 0.070162
2 0.310667 0.319859 0.101757 0.071088
2 0.310240 0.327419 0.100847 0.070054
2 0.309367 0.342275 0.100806 0.070947
2 0.308912 0.349763 0.100798 0.070330
2 0.307663 0.364708 0.101305 0.070836
2 0.306520 0.379731 0.101001 0.070314
2 0.305036 0.394599 0.100967 0.070393
2 0.304234 0.401794 0.101095 0.070414
2 0.302643 0.416681 0.101390 0.070811
2 0.301742 0.423558 0.101833 0.070807
2 0.300093 0.437525 0.102774 0.071834
2 0.298808 0.451246 0.103392 0.072983
2 0.298097 0.457712 0.103192 0.072922
2 0.297189 0.471119 0.103588 0.073428
2 0.296731 0.477300 0.103133 0.072657
2 0.296365 0.490340 0.103936 0.073971
2 0.296066 0.496695 0.103500 0.073307
2 0.295922 0.508962 0.103337 0.072949
2 0.295861 0.515204 0.104459 0.074321
2 0.295894 0.527646 0.103512 0.073245
2 0.296079 0.539858 0.102469 0.072474
2 0.296206 0.546231 0.102246 0.072158
2 0.296403 0.558398 0.101978 0.072059
2 0.296433 0.570758 0.100811 0.070686
2 0.296375 0.576662 0.100176 0.069974
2 0.296206 0.588350 0.100178 0.070223
2 0.296117 0.593948 0.100262 0.070118
2 0.295466 0.604461 0.100942 0.070772
2 0.294958 0.609627 0.101315 0.071419
2 0.294078 0.619370 0.101204 0.071376
2 0.293120 0.628329 0.102438 0.072702
2 0.292557 0.632449 0.102111 0.072272
2 0.291641 0.640055 0.102581 0.072716
2 0.291195 0.644104 0.102309 0.072574
2 0.290121 0.651165 0.102179 0.072183
2 0.289713 0.654390 0.102801 0.072977
2 0.288840 0.660842 0.101490 0.071247
2 0.288419 0.663775 0.102611 0.072971
2 0.287624 0.669517 0.102330 0.072518
2 0.287131 0.674852 0.101437 0.071281
2 0.286807 0.679891 0.102056 0.072461
2 0.286666 0.682503 0.100967 0.070934
2 0.286698 0.686753 0.101544 0.071643
2 0.286781 0.688850 0.101457 0.071282
2 0.287365 0.692787 0.101044 0.070362
2 0.287689 0.694402 0.100441 0.070221
2 0.288599 0.697937 0.100239 0.070029
2 0.289111 0.699197 0.100859 0.070658
2 0.290666 0.701772 0.100135 0.069884
2 0.291640 0.702879 0.100834 0.070888
2 0.293360 0.704489 0.100794 0.070632
2 0.294377 0.705595 0.100281 0.070253
2 0.296632 0.706803 0.100944 0.070497
2 0.297919 0.707164 0.099803 0.069394
2 0.300634 0.708146 0.099736 0.069614
2 0.303675 0.708261 0.099938 0.069798
2 0.307018 0.708336 0.099769 0.069495
2 0.308846 0.708252 0.099555 0.069168
2 0.312638 0.707649 0.099463 0.069336
2 0.316722 0.706705 0.099832 0.069440
2 0.318777 0.706083 0.099677 0.069553
2 0.323300 0.704994 0.099869 0.069834
2 0.327980 0.703160 0.099623 0.070195
2 0.332822 0.701524 0.099290 0.070420
2 0.338004 0.699233 0.098942 0.069761
2 0.340502 0.698202 0.099470 0.070467
2 0.345985 0.695489 0.098739 0.069952
2 0.348492 0.694206 0.099270 0.070277
2 0.354049 0.691592 0.098691 0.070002
2 0.356898 0.690119 0.098605 0.069875
2 0.362487 0.687200 0.098721 0.069860
2 0.365315 0.685956 0.098210 0.069926
2 0.371101 0.682501 0.097968 0.069249
2 0.374014 0.680947 0.098056 0.068967
2 0.379606 0.677532 0.098570 0.069796
2 0.382430 0.675826 0.098328 0.070027
2 0.388303 0.672492 0.097719 0.069450
2 0.393746 0.668352 0.097861 0.069879
2 0.396427 0.666493 0.097827 0.069718
2 0.402009 0.662483 0.097590 0.069389
2 0.404414 0.660392 0.098020 0.070027
2 0.409585 0.656462 0.097871 0.069821
2 0.411988 0.654448 0.097865 0.069770
2 0.416755 0.650352 0.098274 0.069920
2 0.421462 0.646239 0.097896 0.069278
2 0.423800 0.643756 0.097589 0.068903
2 0.428229 0.639964 0.097714 0.068962
2 0.430284 0.637695 0.097393 0.068758
2 0.434231 0.633435 0.097620 0.069492
2 0.436237 0.631326 0.097179 0.068994
2 0.439900 0.626600 0.097543 0.068640
2 0.441560 0.624397 0.097582 0.068675
2 0.444637 0.619844 0.097312 0.068997
2 0.447543 0.615076 0.097445 0.068742
2 0.448867 0.612575 0.097429 0.068664
2 0.451296 0.607625 0.097390 0.069427
2 0.452404 0.605222 0.097403 0.068661
2 0.454344 0.600156 0.097313 0.069289
2 0.455412 0.597248 0.097346 0.068468
2 0.457037 0.592345 0.096965 0.068788
2 0.458607 0.586518 0.096992 0.068793
2 0.459233 0.583899 0.097554 0.069066
2 0.460348 0.578144 0.097117 0.068802
2 0.461389 0.572352 0.096746 0.068324
2 0.462306 0.566405 0.097344 0.068970
2 0.462853 0.563329 0.096859 0.068307
2 0.463719 0.557545 0.097255 0.068687
2 0.464193 0.554483 0.097057 0.068140
2 0.465189 0.548141 0.097309 0.068426
2 0.465547 0.545180 0.096986 0.068829
2 0.466719 0.538730 0.097155 0.068301
2 0.467322 0.535427 0.096537 0.068410
2 0.468719 0.529152 0.097080 0.068313
2 0.469921 0.522632 0.097169 0.068405
2 0.470854 0.519587 0.096615 0.067969
2 0.472441 0.513054 0.096819 0.067825
2 0.473166 0.509838 0.097028 0.068576
2 0.476347 0.499693 0.097266 0.068448
2 0.478443 0.493373 0.096584 0.067708
2 0.479818 0.490026 0.096748 0.067860
2 0.482163 0.483292 0.096799 0.068213
2 0.483532 0.480074 0.096840 0.067845
2 0.486297 0.473077 0.096179 0.067915
2 0.487738 0.469867 0.096478 0.067636
2 0.490766 0.462797 0.096607 0.067873
2 0.492317 0.459460 0.096401 0.068188
2 0.495370 0.452565 0.096859 0.067956
2 0.496903 0.449068 0.096838 0.068053
2 0.500261 0.442234 0.096417 0.067785
2 0.503694 0.435369 0.096621 0.067712
2 0.505228 0.432065 0.096380 0.068142
2 0.508605 0.425455 0.096840 0.068057
2 0.510205 0.422332 0.096474 0.068400
2 0.513293 0.415730 0.096802 0.068058
2 0.516371 0.409587 0.096784 0.068001
2 0.519078 0.403799 0.096558 0.067657
2 0.520491 0.401029 0.096243 0.068118
2 0.523004 0.395403 0.096819 0.068413
2 0.524171 0.392515 0.096658 0.068065
2 0.526259 0.387184 0.096726 0.068886
2 0.528008 0.382183 0.097036 0.068537
2 0.528903 0.379720 0.096659 0.068405
2 0.530453 0.374616 0.096836 0.068203
2 0.530836 0.372215 0.096905 0.068526
2 0.531477 0.367508 0.096199 0.068248
2 0.531892 0.365056 0.096663 0.068155
2 0.532289 0.360685 0.096908 0.068401
2 0.532536 0.356061 0.096712 0.068904
2 0.532545 0.353950 0.096610 0.068847
2 0.532315 0.349776 0.096554 0.068398
2 0.531874 0.345477 0.096654 0.067989
2 0.531585 0.343382 0.096579 0.067798
2 0.530534 0.337265 0.096830 0.068238
2 0.530105 0.335230 0.096578 0.067884
2 0.528514 0.329429 0.096527 0.067846
2 0.527376 0.325507 0.096771 0.068215
2 0.525947 0.321886 0.096819 0.068247
2 0.525156 0.320061 0.096585 0.067920
2 0.523502 0.316703 0.096235 0.068250
2 0.521865 0.313500 0.096649 0.068254
2 0.520975 0.311723 0.096544 0.067861
2 0.519334 0.308625 0.096405 0.067949
2 0.518436 0.307077 0.096633 0.068722
2 0.516971 0.303406 0.096744 0.068583
2 0.515331 0.300196 0.096882 0.068242
2 0.514695 0.298339 0.096561 0.067725
2 0.513043 0.294768 0.096464 0.067756
2 0.512209 0.292962 0.096792 0.068701
2 0.510385 0.289536 0.096528 0.068735
2 0.509508 0.288043 0.096515 0.068053
2 0.507597 0.284621 0.097013 0.068500
2 0.505736 0.281130 0.096855 0.068465
2 0.505019 0.279648 0.096250 0.068263
2 0.502780 0.276528 0.096988 0.068690
2 0.501660 0.275247 0.096633 0.068137
2 0.499461 0.272591 0.096827 0.068382
2 0.497222 0.270064 0.096172 0.067935
2 0.496269 0.268970 0.096779 0.068123
2 0.493868 0.266651 0.096522 0.067959
2 0.491700 0.264946 0.096835 0.068324
2 0.490352 0.264092 0.096786 0.069029
2 0.488066 0.262488 0.096435 0.068009
2 0.486945 0.261462 0.096767 0.068180
2 0.484641 0.260101 0.096084 0.067880
2 0.483374 0.259560 0.096348 0.067642
2 0.480978 0.258626 0.096645 0.068377
2 0.479856 0.258146 0.096093 0.067945
2 0.477257 0.257296 0.096494 0.067768
2 0.476033 0.256916 0.096601 0.068134
2 0.473627 0.256569 0.096091 0.067680
2 0.471224 0.255813 0.096506 0.068072
2 0.469996 0.255733 0.096660 0.068095
2 0.467790 0.255537 0.096212 0.067358
2 0.465531 0.255139 0.096581 0.067956
2 0.464545 0.255146 0.096103 0.067284
2 0.462627 0.254890 0.096078 0.067396
2 0.460689 0.254788 0.096730 0.068261
2 0.459125 0.254846 0.096721 0.068255
2 0.458310 0.254964 0.096079 0.067370
2 0.456956 0.255083 0.096234 0.067519
2 0.455732 0.254890 0.096487 0.067927
2 0.455247 0.254962 0.096040 0.067327
2 0.454434 0.254913 0.096622 0.068118
2 0.454139 0.254852 0.096474 0.067936
2 0.453545 0.254899 0.096039 0.067267
2 0.453525 0.254898 0.095968 0.067210
2 0.453294 0.254755 0.096041 0.067422
2 0.453178 0.254803 0.096045 0.067424
2 0.453192 0.254653 0.096009 0.067576
2 0.453406 0.254660 0.095761 0.067189
2 0.453665 0.254662 0.096006 0.067516
2 0.454255 0.254550 0.096354 0.068110
2 0.454467 0.254566 0.096424 0.068297
2 0.455359 0.254186 0.095839 0.067673
2 0.455552 0.254630 0.096217 0.067954
2 0.456594 0.254246 0.095555 0.067383
2 0.457317 0.254259 0.096152 0.068215
2 0.458374 0.254293 0.095672 0.067506
2 0.458822 0.254191 0.096156 0.068207
2 0.459743 0.254780 0.095910 0.067378
2 0.460724 0.254678 0.096322 0.068118
2 0.461625 0.254825 0.096054 0.067576
2 0.462043 0.255241 0.096529 0.068020
2 0.462942 0.255681 0.096007 0.067277
2 0.463295 0.256394 0.096009 0.067896
2 0.464029 0.256596 0.096043 0.067723
2 0.464779 0.257534 0.096189 0.067441
2 0.465066 0.258033 0.096198 0.068232
2 0.465498 0.258994 0.096548 0.068140
2 0.465839 0.259422 0.096129 0.067382
2 0.466190 0.260568 0.096009 0.067661
2 0.466562 0.262151 0.096076 0.068284
2 0.466577 0.262714 0.096408 0.068142
2 0.466735 0.264096 0.096203 0.068543
2 0.466792 0.264862 0.096551 0.068231
2 0.466812 0.266435 0.096404 0.068427
2 0.466901 0.267103 0.096639 0.068311
2 0.466874 0.268746 0.096575 0.068405
2 0.466802 0.269717 0.096247 0.068574
2 0.466693 0.271564 0.096054 0.068134
2 0.466538 0.272443 0.096227 0.068118
2 0.466191 0.274475 0.095952 0.067704
2 0.466145 0.276356 0.095899 0.067614
2 0.465978 0.277010 0.095944 0.067392
2 0.465894 0.278973 0.095974 0.067446
2 0.465742 0.279998 0.095791 0.067826
2 0.465714 0.281990 0.095849 0.067875
2 0.465814 0.282926 0.095928 0.067484
2 0.466004 0.284491 0.095932 0.067478
2 0.466036 0.285807 0.095781 0.067856
2 0.466360 0.287705 0.096062 0.068325
2 0.466518 0.289126 0.096332 0.068495
2 0.466918 0.290273 0.096987 0.068964
2 0.467559 0.291883 0.096160 0.068195
2 0.467793 0.293063 0.096122 0.068382
2 0.468062 0.293931 0.096583 0.068717
2 0.469047 0.296312 0.096206 0.067990
2 0.469456 0.297001 0.096244 0.068595
2 0.470242 0.298642 0.096880 0.069013
2 0.470738 0.299347 0.095947 0.068427
2 0.471643 0.300936 0.096821 0.069437
2 0.472313 0.301708 0.096169 0.068116
2 0.473212 0.303141 0.096577 0.069308
2 0.473957 0.303591 0.096098 0.068098
2 0.474750 0.305207 0.096620 0.069357
2 0.475605 0.305829 0.096225 0.068078
2 0.476588 0.307360 0.096200 0.068533
2 0.477645 0.308838 0.096449 0.069102
2 0.478442 0.309348 0.095986 0.068131
2 0.479508 0.310767 0.096566 0.069313
2 0.480322 0.311519 0.096257 0.068217
2 0.481451 0.312628 0.095917 0.068244
2 0.482005 0.313523 0.096422 0.068502
2 0.483433 0.314948 0.095990 0.068605
2 0.484561 0.315970 0.096283 0.068162
2 0.485750 0.317527 0.097030 0.069363
2 0.486545 0.318030 0.096449 0.068354
2 0.486913 0.319051 0.096584 0.069171
2 0.488130 0.320536 0.096055 0.068567
2 0.488639 0.321106 0.096778 0.069337
2 0.489759 0.323060 0.096321 0.068653
2 0.490420 0.324568 0.096563 0.069513
2 0.491116 0.325621 0.096276 0.068076
2 0.491722 0.327595 0.096850 0.068935
2 0.492516 0.329913 0.096225 0.068177
2 0.492886 0.331101 0.096381 0.068471
2 0.493337 0.333540 0.096943 0.069114
