2 0.860156 0.800781 0.110937 0.074219
2 0.858814 0.795420 0.110285 0.073945
2 0.858679 0.792533 0.110821 0.074599
2 0.857551 0.787219 0.110761 0.074331
2 0.856792 0.784300 0.111092 0.074994
2 0.855934 0.778849 0.111294 0.074955
2 0.854483 0.772950 0.111956 0.076852
2 0.852761 0.766483 0.111501 0.076348
2 0.852471 0.763296 0.111294 0.076702
2 0.850809 0.756620 0.111091 0.076773
2 0.849105 0.749742 0.111605 0.077788
2 0.847434 0.741607 0.111263 0.078068
2 0.847076 0.738166 0.111254 0.078469
2 0.845356 0.729872 0.111130 0.078191
2 0.843852 0.721598 0.110918 0.078573
2 0.843423 0.717590 0.110386 0.077911
2 0.842104 0.709761 0.109956 0.077419
2 0.840626 0.701565 0.110515 0.078255
2 0.839983 0.697251 0.109810 0.076610
2 0.838806 0.689437 0.109908 0.076755
2 0.837939 0.684845 0.110257 0.076814
2 0.836808 0.676840 0.109129 0.075020
2 0.836075 0.672682 0.108782 0.074705
2 0.834893 0.664351 0.108418 0.073459
2 0.834334 0.660149 0.107872 0.072590
2 0.833208 0.652135 0.107886 0.072341
2 0.831878 0.643634 0.107867 0.072203
2 0.830675 0.635386 0.108265 0.073128
2 0.829945 0.631285 0.109249 0.074081
2 0.828677 0.623076 0.109766 0.075896
2 0.827974 0.618917 0.110051 0.076618
2 0.826620 0.610762 0.111030 0.078343
2 0.825019 0.602451 0.110471 0.078638
2 0.824254 0.598467 0.110803 0.078948
2 0.822751 0.590178 0.110177 0.077843
2 0.821646 0.586083 0.110079 0.077805
2 0.819853 0.577360 0.110232 0.077961
2 0.817690 0.568348 0.109751 0.077346
2 0.815873 0.559618 0.109480 0.076841
2 0.814533 0.554471 0.108766 0.076139
2 0.812503 0.545257 0.107762 0.074033
2 0.811272 0.539935 0.107419 0.073373
2 0.808955 0.530036 0.107181 0.072934
2 0.807819 0.524405 0.106586 0.072113
2 0.805477 0.513854 0.106571 0.071961
2 0.804212 0.507723 0.106537 0.072376
2 0.801838 0.496994 0.105880 0.071307
2 0.799465 0.485652 0.105894 0.071336
2 0.798235 0.480174 0.104992 0.070302
2 0.795907 0.468266 0.105131 0.071100
2 0.793563 0.456865 0.105724 0.072233
2 0.792400 0.450558 0.105078 0.071737
2 0.790108 0.438131 0.105218 0.072357
2 0.788961 0.432093 0.104728 0.071645
2 0.786842 0.419825 0.104729 0.072008
2 0.784856 0.407671 0.103556 0.070475
2 0.783867 0.401990 0.103002 0.069609
2 0.782120 0.390183 0.103137 0.070119
2 0.781344 0.384430 0.102364 0.068909
2 0.779618 0.373079 0.102151 0.068434
2 0.778172 0.362262 0.102379 0.068937
2 0.777521 0.356831 0.102503 0.069510
2 0.776311 0.347202 0.102795 0.070468
2 0.775037 0.337346 0.103650 0.071419
2 0.774717 0.333102 0.103462 0.071734
2 0.773705 0.324525 0.104122 0.073027
2 0.773642 0.320568 0.103897 0.072761
2 0.772793 0.313250 0.103867 0.072301
2 0.772032 0.305517 0.104518 0.072952
2 0.771941 0.301943 0.104812 0.073075
2 0.771124 0.294832 0.105048 0.073633
2 0.771167 0.291206 0.104813 0.073699
2 0.770497 0.281647 0.105298 0.074028
2 0.770492 0.278775 0.105438 0.074056
2 0.770225 0.272765 0.105994 0.074954
2 0.770335 0.267439 0.106014 0.075153
2 0.770348 0.264966 0.105661 0.074920
2 0.770416 0.260735 0.105418 0.074731
2 0.770606 0.256976 0.104968 0.074354
2 0.770679 0.255372 0.104889 0.074223
2 0.770944 0.252795 0.105233 0.074473
2 0.771415 0.251017 0.105678 0.074854
2 0.771830 0.249331 0.106275 0.075257
2 0.771981 0.249208 0.106014 0.074296
2 0.772357 0.248527 0.106093 0.074064
2 0.772589 0.248858 0.105900 0.073466
2 0.773049 0.248496 0.106026 0.073280
2 0.773597 0.249315 0.106753 0.073874
2 0.773921 0.250193 0.106736 0.073747
2 0.773901 0.250976 0.107394 0.074271
2 0.774611 0.252186 0.107242 0.073943
2 0.774833 0.253419 0.107114 0.073854
2 0.774833 0.255779 0.107408 0.074175
2 0.775568 0.256468 0.107961 0.074717
2 0.775990 0.258141 0.108315 0.075286
2 0.775936 0.258811 0.108411 0.075855
2 0.776322 0.260513 0.108806 0.076602
2 0.776266 0.261405 0.108853 0.077057
2 0.776359 0.262447 0.109067 0.077321
2 0.776343 0.263040 0.109270 0.077648
2 0.776129 0.263837 0.109189 0.077358
2 0.776159 0.263915 0.108762 0.076937
2 0.776145 0.264337 0.107880 0.075909
2 0.775669 0.264376 0.107202 0.075061
2 0.775701 0.264779 0.106470 0.073665
2 0.775691 0.264599 0.106046 0.072644
2 0.775528 0.264709 0.105828 0.072602
2 0.775685 0.265359 0.105375 0.071689
2 0.775683 0.264930 0.106046 0.072951
2 0.775724 0.265375 0.106321 0.073681
2 0.776109 0.264917 0.106008 0.073571
2 0.776304 0.265351 0.105926 0.073843
2 0.776374 0.264833 0.106071 0.074143
2 0.776573 0.265352 0.106158 0.074540
2 0.776936 0.264560 0.106469 0.075231
2 0.777047 0.264747 0.106444 0.074737
2 0.777807 0.264028 0.106654 0.075256
2 0.778085 0.264006 0.107363 0.076345
2 0.778734 0.264305 0.107525 0.076934
2 0.778867 0.264267 0.107519 0.077350
2 0.779588 0.264841 0.108344 0.078661
2 0.780273 0.265543 0.108706 0.079778
2 0.781087 0.266362 0.109415 0.080853
2 0.781831 0.267733 0.109400 0.081114
2 0.782513 0.269332 0.110168 0.082080
2 0.783087 0.270430 0.109882 0.081403
2 0.784006 0.272020 0.110562 0.082235
2 0.784380 0.273222 0.110592 0.082425
2 0.785106 0.275073 0.111144 0.083220
2 0.785536 0.276793 0.111190 0.083450
2 0.786036 0.278917 0.111066 0.083288
2 0.786428 0.279957 0.111764 0.083746
2 0.786719 0.281600 0.111759 0.083605
2 0.787238 0.283021 0.111580 0.083454
2 0.787631 0.284704 0.111291 0.083029
2 0.787799 0.285660 0.112027 0.083697
2 0.788307 0.287389 0.111873 0.083616
2 0.788720 0.289747 0.111889 0.083915
2 0.788880 0.289888 0.111541 0.083205
2 0.789406 0.291836 0.111587 0.083849
2 0.789393 0.292225 0.111701 0.084248
2 0.790199 0.294130 0.111499 0.083927
2 0.790918 0.295923 0.112611 0.085847
2 0.790974 0.296288 0.113481 0.087024
2 0.791772 0.297989 0.113379 0.087265
2 0.791915 0.298747 0.113133 0.087405
2 0.792529 0.299770 0.113219 0.087483
2 0.793277 0.301073 0.113000 0.087007
2 0.794124 0.302722 0.113129 0.087514
2 0.794648 0.303349 0.113485 0.088151
2 0.794760 0.303972 0.113524 0.088018
2 0.795497 0.304486 0.113709 0.088386
2 0.795518 0.304942 0.113654 0.088055
2 0.796328 0.304907 0.114232 0.089446
2 0.797423 0.305640 0.114645 0.090075
2 0.797536 0.305952 0.114376 0.090489
2 0.798271 0.306094 0.114883 0.091136
2 0.799306 0.307002 0.115015 0.090731
2 0.799737 0.306872 0.115606 0.092314
2 0.800683 0.307424 0.116294 0.093537
2 0.801459 0.306382 0.116452 0.094200
2 0.802074 0.307125 0.116307 0.094501
2 0.802928 0.306499 0.116127 0.094004
2 0.803781 0.307062 0.116630 0.095258
2 0.804388 0.306443 0.117006 0.095587
2 0.805405 0.307420 0.117450 0.096576
2 0.806167 0.307321 0.118518 0.098071
2 0.806863 0.307817 0.117772 0.097126
2 0.807741 0.307658 0.117801 0.096873
2 0.808737 0.308759 0.118071 0.097575
2 0.810170 0.308878 0.119222 0.099395
2 0.810644 0.309996 0.119709 0.100489
2 0.811539 0.309656 0.120248 0.101098
2 0.812664 0.311108 0.120265 0.101001
2 0.814183 0.311696 0.119104 0.099448
2 0.814526 0.311618 0.118802 0.099865
2 0.815904 0.311993 0.117531 0.099020
2 0.816629 0.312173 0.116899 0.099288
2 0.817817 0.312670 0.115489 0.097646
2 0.818286 0.313072 0.115803 0.097927
2 0.819327 0.313353 0.115987 0.099162
2 0.819949 0.314133 0.116611 0.101155
2 0.821174 0.315345 0.116626 0.102309
2 0.822084 0.316937 0.116408 0.102417
2 0.822566 0.318314 0.116463 0.102170
2 0.823591 0.320271 0.117270 0.103097
2 0.824264 0.322173 0.118033 0.105107
2 0.825444 0.324585 0.118349 0.105597
2 0.826466 0.327214 0.117802 0.105609
2 0.827442 0.330846 0.117875 0.105755
2 0.828018 0.333176 0.118840 0.107348
2 0.829673 0.338066 0.119028 0.107213
2 0.831102 0.343412 0.119566 0.107131
2 0.831474 0.345461 0.121356 0.110516
2 0.833112 0.351637 0.122282 0.111823
2 0.834520 0.357251 0.122680 0.111494
2 0.835657 0.363803 0.123922 0.113270
2 0.836517 0.367514 0.124248 0.113012
2 0.837779 0.375110 0.126227 0.115745
2 0.838774 0.382268 0.127464 0.117387
2 0.839645 0.385803 0.128255 0.118895
2 0.840335 0.392507 0.129272 0.119453
2 0.840680 0.399277 0.130154 0.120843
2 0.841767 0.404986 0.130025 0.120668
2 0.841812 0.407776 0.130195 0.120619
2 0.841856 0.413398 0.129874 0.120256
2 0.842703 0.416053 0.129451 0.120523
2 0.842670 0.420870 0.129438 0.120369
2 0.842636 0.423771 0.129499 0.120363
2 0.842593 0.428040 0.129506 0.120675
2 0.842069 0.433031 0.128934 0.120286
2 0.842137 0.435019 0.128031 0.118996
2 0.841740 0.439686 0.127469 0.118482
2 0.841792 0.442160 0.127973 0.118759
2 0.841168 0.446600 0.128087 0.119208
2 0.841093 0.448621 0.128301 0.119389
2 0.840275 0.452475 0.128341 0.119869
2 0.839742 0.456539 0.128331 0.120200
2 0.839311 0.457748 0.128590 0.120791
2 0.838268 0.460755 0.128069 0.120250
2 0.837857 0.462075 0.128249 0.120450
2 0.837064 0.464668 0.128040 0.120511
2 0.835785 0.465933 0.127431 0.119776
2 0.835305 0.467613 0.126928 0.119538
2 0.834079 0.469139 0.126564 0.119320
2 0.832764 0.471524 0.126099 0.119062
2 0.832136 0.471806 0.126054 0.118733
2 0.830700 0.474375 0.125397 0.117886
2 0.829486 0.475479 0.124857 0.116753
2 0.829131 0.476504 0.124365 0.116538
2 0.827479 0.477370 0.123007 0.114193
2 0.826092 0.476971 0.121996 0.112607
2 0.825323 0.477404 0.121978 0.112581
2 0.824066 0.477277 0.120539 0.110008
2 0.823938 0.477252 0.120630 0.110091
2 0.822986 0.476313 0.119950 0.108917
2 0.822443 0.476412 0.118437 0.106948
2 0.822052 0.474065 0.118321 0.106464
2 0.822067 0.472958 0.118395 0.106949
2 0.822320 0.472047 0.118422 0.107560
2 0.822766 0.470543 0.118205 0.107308
2 0.822912 0.469841 0.118607 0.108770
2 0.823954 0.468429 0.119178 0.110422
2 0.824437 0.467695 0.119403 0.110670
2 0.825521 0.466051 0.120627 0.113475
2 0.826952 0.464418 0.121131 0.115085
2 0.827565 0.463400 0.120890 0.114721
2 0.829214 0.462444 0.121925 0.117082
2 0.830809 0.459966 0.122232 0.118098
2 0.832364 0.458574 0.122229 0.118084
2 0.833097 0.457175 0.122252 0.118770
2 0.834858 0.456143 0.122619 0.120558
2 0.836409 0.454901 0.123777 0.123237
2 0.837708 0.453081 0.124199 0.124633
2 0.838495 0.452834 0.124758 0.126143
2 0.839647 0.451605 0.125641 0.129247
2 0.840273 0.451576 0.125724 0.130276
2 0.841304 0.450936 0.126194 0.132298
2 0.842049 0.451617 0.126351 0.133925
2 0.842072 0.450858 0.126497 0.134877
2 0.842303 0.451792 0.126253 0.135464
2 0.842125 0.452019 0.126429 0.136275
2 0.841904 0.453698 0.126000 0.136152
2 0.840970 0.454665 0.125823 0.136731
2 0.839861 0.456431 0.125725 0.136617
2 0.839042 0.457660 0.126200 0.137156
2 0.837147 0.460224 0.126070 0.137885
2 0.836135 0.461182 0.126148 0.138951
2 0.833632 0.464239 0.126340 0.140410
2 0.830782 0.468500 0.126364 0.141459
2 0.829215 0.470041 0.126012 0.141729
2 0.825469 0.474657 0.126077 0.142965
2 0.823386 0.476659 0.125231 0.142037
2 0.818844 0.482223 0.125594 0.142490
2 0.814383 0.487477 0.126567 0.144269
2 0.809088 0.492461 0.126170 0.144416
2 0.806362 0.495665 0.126291 0.145147
2 0.800869 0.502101 0.125931 0.145497
2 0.794716 0.509782 0.125194 0.144555
2 0.787986 0.516273 0.125487 0.145129
2 0.784744 0.520738 0.126083 0.146617
2 0.777528 0.528319 0.126109 0.147629
2 0.773817 0.532089 0.125747 0.147693
2 0.766419 0.541322 0.125577 0.147804
2 0.758699 0.549858 0.126585 0.149636
2 0.754399 0.555011 0.126153 0.149794
2 0.746014 0.564342 0.125713 0.149597
2 0.737470 0.574348 0.125578 0.149830
2 0.732705 0.579825 0.125878 0.149882
2 0.723830 0.590341 0.126349 0.151355
2 0.718586 0.595984 0.126922 0.152882
2 0.709157 0.606984 0.125908 0.151560
2 0.699602 0.619152 0.125941 0.151445
2 0.694155 0.624526 0.126391 0.151965
2 0.684046 0.637484 0.125543 0.151295
2 0.673959 0.649897 0.125212 0.150381
2 0.668387 0.656167 0.124394 0.149050
2 0.658241 0.669235 0.122437 0.144865
2 0.647671 0.682051 0.121151 0.142668
2 0.641902 0.688871 0.120492 0.141473
2 0.631260 0.701643 0.119595 0.138886
2 0.620594 0.715019 0.118714 0.136685
2 0.615058 0.720151 0.118528 0.136446
2 0.604228 0.732702 0.117236 0.133953
2 0.598818 0.737459 0.117212 0.133983
2 0.588269 0.748910 0.116088 0.132287
2 0.577651 0.758311 0.115658 0.131877
2 0.572335 0.763502 0.115756 0.131756
2 0.570455 0.769721 0.067520 0.097258
2 0.553861 0.780649 0.063601 0.086825
2 0.550273 0.786232 0.063453 0.090300
2 0.535896 0.794372 0.058126 0.082804
2 0.527344 0.803711 0.070312 0.056641
2 0.520312 0.808594 0.071875 0.054688
2 0.511719 0.811523 0.064062 0.052734
2 0.510938 0.818359 0.065625 0.050781
2 0.500000 0.819336 0.068750 0.044922
2 0.497656 0.818359 0.064062 0.042969
2 0.483594 0.818359 0.073438 0.046875
2 0.475000 0.822266 0.062500 0.046875
2 0.467187 0.820312 0.062500 0.046875
2 0.460938 0.823242 0.062500 0.044922
2 0.455469 0.821289 0.070312 0.052734
2 0.444531 0.819336 0.064062 0.048828
2 0.442188 0.817383 0.068750 0.052734
2 0.435938 0.820312 0.065625 0.054688
2 0.429688 0.814453 0.068750 0.058594
2 0.425781 0.815430 0.076563 0.060547
