2 0.715291 0.052201 0.070312 0.069749
2 0.716817 0.062696 0.076563 0.079026
2 0.717330 0.064037 0.076392 0.086654
2 0.718025 0.075327 0.072844 0.082032
2 0.718142 0.081181 0.073268 0.082800
2 0.718660 0.092666 0.072954 0.082884
2 0.718758 0.104396 0.073154 0.083114
2 0.718603 0.110344 0.073544 0.083556
2 0.718265 0.122120 0.072864 0.082434
2 0.718329 0.128093 0.074236 0.084016
2 0.717865 0.139940 0.072550 0.080919
2 0.717538 0.146117 0.073566 0.082169
2 0.717105 0.158293 0.074695 0.084368
2 0.716769 0.164467 0.071724 0.080776
2 0.715781 0.176840 0.071012 0.079547
2 0.714525 0.189581 0.070189 0.077866
2 0.714232 0.195879 0.069280 0.077383
2 0.713062 0.208546 0.071820 0.079922
2 0.712389 0.215030 0.073330 0.082803
2 0.710839 0.227717 0.072686 0.082045
2 0.709214 0.239888 0.074567 0.084228
2 0.707447 0.252074 0.073415 0.082735
2 0.706386 0.257960 0.072057 0.080657
2 0.704349 0.269636 0.073266 0.082503
2 0.702033 0.281026 0.071864 0.079772
2 0.700858 0.287024 0.072553 0.080917
2 0.698377 0.298485 0.074688 0.084082
2 0.697084 0.304052 0.073129 0.081777
2 0.695756 0.309660 0.070795 0.078573
2 0.693168 0.320184 0.073427 0.082172
2 0.690537 0.330748 0.070728 0.079318
2 0.687754 0.340484 0.069739 0.077528
2 0.686361 0.345281 0.073063 0.081247
2 0.683760 0.354448 0.070820 0.079159
2 0.682473 0.359095 0.074221 0.083549
2 0.680004 0.367796 0.068818 0.076333
2 0.678816 0.371908 0.069101 0.076666
2 0.676558 0.380485 0.074141 0.083299
2 0.675426 0.384400 0.072560 0.080549
2 0.673543 0.392432 0.073317 0.082026
2 0.671811 0.400197 0.073833 0.082946
2 0.670930 0.403790 0.072364 0.080309
2 0.669721 0.411502 0.072950 0.081479
2 0.668608 0.418359 0.071347 0.080023
2 0.668011 0.421900 0.072207 0.080330
2 0.667378 0.428697 0.070913 0.078956
2 0.666947 0.435064 0.074396 0.083705
2 0.666778 0.441312 0.074057 0.083136
2 0.666778 0.447373 0.073608 0.082633
2 0.666792 0.450406 0.073932 0.083094
2 0.667166 0.456164 0.072668 0.081578
2 0.667596 0.461809 0.070504 0.078260
2 0.668613 0.467049 0.072738 0.081700
2 0.668987 0.469638 0.070526 0.078414
2 0.670373 0.474682 0.073269 0.082119
2 0.670929 0.477103 0.068830 0.076120
2 0.672436 0.482175 0.072710 0.080676
2 0.674045 0.486754 0.069038 0.076373
2 0.675978 0.491605 0.073129 0.081783
2 0.676885 0.493824 0.072800 0.081035
2 0.678883 0.498254 0.070412 0.078191
2 0.679886 0.500692 0.068928 0.076602
2 0.682106 0.504684 0.068940 0.076635
2 0.684136 0.509012 0.072752 0.081807
2 0.685315 0.510864 0.071697 0.080122
2 0.687506 0.514673 0.071753 0.080601
2 0.688637 0.516549 0.070975 0.079729
2 0.689680 0.518139 0.068726 0.076352
2 0.691685 0.521041 0.073591 0.082701
2 0.693646 0.523992 0.071293 0.080329
2 0.694438 0.524989 0.072583 0.080987
2 0.696424 0.527640 0.072331 0.081369
2 0.697249 0.528449 0.070939 0.079083
2 0.698829 0.530242 0.069460 0.077420
2 0.700345 0.531548 0.070488 0.078629
2 0.701058 0.532011 0.070005 0.078622
2 0.702277 0.532755 0.072088 0.080303
2 0.703495 0.533043 0.072241 0.080509
2 0.704138 0.533356 0.072539 0.081341
2 0.705097 0.533293 0.071276 0.079332
2 0.706082 0.532920 0.074697 0.084328
2 0.706589 0.532770 0.072715 0.081162
2 0.707502 0.531953 0.070700 0.079597
2 0.708308 0.530877 0.072247 0.080474
2 0.708774 0.530352 0.070922 0.079549
2 0.709578 0.528725 0.072702 0.081450
2 0.709970 0.528058 0.068408 0.075991
2 0.710856 0.526065 0.070598 0.079497
2 0.711118 0.525015 0.072935 0.081614
2 0.712037 0.522870 0.073030 0.082094
2 0.712712 0.520401 0.068847 0.076627
2 0.713011 0.518984 0.071277 0.079145
2 0.713898 0.516067 0.069920 0.078428
2 0.714186 0.514604 0.068929 0.076787
2 0.715097 0.511215 0.072283 0.080961
2 0.715413 0.509504 0.073105 0.082176
2 0.716081 0.505936 0.070033 0.077585
2 0.717037 0.501969 0.072118 0.080939
2 0.717271 0.500142 0.070248 0.078226
2 0.718107 0.496031 0.071811 0.079999
2 0.718530 0.493730 0.072965 0.081796
2 0.719212 0.489574 0.070555 0.078085
2 0.720072 0.485122 0.068299 0.076266
2 0.720334 0.482880 0.067993 0.075579
2 0.721046 0.478363 0.070485 0.078120
2 0.721470 0.476014 0.071718 0.080195
2 0.721864 0.471435 0.067568 0.075109
2 0.722128 0.468796 0.069048 0.076225
2 0.722574 0.464135 0.069381 0.076651
2 0.722803 0.461886 0.067574 0.074918
2 0.723322 0.456724 0.071955 0.080362
2 0.723316 0.454419 0.071199 0.079504
2 0.723460 0.449386 0.069457 0.077072
2 0.723523 0.444530 0.069668 0.077151
2 0.723486 0.442297 0.067215 0.074275
2 0.723392 0.439887 0.067243 0.074392
2 0.723280 0.434919 0.070353 0.078234
2 0.722990 0.429855 0.068959 0.076517
2 0.722787 0.427350 0.070341 0.077792
2 0.722168 0.422668 0.066818 0.073604
2 0.722022 0.420425 0.065679 0.072153
2 0.721236 0.415482 0.069656 0.077034
2 0.720788 0.413279 0.068155 0.074924
2 0.720033 0.408334 0.068587 0.076020
2 0.719362 0.405895 0.068460 0.075187
2 0.718486 0.401183 0.065883 0.072842
2 0.717811 0.398719 0.067104 0.073969
2 0.716803 0.394065 0.069015 0.076438
2 0.716194 0.391471 0.067238 0.074289
2 0.715196 0.386694 0.068303 0.075536
2 0.714617 0.384359 0.068899 0.075831
2 0.713816 0.379196 0.066403 0.073389
2 0.712845 0.373931 0.067776 0.074971
2 0.712537 0.371542 0.064952 0.071363
2 0.711924 0.365855 0.064333 0.070874
2 0.711633 0.363331 0.067678 0.074525
2 0.711392 0.357639 0.067935 0.075014
2 0.711289 0.354892 0.069071 0.076026
2 0.711293 0.349070 0.069198 0.076177
2 0.711624 0.343023 0.068127 0.074929
2 0.712192 0.337276 0.068575 0.076107
2 0.712928 0.330981 0.066805 0.073696
2 0.713492 0.327898 0.068315 0.075563
2 0.714460 0.320958 0.066126 0.072909
2 0.715841 0.314085 0.067635 0.074286
2 0.716635 0.310492 0.067618 0.074789
2 0.718121 0.303856 0.067017 0.073997
2 0.718836 0.300441 0.068589 0.075674
2 0.720360 0.293591 0.064510 0.070849
2 0.721120 0.290053 0.065275 0.071667
2 0.722532 0.283342 0.066745 0.073388
2 0.723298 0.280103 0.065191 0.071959
2 0.724678 0.273571 0.067750 0.075098
2 0.725976 0.267246 0.068220 0.075382
2 0.726542 0.264291 0.063860 0.070103
2 0.727750 0.258167 0.065996 0.072989
2 0.728163 0.255257 0.067614 0.074469
2 0.728878 0.249524 0.067047 0.073592
2 0.729653 0.243959 0.068021 0.075101
2 0.730093 0.238784 0.066100 0.073109
2 0.730359 0.236343 0.067025 0.073789
2 0.730691 0.233916 0.067981 0.075115
2 0.730884 0.229151 0.064610 0.071391
2 0.731070 0.224348 0.068466 0.075889
2 0.731156 0.222179 0.067835 0.074991
2 0.730917 0.217746 0.065320 0.072123
2 0.730829 0.215522 0.064533 0.071144
2 0.730482 0.211220 0.065720 0.072421
2 0.730109 0.206980 0.068109 0.075253
2 0.729907 0.204902 0.067609 0.074465
2 0.729647 0.200333 0.065693 0.072411
2 0.729468 0.198382 0.065408 0.072293
2 0.729016 0.193713 0.063620 0.069862
2 0.728825 0.191136 0.066462 0.073014
2 0.728546 0.186513 0.065345 0.072177
2 0.728399 0.181695 0.066313 0.073075
2 0.728334 0.179157 0.066647 0.073271
2 0.728078 0.174441 0.062316 0.068429
2 0.728084 0.171957 0.065189 0.071749
2 0.727991 0.166935 0.063135 0.069557
2 0.727918 0.162113 0.066435 0.073558
2 0.727836 0.159752 0.067497 0.074856
2 0.727648 0.155065 0.063282 0.069808
2 0.727701 0.152745 0.064322 0.070998
2 0.727646 0.148233 0.067048 0.074222
2 0.727632 0.144232 0.067339 0.074435
2 0.727582 0.142308 0.067129 0.074136
2 0.727621 0.138491 0.067299 0.074335
2 0.727640 0.135128 0.064947 0.071695
2 0.727611 0.133631 0.063756 0.070248
2 0.727658 0.130597 0.067899 0.075160
2 0.727707 0.128086 0.065925 0.072876
2 0.727668 0.125732 0.063141 0.069576
2 0.727686 0.124720 0.067598 0.074872
2 0.727666 0.122880 0.067339 0.074491
2 0.727636 0.122080 0.063927 0.070420
2 0.727368 0.120700 0.066783 0.073368
2 0.727302 0.120330 0.065650 0.072187
2 0.727060 0.119711 0.065445 0.072509
2 0.726887 0.119492 0.065826 0.072858
2 0.726836 0.119211 0.066720 0.073717
2 0.726300 0.119478 0.064037 0.070683
2 0.726183 0.119700 0.062871 0.069390
2 0.725705 0.120187 0.064641 0.071252
2 0.725010 0.121172 0.064808 0.071275
2 0.724679 0.121909 0.063148 0.069744
2 0.723926 0.123110 0.066116 0.072966
2 0.723253 0.124645 0.067804 0.075311
2 0.722419 0.126394 0.066548 0.073177
2 0.721600 0.128448 0.067702 0.075228
2 0.721240 0.129463 0.062345 0.068473
2 0.720505 0.131696 0.064922 0.071773
2 0.719917 0.133876 0.064994 0.071887
2 0.719745 0.134967 0.064842 0.071427
2 0.719306 0.137182 0.065592 0.072658
2 0.719263 0.138242 0.067976 0.074953
2 0.719064 0.140756 0.066645 0.073678
2 0.719024 0.143145 0.065469 0.072508
2 0.719167 0.144281 0.067794 0.074781
2 0.719292 0.145774 0.067343 0.074295
2 0.719999 0.148400 0.066223 0.073321
2 0.720234 0.149816 0.066273 0.073099
2 0.721290 0.152513 0.064398 0.070866
2 0.721751 0.153733 0.066427 0.073344
2 0.722989 0.156908 0.062500 0.068821
2 0.723750 0.158367 0.066724 0.073831
2 0.725305 0.161322 0.067161 0.074159
2 0.726903 0.164960 0.065550 0.072653
2 0.728091 0.166444 0.062900 0.069181
2 0.729901 0.170240 0.065928 0.073017
2 0.731145 0.172136 0.063526 0.069839
2 0.733312 0.175764 0.066945 0.074050
2 0.735762 0.180059 0.062394 0.068617
2 0.736994 0.181989 0.062029 0.068257
2 0.739542 0.186468 0.065109 0.072239
2 0.740809 0.188677 0.065917 0.072818
2 0.743561 0.193112 0.065618 0.072427
2 0.744946 0.195699 0.062083 0.068348
2 0.747887 0.200343 0.062661 0.068894
2 0.749341 0.202663 0.064835 0.071347
2 0.752163 0.207366 0.064261 0.071019
2 0.755140 0.211905 0.064523 0.071391
2 0.756623 0.214017 0.065666 0.072488
2 0.759545 0.218214 0.065711 0.072123
2 0.762250 0.222884 0.064746 0.071677
2 0.763732 0.224996 0.064135 0.070951
2 0.766248 0.229258 0.064102 0.070818
2 0.767450 0.231327 0.064827 0.071717
2 0.770030 0.235019 0.063346 0.070058
2 0.771053 0.237082 0.063394 0.069864
2 0.773417 0.241010 0.062478 0.068643
2 0.775337 0.244772 0.065039 0.072089
2 0.777361 0.248498 0.063317 0.069672
2 0.779147 0.252309 0.064481 0.071188
2 0.780808 0.255607 0.067319 0.074640
2 0.781567 0.257585 0.066921 0.073761
2 0.782872 0.261278 0.066197 0.072790
2 0.783503 0.263110 0.066436 0.073124
2 0.784640 0.266591 0.065518 0.072471
2 0.785745 0.270266 0.063278 0.069722
2 0.786653 0.273970 0.064469 0.071230
2 0.787213 0.276011 0.063532 0.070141
2 0.787844 0.279210 0.067481 0.074538
2 0.787986 0.281132 0.067444 0.074518
2 0.788478 0.284616 0.066729 0.073707
2 0.788803 0.288178 0.064812 0.071703
2 0.789014 0.291692 0.062480 0.068598
2 0.789044 0.293406 0.062916 0.069069
2 0.789103 0.296838 0.066480 0.073356
2 0.789017 0.299998 0.065083 0.071782
2 0.788848 0.302003 0.065773 0.072958
2 0.788625 0.305537 0.062635 0.069251
2 0.788518 0.307104 0.062910 0.069441
2 0.787974 0.310905 0.064603 0.071538
2 0.787811 0.312328 0.066167 0.072946
2 0.787279 0.315931 0.066867 0.074268
2 0.786715 0.319538 0.063263 0.069472
2 0.786352 0.321241 0.063892 0.070617
2 0.785783 0.325218 0.062919 0.069548
2 0.785629 0.327108 0.062954 0.069704
2 0.784900 0.330685 0.063915 0.070682
2 0.784386 0.334456 0.062135 0.068224
2 0.784289 0.336103 0.065074 0.072002
2 0.783788 0.340259 0.063744 0.070410
2 0.783694 0.341863 0.065936 0.072843
2 0.783243 0.345833 0.065744 0.072416
2 0.783180 0.349885 0.065083 0.071763
2 0.783058 0.353812 0.064207 0.070819
2 0.783042 0.356106 0.063421 0.070012
2 0.783054 0.360231 0.064142 0.070859
2 0.783122 0.362381 0.065349 0.072097
2 0.783507 0.366814 0.066135 0.072663
2 0.783721 0.369095 0.066073 0.072941
2 0.784106 0.373584 0.063040 0.069794
2 0.784596 0.377674 0.063740 0.070380
2 0.784736 0.379781 0.064390 0.071156
2 0.785759 0.384303 0.067073 0.074602
2 0.786484 0.388836 0.064549 0.071039
2 0.787687 0.393212 0.062701 0.069014
2 0.788337 0.395300 0.061999 0.068266
2 0.789976 0.399706 0.064777 0.071497
2 0.790827 0.401955 0.066303 0.072931
2 0.792969 0.406250 0.064062 0.070312
