2 0.773438 0.507812 0.040625 0.039062
2 0.771980 0.506406 0.046310 0.044892
2 0.770620 0.504756 0.046939 0.050817
2 0.769464 0.503499 0.039130 0.042332
2 0.768825 0.503264 0.050855 0.054194
2 0.767381 0.502090 0.044465 0.047640
2 0.767240 0.501577 0.057915 0.059121
2 0.765980 0.500007 0.039114 0.039232
2 0.764596 0.498710 0.041645 0.045335
2 0.764318 0.498053 0.043873 0.042948
2 0.763118 0.496765 0.040604 0.044164
2 0.762701 0.496445 0.045871 0.045481
2 0.761577 0.495284 0.041868 0.045427
2 0.761256 0.494925 0.043464 0.045427
2 0.759872 0.493851 0.034373 0.037179
2 0.759548 0.493612 0.042632 0.043157
2 0.758641 0.492568 0.037641 0.040916
2 0.758018 0.492284 0.040602 0.040093
2 0.757514 0.491497 0.045485 0.047614
2 0.756712 0.490788 0.041684 0.045993
2 0.756699 0.490293 0.036471 0.038489
2 0.755666 0.489987 0.036126 0.038054
2 0.755274 0.489516 0.042406 0.044406
2 0.755115 0.489709 0.047415 0.045849
2 0.754586 0.489029 0.048402 0.048093
2 0.754175 0.488812 0.038300 0.038002
2 0.753673 0.488431 0.040999 0.040486
2 0.753658 0.488229 0.038435 0.037758
2 0.753367 0.488370 0.055972 0.058578
2 0.756286 0.486567 0.039894 0.033650
2 0.755382 0.487271 0.039360 0.031250
2 0.752013 0.487740 0.043370 0.043171
2 0.751640 0.487425 0.049650 0.049934
2 0.751559 0.487304 0.046756 0.047046
2 0.754386 0.485144 0.039009 0.033732
2 0.753239 0.484731 0.038960 0.035833
2 0.754181 0.483741 0.041761 0.036782
2 0.750474 0.486191 0.049277 0.052478
2 0.750254 0.485441 0.052475 0.055170
2 0.749507 0.485144 0.031423 0.030990
2 0.749154 0.484507 0.026955 0.026103
2 0.749168 0.484258 0.027686 0.027386
2 0.748974 0.484136 0.039159 0.041688
2 0.748852 0.484394 0.045888 0.047867
2 0.748568 0.483953 0.047039 0.048516
2 0.747757 0.483625 0.032456 0.032528
2 0.747393 0.483365 0.038514 0.039011
2 0.747168 0.483377 0.044892 0.044782
2 0.746892 0.482529 0.040508 0.041377
2 0.749203 0.484180 0.035320 0.032618
2 0.748823 0.482281 0.033736 0.027631
2 0.747553 0.482695 0.036276 0.032659
2 0.745373 0.482316 0.040977 0.042003
2 0.747512 0.483601 0.034016 0.030848
2 0.748048 0.483040 0.037630 0.031970
2 0.745669 0.483020 0.037702 0.034938
2 0.742989 0.481383 0.032953 0.033255
2 0.742054 0.481527 0.039106 0.038282
2 0.741711 0.480797 0.030950 0.029826
2 0.741083 0.480451 0.039280 0.040286
2 0.740608 0.480525 0.041298 0.042946
2 0.739736 0.479897 0.031069 0.030483
2 0.738863 0.479391 0.038577 0.038148
2 0.738134 0.479221 0.034515 0.033714
2 0.737502 0.478856 0.045720 0.047850
2 0.736485 0.478254 0.041329 0.042290
2 0.736158 0.478068 0.054134 0.056450
2 0.734985 0.476636 0.040831 0.041836
2 0.734637 0.476415 0.055597 0.059049
2 0.733369 0.475424 0.043461 0.043913
2 0.733107 0.475102 0.056739 0.060607
2 0.731882 0.473550 0.038411 0.037306
2 0.730563 0.472179 0.033700 0.033328
2 0.729321 0.471124 0.035803 0.035694
2 0.729021 0.470491 0.032948 0.032812
2 0.727517 0.468064 0.034160 0.033746
2 0.725941 0.466339 0.033208 0.033245
2 0.725460 0.465264 0.043515 0.045142
2 0.723955 0.463314 0.040331 0.041239
2 0.723244 0.462092 0.039292 0.039310
2 0.721715 0.458747 0.037876 0.038198
2 0.720576 0.455608 0.045984 0.047504
2 0.719767 0.453487 0.031167 0.030287
2 0.718310 0.449128 0.032101 0.032001
2 0.717720 0.446840 0.038528 0.039282
2 0.716324 0.441276 0.035149 0.035808
2 0.715984 0.439060 0.052780 0.055074
2 0.714484 0.432363 0.046328 0.047636
2 0.714016 0.429028 0.044443 0.044961
2 0.712996 0.421792 0.043328 0.044782
2 0.712561 0.418083 0.046097 0.047982
2 0.711454 0.410104 0.040589 0.041176
2 0.710391 0.401790 0.034098 0.033206
2 0.709646 0.392865 0.052726 0.055397
2 0.708946 0.388242 0.034615 0.033887
2 0.708326 0.378788 0.042242 0.043436
2 0.707304 0.369167 0.034572 0.034294
2 0.706827 0.364328 0.038503 0.038022
2 0.705827 0.354252 0.036882 0.035466
2 0.705027 0.344507 0.055196 0.058666
2 0.704504 0.339502 0.041081 0.042219
2 0.703455 0.329482 0.051560 0.052932
2 0.702677 0.324422 0.034861 0.034547
2 0.701759 0.314755 0.053297 0.056727
2 0.700428 0.305226 0.055271 0.058492
2 0.699037 0.296102 0.039748 0.039593
2 0.697458 0.287901 0.037438 0.036547
2 0.697248 0.283426 0.049061 0.051733
2 0.695923 0.275664 0.037358 0.038098
2 0.696094 0.269531 0.035937 0.031250
2 0.692969 0.263672 0.045312 0.042969
2 0.692969 0.259766 0.045312 0.035156
2 0.692969 0.255859 0.045312 0.042969
2 0.692969 0.250000 0.045312 0.031250
2 0.694531 0.244141 0.048438 0.039062
2 0.689063 0.241211 0.059375 0.044922
2 0.688281 0.242188 0.057813 0.046875
2 0.688281 0.239258 0.057813 0.052734
2 0.684375 0.233398 0.050000 0.041016
2 0.682813 0.229492 0.053125 0.048828
2 0.683594 0.226562 0.054688 0.042969
2 0.683594 0.226562 0.054688 0.042969
2 0.681250 0.223633 0.050000 0.037109
2 0.679688 0.223633 0.053125 0.037109
2 0.680469 0.223633 0.054688 0.037109
2 0.677344 0.221680 0.060937 0.041016
2 0.675781 0.220703 0.057813 0.039062
2 0.673438 0.220703 0.062500 0.039062
2 0.672656 0.218750 0.060937 0.035156
2 0.673438 0.215820 0.059375 0.041016
2 0.672656 0.219727 0.060937 0.048828
2 0.665625 0.215820 0.056250 0.041016
2 0.667969 0.217773 0.051562 0.041016
2 0.667188 0.214844 0.053125 0.046875
2 0.669531 0.216797 0.057813 0.050781
2 0.670312 0.216797 0.056250 0.050781
2 0.667188 0.211914 0.050000 0.041016
2 0.667188 0.209961 0.050000 0.044922
2 0.663281 0.208984 0.042188 0.042969
2 0.660937 0.209961 0.046875 0.041016
2 0.664844 0.210938 0.054688 0.042969
2 0.664294 0.208904 0.054563 0.042973
2 0.664038 0.208129 0.054036 0.042470
2 0.663525 0.205912 0.054491 0.043124
2 0.663480 0.204997 0.054607 0.043006
2 0.663149 0.202561 0.054994 0.043369
2 0.662997 0.200533 0.054947 0.043315
2 0.662753 0.199248 0.054703 0.043068
2 0.662760 0.197082 0.054837 0.043286
2 0.662766 0.195687 0.054788 0.043338
2 0.662840 0.193265 0.054984 0.043441
2 0.662840 0.191923 0.054911 0.043440
2 0.662921 0.189584 0.054856 0.043119
2 0.663084 0.188233 0.055054 0.043563
2 0.663309 0.185880 0.055003 0.043518
2 0.663641 0.183297 0.054503 0.043082
2 0.663838 0.181975 0.054244 0.042816
2 0.664282 0.179482 0.054919 0.043400
2 0.664879 0.177122 0.054971 0.043335
2 0.665542 0.174389 0.054374 0.043002
2 0.665988 0.173131 0.054903 0.043311
2 0.666543 0.170341 0.054700 0.043297
2 0.667109 0.167922 0.054493 0.043160
2 0.667586 0.166352 0.054685 0.043139
2 0.668373 0.163564 0.054432 0.043117
2 0.668745 0.162250 0.054251 0.042708
2 0.669572 0.159784 0.054911 0.043419
2 0.670529 0.157067 0.054534 0.043008
2 0.671150 0.155898 0.054980 0.043537
2 0.671957 0.153585 0.054616 0.043175
2 0.672370 0.152544 0.054684 0.042986
2 0.673540 0.150348 0.054735 0.043334
2 0.673960 0.149413 0.054739 0.043044
2 0.675148 0.147446 0.054454 0.042805
2 0.675825 0.146535 0.054762 0.043197
2 0.676967 0.144744 0.054552 0.042866
2 0.678149 0.143563 0.054288 0.042709
2 0.678819 0.142881 0.054731 0.043200
2 0.680033 0.141689 0.054624 0.042982
2 0.680649 0.141173 0.054549 0.043182
2 0.681996 0.140394 0.054876 0.043308
2 0.682694 0.140097 0.054429 0.043049
2 0.684047 0.139762 0.054086 0.042514
2 0.685391 0.139167 0.054669 0.043430
2 0.686147 0.138888 0.054710 0.043237
2 0.687377 0.138846 0.054334 0.042722
2 0.687998 0.138814 0.055036 0.043361
2 0.689146 0.139017 0.054875 0.043348
2 0.690363 0.139218 0.054768 0.043372
2 0.690916 0.139466 0.055128 0.043580
2 0.691912 0.139942 0.054630 0.043093
2 0.692327 0.140473 0.054928 0.043353
2 0.693149 0.141336 0.055012 0.043589
2 0.693828 0.142748 0.054689 0.043005
2 0.694122 0.143279 0.055144 0.043658
2 0.694499 0.144870 0.055150 0.043638
2 0.694781 0.146829 0.054893 0.043227
2 0.694911 0.147804 0.055215 0.043766
2 0.695103 0.150251 0.055122 0.043845
2 0.695164 0.151361 0.054717 0.043219
2 0.694997 0.154187 0.054973 0.043742
2 0.695003 0.155663 0.055064 0.043761
2 0.694605 0.158639 0.055095 0.043342
2 0.694081 0.161915 0.055486 0.044256
2 0.693814 0.163521 0.055357 0.044169
2 0.693161 0.166971 0.054979 0.043202
2 0.692767 0.170058 0.055261 0.043741
2 0.692157 0.171758 0.054571 0.043080
2 0.691647 0.174793 0.054631 0.043069
2 0.691348 0.176313 0.055129 0.044027
2 0.690994 0.179091 0.054490 0.042835
2 0.690935 0.180326 0.054809 0.043883
2 0.690880 0.182848 0.054362 0.042791
2 0.691002 0.184072 0.054427 0.043194
2 0.691618 0.186801 0.053732 0.042223
2 0.691967 0.188224 0.053586 0.042533
2 0.693019 0.190916 0.053263 0.041889
2 0.693586 0.192248 0.053402 0.042552
2 0.695095 0.195386 0.052815 0.041588
2 0.696062 0.196788 0.053184 0.042145
2 0.698222 0.199850 0.052740 0.041577
2 0.699365 0.201548 0.052527 0.041456
2 0.702034 0.204962 0.053437 0.042332
2 0.704850 0.209133 0.053944 0.043406
2 0.706405 0.210987 0.053693 0.043215
2 0.709230 0.215891 0.052572 0.041702
2 0.710670 0.218481 0.052939 0.042368
2 0.713649 0.223421 0.053014 0.043032
2 0.716478 0.229504 0.052450 0.042185
2 0.717985 0.232335 0.052761 0.042758
2 0.720815 0.238921 0.053222 0.043379
2 0.722203 0.242620 0.052970 0.043078
2 0.725014 0.249966 0.052284 0.042136
2 0.727470 0.257991 0.051690 0.041588
2 0.728859 0.262083 0.051809 0.041817
2 0.731334 0.271173 0.051763 0.041265
2 0.732466 0.275862 0.051448 0.041499
2 0.734843 0.285608 0.051569 0.041405
2 0.736963 0.296346 0.050140 0.039430
2 0.738054 0.301548 0.051032 0.040435
2 0.739898 0.312706 0.050361 0.039908
2 0.741813 0.324160 0.050203 0.039534
2 0.743489 0.336311 0.050268 0.039683
2 0.744219 0.342393 0.050308 0.039677
2 0.745736 0.354649 0.050521 0.040284
2 0.746388 0.360985 0.050647 0.040806
2 0.747603 0.373494 0.050274 0.040319
2 0.748300 0.379585 0.051091 0.041238
2 0.749199 0.392193 0.050531 0.041398
2 0.750326 0.404411 0.051779 0.042303
2 0.750656 0.410998 0.050973 0.041934
2 0.751585 0.423503 0.052105 0.042898
2 0.751848 0.429676 0.051978 0.042805
2 0.752249 0.442720 0.051453 0.042879
2 0.752740 0.455306 0.051467 0.042434
2 0.752892 0.468433 0.051797 0.042964
2 0.753011 0.481358 0.051820 0.042729
2 0.752860 0.495142 0.051566 0.042499
2 0.752792 0.501713 0.052080 0.043518
2 0.752259 0.515289 0.051272 0.042756
2 0.751866 0.528951 0.051875 0.042865
2 0.751470 0.535534 0.052103 0.042972
2 0.750612 0.549195 0.050795 0.041611
2 0.742969 0.550781 0.082812 0.054688
2 0.744531 0.568359 0.079687 0.058594
2 0.742188 0.572266 0.071875 0.054688
2 0.742969 0.584961 0.070312 0.056641
2 0.739062 0.589844 0.071875 0.050781
2 0.736719 0.606445 0.079687 0.064453
2 0.735938 0.612305 0.075000 0.064453
2 0.734375 0.630859 0.068750 0.054688
2 0.735938 0.637695 0.075000 0.048828
2 0.735156 0.650391 0.070312 0.046875
2 0.730469 0.667969 0.073438 0.046875
2 0.729687 0.672852 0.075000 0.044922
2 0.725781 0.687500 0.064062 0.050781
2 0.724219 0.705078 0.070312 0.046875
2 0.722656 0.714844 0.079687 0.042969
2 0.717969 0.727539 0.073438 0.048828
2 0.714844 0.736328 0.079687 0.042969
2 0.710156 0.751953 0.073438 0.039062
2 0.712500 0.759766 0.084375 0.035156
2 0.706250 0.767578 0.078125 0.050781
2 0.703906 0.785156 0.073438 0.050781
2 0.699219 0.799805 0.070312 0.044922
2 0.694531 0.814453 0.067187 0.046875
2 0.688281 0.832031 0.079687 0.039062
2 0.686719 0.837891 0.076563 0.035156
2 0.685156 0.847656 0.064062 0.031250
2 0.678125 0.863281 0.062500 0.035156
2 0.672656 0.868164 0.070312 0.033203
2 0.666406 0.875977 0.076563 0.029297
2 0.664062 0.882812 0.068750 0.039062
2 0.655469 0.895508 0.070312 0.041016
2 0.654687 0.897461 0.065625 0.041016
2 0.646875 0.907227 0.065625 0.044922
2 0.635937 0.916016 0.071875 0.050781
2 0.636719 0.919922 0.067187 0.050781
2 0.633594 0.927734 0.073438 0.042969
2 0.622792 0.936668 0.074963 0.052446
2 0.619531 0.938477 0.076563 0.048828
2 0.613281 0.940430 0.082812 0.052734
2 0.602344 0.946289 0.070312 0.044922
2 0.598437 0.952148 0.078125 0.048828
2 0.588281 0.955078 0.073438 0.042969
2 0.583594 0.960938 0.067187 0.050781
2 0.575781 0.959961 0.073438 0.048828
2 0.570312 0.962891 0.078125 0.042969
2 0.565625 0.963867 0.078125 0.044922
2 0.557031 0.964844 0.073438 0.042969
2 0.546094 0.967773 0.073438 0.044922
2 0.540625 0.968750 0.071875 0.042969
