2 0.776563 0.666016 0.034375 0.046875
2 0.778013 0.664481 0.034152 0.046596
2 0.779464 0.662946 0.033929 0.046317
2 0.780915 0.661412 0.033705 0.046038
2 0.782366 0.659877 0.033482 0.045759
2 0.783817 0.658343 0.033259 0.045480
2 0.785268 0.656808 0.033036 0.045201
2 0.786719 0.655273 0.032813 0.044922
2 0.785882 0.654088 0.033147 0.045061
2 0.785045 0.652902 0.033482 0.045201
2 0.784208 0.651716 0.033817 0.045340
2 0.783371 0.650530 0.034152 0.045480
2 0.782533 0.649344 0.034487 0.045619
2 0.781696 0.648158 0.034821 0.045759
2 0.780859 0.646973 0.035156 0.045898
2 0.780022 0.645787 0.035491 0.046038
2 0.779185 0.644601 0.035826 0.046177
2 0.778348 0.643415 0.036161 0.046317
2 0.777511 0.642229 0.036496 0.046456
2 0.776674 0.641044 0.036830 0.046596
2 0.775837 0.639858 0.037165 0.046735
2 0.775000 0.638672 0.037500 0.046875
2 0.772416 0.637320 0.037380 0.046875
2 0.769832 0.635968 0.037260 0.046875
2 0.767248 0.634615 0.037139 0.046875
2 0.764663 0.633263 0.037019 0.046875
2 0.762079 0.631911 0.036899 0.046875
2 0.759495 0.630559 0.036779 0.046875
2 0.756911 0.629207 0.036659 0.046875
2 0.754327 0.627855 0.036538 0.046875
2 0.751743 0.626502 0.036418 0.046875
2 0.749159 0.625150 0.036298 0.046875
2 0.746575 0.623798 0.036178 0.046875
2 0.743990 0.622446 0.036058 0.046875
2 0.741406 0.621094 0.035937 0.046875
2 0.737266 0.619922 0.036094 0.046875
2 0.733125 0.618750 0.036250 0.046875
2 0.728984 0.617578 0.036406 0.046875
2 0.724844 0.616406 0.036562 0.046875
2 0.720703 0.615234 0.036719 0.046875
2 0.716563 0.614063 0.036875 0.046875
2 0.712422 0.612891 0.037031 0.046875
2 0.708281 0.611719 0.037187 0.046875
2 0.704141 0.610547 0.037344 0.046875
2 0.700000 0.609375 0.037500 0.046875
2 0.695952 0.608310 0.037074 0.046875
2 0.691903 0.607244 0.036648 0.046875
2 0.687855 0.606179 0.036222 0.046875
2 0.683807 0.605114 0.035795 0.046875
2 0.679759 0.604048 0.035369 0.046875
2 0.675710 0.602983 0.034943 0.046875
2 0.671662 0.601918 0.034517 0.046875
2 0.667614 0.600852 0.034091 0.046875
2 0.663565 0.599787 0.033665 0.046875
2 0.659517 0.598722 0.033239 0.046875
2 0.655469 0.597656 0.032813 0.046875
2 0.651823 0.596137 0.032813 0.047743
2 0.648177 0.594618 0.032813 0.048611
2 0.644531 0.593099 0.032813 0.049479
2 0.640885 0.591580 0.032813 0.050347
2 0.637240 0.590061 0.032813 0.051215
2 0.633594 0.588542 0.032813 0.052083
2 0.629948 0.587023 0.032813 0.052951
2 0.626302 0.585503 0.032813 0.053819
2 0.622656 0.583984 0.032813 0.054688
2 0.620455 0.582564 0.032955 0.053977
2 0.618253 0.581143 0.033097 0.053267
2 0.616051 0.579723 0.033239 0.052557
2 0.613849 0.578303 0.033381 0.051847
2 0.611648 0.576882 0.033523 0.051136
2 0.609446 0.575462 0.033665 0.050426
2 0.607244 0.574041 0.033807 0.049716
2 0.605043 0.572621 0.033949 0.049006
2 0.602841 0.571200 0.034091 0.048295
2 0.600639 0.569780 0.034233 0.047585
2 0.598438 0.568359 0.034375 0.046875
2 0.597098 0.566825 0.034375 0.047154
2 0.595759 0.565290 0.034375 0.047433
2 0.594420 0.563756 0.034375 0.047712
2 0.593080 0.562221 0.034375 0.047991
2 0.591741 0.560686 0.034375 0.048270
2 0.590402 0.559152 0.034375 0.048549
2 0.589063 0.557617 0.034375 0.048828
2 0.588184 0.555664 0.034570 0.049316
2 0.587305 0.553711 0.034766 0.049805
2 0.586426 0.551758 0.034961 0.050293
2 0.585547 0.549805 0.035156 0.050781
2 0.584668 0.547852 0.035352 0.051270
2 0.583789 0.545898 0.035547 0.051758
2 0.582910 0.543945 0.035742 0.052246
2 0.582031 0.541992 0.035937 0.052734
2 0.582031 0.539941 0.035937 0.052930
2 0.582031 0.537891 0.035937 0.053125
2 0.582031 0.535840 0.035937 0.053320
2 0.582031 0.533789 0.035937 0.053516
2 0.582031 0.531738 0.035937 0.053711
2 0.582031 0.529688 0.035937 0.053906
2 0.582031 0.527637 0.035937 0.054102
2 0.582031 0.525586 0.035937 0.054297
2 0.582031 0.523535 0.035937 0.054492
2 0.582031 0.521484 0.035937 0.054688
2 0.583268 0.519368 0.036068 0.054362
2 0.584505 0.517253 0.036198 0.054036
2 0.585742 0.515137 0.036328 0.053711
2 0.586979 0.513021 0.036458 0.053385
2 0.588216 0.510905 0.036589 0.053060
2 0.589453 0.508789 0.036719 0.052734
2 0.590690 0.506673 0.036849 0.052409
2 0.591927 0.504557 0.036979 0.052083
2 0.593164 0.502441 0.037109 0.051758
2 0.594401 0.500326 0.037240 0.051432
2 0.595638 0.498210 0.037370 0.051107
2 0.596875 0.496094 0.037500 0.050781
2 0.599107 0.493583 0.037054 0.050781
2 0.601339 0.491071 0.036607 0.050781
2 0.603571 0.488560 0.036161 0.050781
2 0.605804 0.486049 0.035714 0.050781
2 0.608036 0.483538 0.035268 0.050781
2 0.610268 0.481027 0.034821 0.050781
2 0.612500 0.478516 0.034375 0.050781
2 0.614844 0.475952 0.034766 0.050049
2 0.617188 0.473389 0.035156 0.049316
2 0.619531 0.470825 0.035547 0.048584
2 0.621875 0.468262 0.035938 0.047852
2 0.624219 0.465698 0.036328 0.047119
2 0.626563 0.463135 0.036719 0.046387
2 0.628906 0.460571 0.037109 0.045654
2 0.631250 0.458008 0.037500 0.044922
2 0.634549 0.455404 0.037847 0.045790
2 0.637847 0.452799 0.038194 0.046658
2 0.641146 0.450195 0.038542 0.047526
2 0.644444 0.447591 0.038889 0.048394
2 0.647743 0.444987 0.039236 0.049262
2 0.651042 0.442383 0.039583 0.050130
2 0.654340 0.439779 0.039931 0.050998
2 0.657639 0.437174 0.040278 0.051866
2 0.660937 0.434570 0.040625 0.052734
2 0.664063 0.431641 0.040341 0.052912
2 0.667188 0.428711 0.040057 0.053089
2 0.670313 0.425781 0.039773 0.053267
2 0.673438 0.422852 0.039489 0.053445
2 0.676563 0.419922 0.039205 0.053622
2 0.679688 0.416992 0.038920 0.053800
2 0.682813 0.414062 0.038636 0.053977
2 0.685938 0.411133 0.038352 0.054155
2 0.689063 0.408203 0.038068 0.054332
2 0.692188 0.405273 0.037784 0.054510
2 0.695312 0.402344 0.037500 0.054688
2 0.698090 0.399197 0.037847 0.054470
2 0.700868 0.396050 0.038194 0.054253
2 0.703646 0.392904 0.038542 0.054036
2 0.706424 0.389757 0.038889 0.053819
2 0.709201 0.386610 0.039236 0.053602
2 0.711979 0.383464 0.039583 0.053385
2 0.714757 0.380317 0.039931 0.053168
2 0.717535 0.377170 0.040278 0.052951
2 0.720312 0.374023 0.040625 0.052734
2 0.722656 0.368945 0.040625 0.053516
2 0.725000 0.363867 0.040625 0.054297
2 0.727344 0.358789 0.040625 0.055078
2 0.729687 0.353711 0.040625 0.055859
2 0.732031 0.348633 0.040625 0.056641
2 0.734375 0.343555 0.040625 0.057422
2 0.736719 0.338477 0.040625 0.058203
2 0.739062 0.333398 0.040625 0.058984
2 0.741406 0.328320 0.040625 0.059766
2 0.743750 0.323242 0.040625 0.060547
2 0.745117 0.319458 0.041406 0.059814
2 0.746484 0.315674 0.042188 0.059082
2 0.747852 0.311890 0.042969 0.058350
2 0.749219 0.308105 0.043750 0.057617
2 0.750586 0.304321 0.044531 0.056885
2 0.751953 0.300537 0.045313 0.056152
2 0.753320 0.296753 0.046094 0.055420
2 0.754687 0.292969 0.046875 0.054688
2 0.756027 0.288923 0.045982 0.057757
2 0.757366 0.284877 0.045089 0.060826
2 0.758705 0.280831 0.044196 0.063895
2 0.760045 0.276786 0.043304 0.066964
2 0.761384 0.272740 0.042411 0.070033
2 0.762723 0.268694 0.041518 0.073103
2 0.764062 0.264648 0.040625 0.076172
2 0.764453 0.262126 0.041146 0.074707
2 0.764844 0.259603 0.041667 0.073242
2 0.765234 0.257080 0.042188 0.071777
2 0.765625 0.254557 0.042708 0.070312
2 0.766016 0.252035 0.043229 0.068848
2 0.766406 0.249512 0.043750 0.067383
2 0.766797 0.246989 0.044271 0.065918
2 0.767188 0.244466 0.044792 0.064453
2 0.767578 0.241943 0.045313 0.062988
2 0.767969 0.239421 0.045833 0.061523
2 0.768359 0.236898 0.046354 0.060059
2 0.768750 0.234375 0.046875 0.058594
2 0.768359 0.233203 0.046719 0.059375
2 0.767969 0.232031 0.046563 0.060156
2 0.767578 0.230859 0.046406 0.060937
2 0.767188 0.229688 0.046250 0.061719
2 0.766797 0.228516 0.046094 0.062500
2 0.766406 0.227344 0.045938 0.063281
2 0.766016 0.226172 0.045781 0.064062
2 0.765625 0.225000 0.045625 0.064844
2 0.765234 0.223828 0.045469 0.065625
2 0.764844 0.222656 0.045312 0.066406
2 0.764427 0.222591 0.045938 0.066276
2 0.764010 0.222526 0.046563 0.066146
2 0.763594 0.222461 0.047188 0.066016
2 0.763177 0.222396 0.047813 0.065885
2 0.762760 0.222331 0.048438 0.065755
2 0.762344 0.222266 0.049063 0.065625
2 0.761927 0.222201 0.049688 0.065495
2 0.761510 0.222135 0.050313 0.065365
2 0.761094 0.222070 0.050938 0.065234
2 0.760677 0.222005 0.051563 0.065104
2 0.760260 0.221940 0.052188 0.064974
2 0.759844 0.221875 0.052813 0.064844
2 0.759427 0.221810 0.053438 0.064714
2 0.759010 0.221745 0.054063 0.064583
2 0.758594 0.221680 0.054688 0.064453
2 0.758281 0.221745 0.053854 0.064062
2 0.757969 0.221810 0.053021 0.063672
2 0.757656 0.221875 0.052187 0.063281
2 0.757344 0.221940 0.051354 0.062891
2 0.757031 0.222005 0.050521 0.062500
2 0.756719 0.222070 0.049687 0.062109
2 0.756406 0.222135 0.048854 0.061719
2 0.756094 0.222201 0.048021 0.061328
2 0.755781 0.222266 0.047187 0.060937
2 0.755469 0.222331 0.046354 0.060547
2 0.755156 0.222396 0.045521 0.060156
2 0.754844 0.222461 0.044687 0.059766
2 0.754531 0.222526 0.043854 0.059375
2 0.754219 0.222591 0.043021 0.058984
2 0.753906 0.222656 0.042188 0.058594
2 0.753846 0.222957 0.042308 0.058894
2 0.753786 0.223257 0.042428 0.059195
2 0.753726 0.223558 0.042548 0.059495
2 0.753666 0.223858 0.042668 0.059796
2 0.753606 0.224159 0.042788 0.060096
2 0.753546 0.224459 0.042909 0.060397
2 0.753486 0.224760 0.043029 0.060697
2 0.753425 0.225060 0.043149 0.060998
2 0.753365 0.225361 0.043269 0.061298
2 0.753305 0.225661 0.043389 0.061599
2 0.753245 0.225962 0.043510 0.061899
2 0.753185 0.226262 0.043630 0.062200
2 0.753125 0.226562 0.043750 0.062500
2 0.753196 0.226651 0.043608 0.062322
2 0.753267 0.226740 0.043466 0.062145
2 0.753338 0.226829 0.043324 0.061967
2 0.753409 0.226918 0.043182 0.061790
2 0.753480 0.227006 0.043040 0.061612
2 0.753551 0.227095 0.042898 0.061435
2 0.753622 0.227184 0.042756 0.061257
2 0.753693 0.227273 0.042614 0.061080
2 0.753764 0.227362 0.042472 0.060902
2 0.753835 0.227450 0.042330 0.060724
2 0.753906 0.227539 0.042188 0.060547
2 0.754199 0.227539 0.042188 0.060791
2 0.754492 0.227539 0.042188 0.061035
2 0.754785 0.227539 0.042188 0.061279
2 0.755078 0.227539 0.042188 0.061523
2 0.755371 0.227539 0.042188 0.061768
2 0.755664 0.227539 0.042188 0.062012
2 0.755957 0.227539 0.042188 0.062256
2 0.756250 0.227539 0.042188 0.062500
2 0.756543 0.227539 0.042188 0.062744
2 0.756836 0.227539 0.042188 0.062988
2 0.757129 0.227539 0.042188 0.063232
2 0.757422 0.227539 0.042188 0.063477
2 0.757715 0.227539 0.042188 0.063721
2 0.758008 0.227539 0.042188 0.063965
2 0.758301 0.227539 0.042188 0.064209
2 0.758594 0.227539 0.042188 0.064453
2 0.758659 0.227295 0.042318 0.063965
2 0.758724 0.227051 0.042448 0.063477
2 0.758789 0.226807 0.042578 0.062988
2 0.758854 0.226562 0.042708 0.062500
2 0.758919 0.226318 0.042839 0.062012
2 0.758984 0.226074 0.042969 0.061523
2 0.759049 0.225830 0.043099 0.061035
2 0.759115 0.225586 0.043229 0.060547
2 0.759180 0.225342 0.043359 0.060059
2 0.759245 0.225098 0.043490 0.059570
2 0.759310 0.224854 0.043620 0.059082
2 0.759375 0.224609 0.043750 0.058594
2 0.759668 0.224670 0.043945 0.058472
2 0.759961 0.224731 0.044141 0.058350
2 0.760254 0.224792 0.044336 0.058228
2 0.760547 0.224854 0.044531 0.058105
2 0.760840 0.224915 0.044727 0.057983
2 0.761133 0.224976 0.044922 0.057861
2 0.761426 0.225037 0.045117 0.057739
2 0.761719 0.225098 0.045312 0.057617
2 0.762012 0.225159 0.045508 0.057495
2 0.762305 0.225220 0.045703 0.057373
2 0.762598 0.225281 0.045898 0.057251
2 0.762891 0.225342 0.046094 0.057129
2 0.763184 0.225403 0.046289 0.057007
2 0.763477 0.225464 0.046484 0.056885
2 0.763770 0.225525 0.046680 0.056763
2 0.764062 0.225586 0.046875 0.056641
2 0.764063 0.225792 0.046711 0.056435
2 0.764063 0.225997 0.046546 0.056229
2 0.764063 0.226203 0.046382 0.056024
2 0.764063 0.226408 0.046217 0.055818
2 0.764063 0.226614 0.046053 0.055613
2 0.764063 0.226819 0.045888 0.055407
2 0.764063 0.227025 0.045724 0.055201
2 0.764063 0.227231 0.045559 0.054996
2 0.764063 0.227436 0.045395 0.054790
2 0.764063 0.227642 0.045230 0.054585
2 0.764063 0.227847 0.045066 0.054379
2 0.764063 0.228053 0.044901 0.054174
2 0.764063 0.228259 0.044737 0.053968
2 0.764063 0.228464 0.044572 0.053762
2 0.764063 0.228670 0.044408 0.053557
2 0.764063 0.228875 0.044243 0.053351
2 0.764063 0.229081 0.044079 0.053146
2 0.764063 0.229287 0.043914 0.052940
2 0.764062 0.229492 0.043750 0.052734
