2 0.862480 0.108364 0.057110 0.069387
2 0.863523 0.121126 0.057493 0.069933
2 0.863991 0.127243 0.057088 0.069336
2 0.865218 0.140287 0.057822 0.070319
2 0.865610 0.146618 0.056734 0.068880
2 0.866658 0.158632 0.057784 0.070219
2 0.867200 0.164581 0.057094 0.069315
2 0.868351 0.176949 0.058312 0.070874
2 0.869196 0.189369 0.055625 0.067482
2 0.869774 0.202284 0.057952 0.070412
2 0.869978 0.208285 0.058041 0.070515
2 0.870611 0.220933 0.057098 0.069309
2 0.871078 0.226786 0.057218 0.069487
2 0.871136 0.232812 0.057382 0.069684
2 0.871775 0.245014 0.058237 0.070723
2 0.871740 0.257119 0.057546 0.069885
2 0.871880 0.262972 0.057436 0.069739
2 0.871930 0.274626 0.057240 0.069479
2 0.871838 0.280823 0.056627 0.068743
2 0.871969 0.292096 0.056700 0.068779
2 0.872420 0.303209 0.055559 0.067345
2 0.872815 0.314392 0.056197 0.068195
2 0.873118 0.325441 0.057093 0.069299
2 0.873395 0.330941 0.056899 0.069022
2 0.873582 0.341759 0.055624 0.067442
2 0.873862 0.346995 0.055021 0.066673
2 0.874051 0.357289 0.054935 0.066594
2 0.874280 0.362148 0.057239 0.069460
2 0.874420 0.372056 0.058542 0.071137
2 0.874471 0.376882 0.057670 0.070110
2 0.874504 0.386423 0.057973 0.070486
2 0.874839 0.390977 0.058073 0.070554
2 0.874745 0.399144 0.058734 0.071362
2 0.874651 0.403776 0.058497 0.071109
2 0.874347 0.411536 0.058353 0.070929
2 0.874130 0.418930 0.058067 0.070519
2 0.873742 0.426258 0.057733 0.070102
2 0.873661 0.429778 0.057789 0.070193
2 0.873100 0.436101 0.058970 0.071679
2 0.872413 0.442491 0.057868 0.070269
2 0.871508 0.448413 0.059551 0.072401
2 0.870737 0.451248 0.057310 0.069585
2 0.870331 0.454136 0.059235 0.071977
2 0.869063 0.459518 0.058130 0.070594
2 0.868027 0.464910 0.058249 0.070796
2 0.867020 0.469725 0.059441 0.072246
2 0.866365 0.471731 0.058301 0.070821
2 0.864919 0.476295 0.057730 0.070177
2 0.864106 0.478192 0.057627 0.070020
2 0.862819 0.482170 0.056833 0.069021
2 0.862118 0.484079 0.058328 0.070922
2 0.860467 0.487871 0.058436 0.071057
2 0.858913 0.491140 0.059390 0.072199
2 0.857935 0.492536 0.057864 0.070276
2 0.856086 0.495434 0.058755 0.071406
2 0.854477 0.498354 0.058404 0.070966
2 0.853408 0.499564 0.057230 0.069513
2 0.851621 0.501945 0.057670 0.070056
2 0.850722 0.503158 0.057625 0.069988
2 0.849140 0.504751 0.057516 0.069834
2 0.848287 0.505563 0.058025 0.070529
2 0.847054 0.507314 0.057797 0.070233
2 0.846619 0.508230 0.058706 0.071375
2 0.845656 0.509339 0.057489 0.069857
2 0.845309 0.509701 0.058042 0.070558
2 0.845045 0.510084 0.058643 0.071296
2 0.845161 0.510207 0.058491 0.071085
2 0.845991 0.510235 0.057270 0.069524
2 0.846694 0.510030 0.058337 0.070900
2 0.848218 0.509230 0.058504 0.071126
2 0.849282 0.508678 0.058334 0.070865
2 0.851485 0.507176 0.058727 0.071373
2 0.852779 0.506208 0.058697 0.071340
2 0.855082 0.504174 0.057174 0.069401
2 0.856408 0.503148 0.058200 0.070694
2 0.858990 0.500877 0.058967 0.071666
2 0.860245 0.499751 0.057548 0.069935
2 0.862517 0.497006 0.058622 0.071208
2 0.863575 0.496062 0.058275 0.070828
2 0.865360 0.493734 0.058007 0.070478
2 0.867004 0.491261 0.058117 0.070591
2 0.867597 0.490230 0.056788 0.068933
2 0.868558 0.487990 0.057373 0.069677
2 0.868814 0.486809 0.057467 0.069758
2 0.868790 0.484548 0.057410 0.069686
2 0.868609 0.483047 0.057691 0.070034
2 0.867337 0.481125 0.057356 0.069599
2 0.867026 0.479876 0.057527 0.069850
2 0.864704 0.478279 0.056323 0.068323
2 0.863381 0.477607 0.057579 0.069891
2 0.860029 0.476227 0.056586 0.068654
2 0.855929 0.474868 0.057874 0.070279
2 0.853437 0.474619 0.057144 0.069347
2 0.848060 0.473488 0.058210 0.070702
2 0.845139 0.473252 0.057982 0.070410
2 0.838698 0.472288 0.057992 0.070466
2 0.831452 0.471606 0.057586 0.069931
2 0.827799 0.471286 0.058419 0.071019
2 0.819947 0.470646 0.058250 0.070850
2 0.812307 0.469164 0.058816 0.071536
2 0.808106 0.468583 0.057319 0.069675
2 0.799770 0.466658 0.059053 0.071876
2 0.791295 0.463786 0.057553 0.069928
2 0.787345 0.462753 0.058450 0.071123
2 0.779221 0.459762 0.059117 0.071935
2 0.771297 0.456408 0.058150 0.070746
2 0.767357 0.454669 0.056603 0.068776
2 0.760499 0.450716 0.057991 0.070588
2 0.757071 0.448356 0.057363 0.069744
2 0.751430 0.443519 0.057436 0.069850
2 0.748718 0.441003 0.056214 0.068304
2 0.743945 0.435000 0.056433 0.068576
2 0.739971 0.428623 0.057695 0.070174
2 0.738441 0.425361 0.057457 0.069944
2 0.736038 0.418082 0.056785 0.069025
2 0.734493 0.410771 0.056632 0.068798
2 0.734117 0.406872 0.057788 0.070288
2 0.733927 0.398652 0.057492 0.069940
2 0.734371 0.389577 0.056870 0.069087
2 0.735559 0.380654 0.057195 0.069589
2 0.736258 0.375824 0.055456 0.067284
2 0.737752 0.366207 0.055377 0.067183
2 0.739473 0.356329 0.054558 0.066145
2 0.740635 0.351583 0.056019 0.068038
2 0.742514 0.341770 0.055017 0.066764
2 0.743404 0.336915 0.058307 0.070926
2 0.745274 0.327542 0.056835 0.069076
2 0.746283 0.322743 0.057603 0.070040
2 0.747962 0.313851 0.057847 0.070368
2 0.748756 0.309365 0.055011 0.066742
2 0.750482 0.301206 0.054836 0.066525
2 0.751939 0.293089 0.054658 0.066305
2 0.752661 0.289204 0.058059 0.070610
2 0.754126 0.281818 0.057985 0.070507
2 0.755851 0.271538 0.058107 0.070670
2 0.756803 0.265285 0.054278 0.065859
2 0.757331 0.262348 0.058018 0.070547
2 0.758380 0.256454 0.055094 0.066841
2 0.758439 0.254082 0.055947 0.067934
2 0.759306 0.248924 0.058307 0.070896
2 0.759462 0.246589 0.056987 0.069225
2 0.760054 0.242335 0.056163 0.068203
2 0.760263 0.238530 0.058248 0.070836
2 0.760516 0.236881 0.059225 0.072055
2 0.760612 0.233836 0.059144 0.071971
2 0.760749 0.232435 0.058835 0.071568
2 0.760814 0.229934 0.058630 0.071310
2 0.760972 0.228856 0.057584 0.069974
2 0.760986 0.227629 0.057816 0.070267
2 0.760569 0.226551 0.058488 0.071144
2 0.760679 0.226028 0.058578 0.071266
2 0.760177 0.225885 0.057176 0.069479
2 0.760099 0.225766 0.057002 0.069252
2 0.759721 0.225874 0.055519 0.067385
2 0.759273 0.226679 0.057380 0.069740
2 0.758849 0.227563 0.057779 0.070245
2 0.758677 0.228298 0.055828 0.067810
2 0.757628 0.230236 0.056501 0.068655
2 0.757570 0.231450 0.056893 0.069139
2 0.756691 0.233572 0.054731 0.066395
2 0.755626 0.236754 0.057063 0.069349
2 0.755292 0.238701 0.055035 0.066781
2 0.754280 0.241820 0.056801 0.069048
2 0.753042 0.246446 0.056150 0.068190
2 0.752440 0.248883 0.056218 0.068290
2 0.751302 0.253551 0.056390 0.068525
2 0.750727 0.256488 0.055244 0.067058
2 0.749507 0.261936 0.056540 0.068706
2 0.748495 0.265090 0.054959 0.066704
2 0.747055 0.270783 0.055159 0.066953
2 0.746202 0.274413 0.056367 0.068494
2 0.744288 0.280955 0.054301 0.065904
2 0.743267 0.283861 0.056988 0.069288
2 0.741420 0.290621 0.054619 0.066335
2 0.740338 0.293877 0.056611 0.068816
2 0.738108 0.300340 0.053462 0.064890
2 0.736007 0.306389 0.054268 0.065891
2 0.734865 0.309497 0.053754 0.065209
2 0.732810 0.315502 0.055084 0.066918
2 0.731576 0.318682 0.053721 0.065181
2 0.729240 0.324596 0.056432 0.068625
2 0.726816 0.330729 0.054121 0.065664
2 0.725744 0.333738 0.054579 0.066322
2 0.723491 0.339803 0.054479 0.066154
2 0.720859 0.345677 0.053557 0.064978
2 0.719907 0.348539 0.055996 0.068066
2 0.717535 0.354477 0.053257 0.064580
2 0.716557 0.357525 0.055330 0.067242
2 0.714350 0.363449 0.053381 0.064729
2 0.713299 0.366654 0.054206 0.065835
2 0.711357 0.372837 0.052879 0.064126
2 0.710476 0.375843 0.055886 0.067915
2 0.708919 0.381596 0.055936 0.067980
2 0.707269 0.387690 0.055837 0.067861
2 0.706504 0.390282 0.053155 0.064477
2 0.704960 0.395825 0.053342 0.064690
2 0.704525 0.398377 0.055168 0.067021
2 0.703476 0.403297 0.053499 0.064865
2 0.702653 0.408198 0.055893 0.067959
2 0.702213 0.410533 0.054055 0.065580
2 0.701546 0.415111 0.055069 0.066868
2 0.701122 0.417340 0.055883 0.067967
2 0.701015 0.420210 0.056016 0.068104
2 0.700103 0.424746 0.054779 0.066506
2 0.699628 0.429718 0.055954 0.068031
2 0.699344 0.432019 0.055690 0.067693
2 0.698384 0.436541 0.055128 0.066970
2 0.698250 0.439086 0.055278 0.067218
2 0.697503 0.443634 0.054053 0.065624
2 0.697247 0.445825 0.053242 0.064582
2 0.696665 0.450832 0.054868 0.066720
2 0.695998 0.455549 0.054052 0.065628
2 0.695557 0.458094 0.052967 0.064270
2 0.694728 0.463772 0.055632 0.067652
2 0.694689 0.466410 0.054562 0.066346
2 0.693742 0.472153 0.053324 0.064749
2 0.693505 0.475064 0.054582 0.066292
2 0.692716 0.480873 0.052482 0.063622
2 0.692175 0.483729 0.053155 0.064523
2 0.691327 0.489626 0.052980 0.064317
2 0.690976 0.492717 0.052240 0.063307
2 0.689342 0.502039 0.052169 0.063229
2 0.688990 0.505092 0.053188 0.064555
2 0.688154 0.511612 0.052355 0.063505
2 0.687446 0.515049 0.052722 0.063992
2 0.686641 0.521698 0.052822 0.064082
2 0.686172 0.525121 0.051493 0.062430
2 0.684995 0.531703 0.052490 0.063663
2 0.683993 0.538778 0.053732 0.065310
2 0.683395 0.542146 0.051999 0.063087
2 0.682283 0.549165 0.054779 0.066583
2 0.681778 0.552884 0.051911 0.062940
2 0.680688 0.560438 0.053622 0.065200
2 0.679550 0.567757 0.052518 0.063784
2 0.677949 0.574339 0.052566 0.063854
2 0.677124 0.577667 0.050677 0.061507
2 0.675170 0.583432 0.050215 0.060909
2 0.673573 0.588796 0.051913 0.062977
2 0.671627 0.594277 0.054219 0.065870
2 0.669358 0.598734 0.052051 0.063168
2 0.668279 0.601212 0.053194 0.064674
2 0.667051 0.603239 0.052366 0.063609
2 0.664308 0.607043 0.050691 0.061491
2 0.661588 0.610433 0.051852 0.062929
2 0.660111 0.611781 0.052600 0.063849
2 0.657004 0.614812 0.051980 0.063118
2 0.655552 0.615860 0.053046 0.064408
2 0.652238 0.617895 0.051547 0.062509
2 0.648762 0.619416 0.050239 0.060847
2 0.647045 0.619631 0.050633 0.061339
2 0.643151 0.620879 0.052241 0.063438
2 0.639494 0.620915 0.049801 0.060329
2 0.635375 0.621206 0.052599 0.063853
2 0.631185 0.620446 0.050861 0.061680
2 0.629443 0.619826 0.052263 0.063403
2 0.625170 0.618283 0.050140 0.060747
2 0.621039 0.615996 0.051457 0.062409
2 0.619099 0.615019 0.049815 0.060361
2 0.615145 0.612039 0.052798 0.064121
2 0.611350 0.608707 0.049728 0.060257
2 0.609797 0.606646 0.049833 0.060384
2 0.606292 0.602813 0.050790 0.061600
2 0.603122 0.598251 0.051128 0.061975
2 0.601610 0.595933 0.050957 0.061754
2 0.598625 0.591472 0.049803 0.060312
2 0.597411 0.589028 0.050073 0.060653
2 0.594707 0.584096 0.052431 0.063630
2 0.593091 0.581702 0.052110 0.063271
2 0.590679 0.576725 0.051242 0.062079
2 0.589544 0.574301 0.050514 0.061181
2 0.587313 0.569704 0.051630 0.062640
2 0.585146 0.564909 0.052031 0.063091
2 0.584146 0.562779 0.052758 0.064007
2 0.581745 0.557667 0.050441 0.061098
2 0.580776 0.555478 0.052881 0.064184
2 0.578307 0.551096 0.050751 0.061481
2 0.576412 0.547288 0.052445 0.063611
2 0.575192 0.545260 0.050415 0.061058
2 0.573142 0.541460 0.052422 0.063591
2 0.571914 0.539651 0.051022 0.061819
2 0.569566 0.536507 0.051374 0.062336
2 0.568479 0.534571 0.051716 0.062754
2 0.566056 0.532027 0.050432 0.061084
2 0.564816 0.530777 0.051111 0.061997
2 0.561960 0.528219 0.053079 0.064440
2 0.559581 0.526036 0.050718 0.061422
2 0.558071 0.524928 0.049769 0.060281
2 0.555571 0.523426 0.052804 0.064096
2 0.554168 0.522277 0.053372 0.064792
2 0.550985 0.520505 0.053168 0.064551
2 0.549527 0.519835 0.053583 0.065045
2 0.544934 0.517636 0.053250 0.064643
2 0.543325 0.517117 0.052768 0.064081
2 0.540212 0.515517 0.053255 0.064674
2 0.536809 0.514455 0.052782 0.064051
2 0.535164 0.513593 0.051690 0.062693
2 0.531795 0.512156 0.050984 0.061764
2 0.530148 0.511768 0.051134 0.061986
2 0.526823 0.510007 0.051552 0.062510
2 0.525223 0.509385 0.050182 0.060820
2 0.522063 0.507881 0.051140 0.061992
2 0.520562 0.506924 0.050401 0.061086
2 0.517755 0.505455 0.049366 0.059784
2 0.515405 0.503261 0.050821 0.061635
2 0.513323 0.501031 0.050805 0.061607
2 0.511610 0.498285 0.050364 0.060998
2 0.510938 0.497070 0.050000 0.060547
