2 0.662500 0.303711 0.046875 0.041016
2 0.662048 0.305739 0.050000 0.044461
2 0.660501 0.309058 0.050065 0.044975
2 0.659576 0.310437 0.040666 0.036222
2 0.658097 0.314224 0.040479 0.036180
2 0.656666 0.317537 0.040815 0.035795
2 0.656134 0.319588 0.047956 0.043188
2 0.654631 0.322893 0.047532 0.041881
2 0.653828 0.324697 0.045018 0.040102
2 0.652135 0.328383 0.043418 0.038193
2 0.651429 0.330535 0.050759 0.045744
2 0.649819 0.334427 0.050458 0.045375
2 0.648253 0.338413 0.050674 0.045291
2 0.646567 0.342435 0.050579 0.044657
2 0.645651 0.344162 0.044079 0.040007
2 0.645009 0.346437 0.050571 0.044255
2 0.643400 0.350457 0.050457 0.044205
2 0.641203 0.354523 0.043848 0.038726
2 0.640521 0.356684 0.049469 0.044463
2 0.638640 0.361052 0.051731 0.047835
2 0.637648 0.362831 0.042314 0.037786
2 0.636018 0.367195 0.044455 0.039984
2 0.634270 0.371684 0.051114 0.045520
2 0.633286 0.373500 0.044738 0.040410
2 0.631397 0.378103 0.044455 0.039333
2 0.629629 0.382719 0.049557 0.045850
2 0.628400 0.384984 0.042297 0.037044
2 0.626747 0.389758 0.043108 0.037840
2 0.625943 0.392372 0.050536 0.047156
2 0.623980 0.397073 0.045572 0.040910
2 0.623243 0.399770 0.052124 0.048007
2 0.621432 0.404791 0.052294 0.048037
2 0.620633 0.407026 0.044802 0.040216
2 0.618701 0.412561 0.050241 0.045768
2 0.617911 0.414986 0.046366 0.040630
2 0.615872 0.420192 0.044152 0.039325
2 0.615278 0.422886 0.051570 0.046222
2 0.613197 0.427939 0.048169 0.044388
2 0.611265 0.433215 0.045158 0.041642
2 0.610679 0.435855 0.053632 0.050472
2 0.608744 0.441065 0.052344 0.049188
2 0.607967 0.443309 0.046609 0.043250
2 0.606287 0.448595 0.050460 0.046038
2 0.605146 0.450990 0.046160 0.042555
2 0.603477 0.456044 0.046424 0.041274
2 0.602890 0.458616 0.053612 0.050059
2 0.601179 0.463532 0.052655 0.046801
2 0.599588 0.468710 0.053637 0.050761
2 0.598820 0.471035 0.045318 0.040130
2 0.597185 0.476078 0.045028 0.040783
2 0.595706 0.480831 0.045971 0.041172
2 0.595089 0.483645 0.053275 0.048067
2 0.593593 0.488871 0.052878 0.047045
2 0.592019 0.493924 0.053212 0.049822
2 0.591724 0.496264 0.053778 0.050359
2 0.590199 0.501542 0.054272 0.050524
2 0.589003 0.506331 0.052938 0.048226
2 0.588188 0.508704 0.048868 0.043438
2 0.587064 0.514026 0.053876 0.050149
2 0.586637 0.516304 0.049520 0.044653
2 0.585083 0.521773 0.049744 0.045599
2 0.583985 0.527260 0.055631 0.052739
2 0.582918 0.532484 0.051105 0.046241
2 0.582170 0.535320 0.053498 0.050110
2 0.581031 0.540347 0.055187 0.050258
2 0.579742 0.545072 0.050971 0.047132
2 0.579716 0.547431 0.052253 0.046120
2 0.578555 0.551762 0.049273 0.044067
2 0.577850 0.555883 0.054092 0.048590
2 0.577802 0.557604 0.053946 0.047463
2 0.577157 0.560728 0.046787 0.041038
2 0.576947 0.563443 0.049032 0.044599
2 0.576776 0.565777 0.047503 0.041719
2 0.577131 0.568151 0.046954 0.042083
2 0.577747 0.570351 0.055048 0.051534
2 0.578240 0.571237 0.053297 0.046986
2 0.578147 0.572144 0.051722 0.047520
2 0.579356 0.574189 0.054619 0.050788
2 0.580531 0.575802 0.051145 0.046384
2 0.581164 0.576743 0.053644 0.047332
2 0.582910 0.578893 0.054689 0.048777
2 0.584503 0.580779 0.054016 0.048891
2 0.585129 0.581891 0.049377 0.044903
2 0.587126 0.583988 0.053884 0.050148
2 0.589344 0.585725 0.046307 0.041329
2 0.591866 0.588234 0.053180 0.048468
2 0.593009 0.589181 0.049455 0.043996
2 0.595630 0.591200 0.047445 0.042024
2 0.597273 0.592096 0.047876 0.042266
2 0.600022 0.594217 0.050626 0.044613
2 0.601560 0.595591 0.052221 0.048119
2 0.604809 0.597479 0.049702 0.045254
2 0.606955 0.598284 0.051043 0.046706
2 0.610621 0.600378 0.052797 0.046996
2 0.614124 0.602334 0.052530 0.047115
2 0.615963 0.603410 0.047698 0.043084
2 0.620125 0.605661 0.052285 0.047769
2 0.623989 0.607613 0.046732 0.040988
2 0.626262 0.609149 0.052415 0.048312
2 0.630600 0.611249 0.050986 0.046857
2 0.633054 0.612151 0.050841 0.046110
2 0.637403 0.614175 0.052234 0.046602
2 0.641969 0.616141 0.052249 0.046433
2 0.644186 0.617118 0.046560 0.041753
2 0.648956 0.618995 0.046966 0.042183
2 0.651697 0.619906 0.053478 0.048354
2 0.656586 0.621887 0.052363 0.047926
2 0.659341 0.623157 0.055256 0.051488
2 0.664400 0.624997 0.048745 0.044204
2 0.669704 0.627091 0.054351 0.050407
2 0.672381 0.627594 0.052450 0.048335
2 0.677836 0.629450 0.056945 0.051705
2 0.680250 0.630140 0.047682 0.041817
2 0.685980 0.631218 0.055685 0.051231
2 0.691916 0.631712 0.056568 0.049716
2 0.694541 0.631606 0.053467 0.048591
2 0.700512 0.631620 0.053149 0.048703
2 0.703373 0.631260 0.052473 0.046465
2 0.709513 0.630324 0.055304 0.049968
2 0.712678 0.629352 0.055205 0.049520
2 0.719312 0.627463 0.052640 0.047943
2 0.725966 0.625543 0.054470 0.048189
2 0.729523 0.624187 0.058875 0.052555
2 0.736377 0.621074 0.049784 0.045132
2 0.743654 0.617911 0.058264 0.051586
2 0.747271 0.616287 0.052660 0.046938
2 0.754729 0.613125 0.057493 0.052686
2 0.758237 0.611083 0.050431 0.045032
2 0.765906 0.607244 0.053159 0.048031
2 0.769910 0.605419 0.058773 0.054441
2 0.777698 0.601489 0.058712 0.054458
2 0.785261 0.596878 0.053911 0.047488
2 0.789453 0.594474 0.056564 0.051354
2 0.797111 0.590526 0.057364 0.050634
2 0.800901 0.588291 0.055479 0.049657
2 0.808918 0.584410 0.058102 0.052635
2 0.812753 0.582239 0.056311 0.051287
2 0.820669 0.578301 0.054643 0.049444
2 0.825047 0.576527 0.059671 0.054993
2 0.832934 0.573583 0.058764 0.052587
2 0.836740 0.572143 0.056001 0.051288
2 0.844998 0.569813 0.059547 0.054110
2 0.852794 0.568395 0.060425 0.056334
2 0.856661 0.567775 0.053592 0.047669
2 0.864589 0.567188 0.055195 0.049828
2 0.868866 0.567382 0.057909 0.050699
2 0.876680 0.568029 0.058396 0.053654
2 0.880413 0.568518 0.054599 0.049752
2 0.888576 0.570108 0.058009 0.053574
2 0.896260 0.571997 0.056536 0.051877
2 0.900243 0.573003 0.056169 0.049149
2 0.908100 0.575005 0.057999 0.051053
2 0.911453 0.576237 0.053491 0.048356
2 0.918883 0.578423 0.059895 0.055139
2 0.922391 0.579161 0.053900 0.047639
2 0.929147 0.581416 0.057870 0.052062
2 0.932364 0.582399 0.059536 0.054784
2 0.938451 0.583973 0.057985 0.053615
2 0.943943 0.585466 0.059267 0.054035
2 0.946620 0.586092 0.061851 0.057995
2 0.951554 0.587602 0.061692 0.057232
2 0.953749 0.587894 0.053754 0.049119
2 0.958121 0.588956 0.058671 0.051804
2 0.959896 0.589787 0.053618 0.049150
2 0.961019 0.590650 0.054439 0.052734
2 0.959678 0.590538 0.050093 0.054688
2 0.961925 0.591668 0.047944 0.054688
2 0.964227 0.591690 0.043339 0.046875
2 0.964422 0.593093 0.047633 0.056641
2 0.966452 0.594034 0.045917 0.054688
2 0.968297 0.594180 0.044570 0.048828
2 0.970190 0.595444 0.043126 0.048828
2 0.969269 0.595691 0.047309 0.056641
2 0.969713 0.596385 0.044080 0.050781
2 0.972700 0.596503 0.045134 0.046875
2 0.971620 0.597966 0.042609 0.046875
2 0.971274 0.599036 0.040958 0.046875
2 0.969106 0.599838 0.045293 0.052734
2 0.969265 0.600115 0.047318 0.054688
2 0.971682 0.601593 0.044827 0.046875
2 0.968749 0.602831 0.048350 0.054688
2 0.969822 0.603277 0.046204 0.048828
2 0.969402 0.603796 0.047043 0.044922
2 0.965501 0.605544 0.050161 0.058594
2 0.963736 0.606111 0.049006 0.054688
2 0.962783 0.607148 0.048569 0.056641
2 0.962275 0.608294 0.051929 0.054688
2 0.964514 0.609758 0.052178 0.046731
2 0.963523 0.610339 0.056770 0.050017
2 0.961021 0.611528 0.060457 0.056700
2 0.958140 0.612968 0.054303 0.050053
2 0.956651 0.613419 0.052801 0.048674
2 0.953826 0.614471 0.053067 0.047350
2 0.950787 0.615860 0.053555 0.047209
2 0.949202 0.616418 0.054037 0.048234
2 0.945661 0.617867 0.055767 0.049468
2 0.944096 0.618386 0.055984 0.050143
2 0.940537 0.619518 0.063172 0.059496
2 0.938776 0.619985 0.061118 0.054972
2 0.934959 0.620847 0.053860 0.049620
2 0.933077 0.621429 0.057664 0.053375
2 0.929164 0.622492 0.059234 0.054013
2 0.927033 0.622901 0.053787 0.049942
2 0.923196 0.624218 0.061383 0.054962
2 0.918904 0.625020 0.059468 0.055917
2 0.917027 0.625593 0.062057 0.057507
2 0.912504 0.626670 0.062008 0.057907
2 0.908008 0.627777 0.060392 0.054317
2 0.903170 0.629201 0.059258 0.055864
2 0.900778 0.629199 0.054767 0.050918
2 0.895598 0.630679 0.052501 0.048825
2 0.893435 0.631261 0.059670 0.055762
2 0.888123 0.632118 0.051284 0.046217
2 0.885514 0.633160 0.057940 0.053991
2 0.880067 0.634043 0.049576 0.044431
2 0.877201 0.634749 0.051815 0.048174
2 0.871814 0.636370 0.058656 0.054450
2 0.868623 0.636908 0.059036 0.055534
2 0.862402 0.638424 0.058996 0.054977
2 0.859477 0.638877 0.056073 0.052198
2 0.852932 0.640302 0.059132 0.054849
2 0.846259 0.641428 0.053480 0.046991
2 0.842869 0.641561 0.050878 0.044720
2 0.835888 0.643102 0.059761 0.054884
2 0.828576 0.643375 0.050460 0.044435
2 0.820726 0.644428 0.050519 0.046894
2 0.812970 0.644885 0.050226 0.045692
2 0.804903 0.645958 0.054670 0.049933
2 0.796905 0.646271 0.059785 0.055728
2 0.792250 0.646685 0.058441 0.054649
2 0.783759 0.647351 0.054110 0.047473
2 0.779597 0.647535 0.059243 0.052464
2 0.770373 0.648255 0.058276 0.054263
2 0.765719 0.648650 0.057008 0.053072
2 0.756370 0.648974 0.056641 0.051236
2 0.751471 0.649607 0.059188 0.052750
2 0.742096 0.649651 0.058904 0.052788
2 0.731823 0.650131 0.050322 0.046572
2 0.726919 0.650349 0.049118 0.045359
2 0.717060 0.650888 0.058776 0.053995
2 0.712026 0.650878 0.056646 0.051724
2 0.702012 0.651242 0.049905 0.043933
2 0.696920 0.651931 0.056458 0.051925
2 0.686721 0.652323 0.053626 0.049880
2 0.676746 0.653056 0.054634 0.048095
2 0.671598 0.653624 0.057421 0.051732
2 0.661130 0.654101 0.050015 0.046222
2 0.651072 0.655402 0.054683 0.048182
2 0.640477 0.656301 0.057686 0.053911
2 0.635315 0.656682 0.053918 0.048915
2 0.624872 0.657728 0.056740 0.052019
2 0.614080 0.658419 0.053239 0.049139
2 0.608998 0.659082 0.054448 0.047669
2 0.598372 0.659337 0.055934 0.049555
2 0.593213 0.659509 0.053600 0.048248
2 0.582702 0.659967 0.055538 0.051428
2 0.577511 0.659882 0.053486 0.049315
2 0.567208 0.659913 0.052693 0.048802
2 0.561890 0.659427 0.052419 0.047171
2 0.551724 0.659171 0.051845 0.045489
2 0.541816 0.658142 0.054300 0.050247
2 0.536838 0.657284 0.050826 0.044519
2 0.526614 0.655914 0.050742 0.046439
2 0.522100 0.654809 0.050526 0.044536
2 0.512782 0.652906 0.051530 0.046229
2 0.503570 0.650745 0.048291 0.042543
2 0.499354 0.649849 0.051047 0.045901
2 0.490778 0.647397 0.051445 0.045795
2 0.486663 0.645994 0.048800 0.043661
2 0.478372 0.643232 0.052098 0.047001
2 0.474221 0.642268 0.049718 0.044787
2 0.466337 0.638870 0.048381 0.042714
2 0.462464 0.638376 0.052108 0.047170
2 0.454914 0.635729 0.050457 0.045832
2 0.451141 0.634372 0.050858 0.045707
2 0.444005 0.632326 0.047042 0.041259
2 0.436832 0.629804 0.052085 0.047126
2 0.433500 0.628854 0.046861 0.041385
2 0.426566 0.626587 0.049286 0.044050
2 0.419921 0.624641 0.051406 0.046348
2 0.416804 0.623550 0.051924 0.046029
2 0.410447 0.621204 0.050873 0.045379
2 0.407185 0.620485 0.050123 0.043985
2 0.397700 0.617344 0.049731 0.043557
2 0.395078 0.616448 0.053032 0.046633
2 0.389146 0.614538 0.050370 0.044257
2 0.383674 0.612531 0.050680 0.045013
2 0.380568 0.611581 0.051006 0.045254
2 0.375127 0.609313 0.049954 0.044305
2 0.372477 0.608154 0.051596 0.047776
2 0.367665 0.606164 0.052011 0.048150
2 0.365048 0.605313 0.051656 0.046447
2 0.360329 0.602872 0.050312 0.044135
2 0.357879 0.601780 0.049968 0.043933
2 0.353339 0.599447 0.047449 0.041936
2 0.351535 0.598404 0.055175 0.049362
2 0.347214 0.596000 0.048884 0.044221
2 0.343178 0.593751 0.051048 0.045800
2 0.339305 0.591209 0.046426 0.040977
2 0.337815 0.590161 0.048431 0.044244
2 0.334468 0.588182 0.048756 0.042784
2 0.332917 0.586838 0.050778 0.045669
2 0.329986 0.584258 0.046901 0.042494
2 0.327223 0.582105 0.045373 0.039906
2 0.326128 0.580809 0.052246 0.046758
2 0.323699 0.578280 0.046048 0.041140
2 0.322673 0.576888 0.050231 0.046003
2 0.320690 0.574683 0.049055 0.045061
