2 0.496875 0.347656 0.050000 0.046875
2 0.496860 0.349488 0.050304 0.047296
2 0.497175 0.352528 0.050651 0.047837
2 0.497304 0.355924 0.049555 0.046946
2 0.497268 0.357581 0.050163 0.047538
2 0.497338 0.361364 0.050446 0.047748
2 0.497339 0.363281 0.050435 0.047515
2 0.497342 0.365009 0.051307 0.048229
2 0.497263 0.368679 0.051547 0.048485
2 0.497304 0.370533 0.051505 0.048340
2 0.497131 0.374055 0.051160 0.048226
2 0.497054 0.378027 0.051091 0.047980
2 0.497078 0.380101 0.051125 0.047942
2 0.496728 0.383979 0.051907 0.049672
2 0.496745 0.385885 0.051702 0.049308
2 0.496665 0.389740 0.052135 0.050175
2 0.496563 0.393774 0.052947 0.051535
2 0.496407 0.397705 0.053201 0.052127
2 0.496316 0.399577 0.052862 0.051814
2 0.496166 0.403562 0.052629 0.051206
2 0.495979 0.407816 0.052220 0.049767
2 0.495870 0.409671 0.051984 0.049369
2 0.495807 0.413477 0.051705 0.048763
2 0.495762 0.415565 0.051646 0.048612
2 0.495403 0.419950 0.050313 0.047220
2 0.495375 0.421880 0.050350 0.047288
2 0.495243 0.426435 0.049839 0.047260
2 0.494910 0.428431 0.050693 0.049127
2 0.494807 0.432750 0.052955 0.051936
2 0.494289 0.439500 0.050583 0.047981
2 0.494267 0.441843 0.049091 0.046179
2 0.494142 0.446330 0.050588 0.047556
2 0.494057 0.448507 0.051151 0.048175
2 0.493777 0.453323 0.049564 0.046676
2 0.493656 0.457747 0.049909 0.047352
2 0.493521 0.459984 0.051998 0.050386
2 0.493104 0.464835 0.052329 0.051218
2 0.493025 0.469947 0.053000 0.051966
2 0.493079 0.474343 0.053138 0.052162
2 0.492714 0.476819 0.049052 0.046308
2 0.492416 0.481309 0.049554 0.046570
2 0.492289 0.484066 0.051351 0.048864
2 0.491821 0.488591 0.049931 0.048434
2 0.491757 0.491105 0.051114 0.049848
2 0.491542 0.495660 0.052809 0.051799
2 0.491513 0.497841 0.052095 0.050900
2 0.491161 0.501930 0.051313 0.049433
2 0.491064 0.504064 0.050976 0.049106
2 0.490986 0.507607 0.051323 0.049263
2 0.491031 0.510204 0.049582 0.047424
2 0.491113 0.514163 0.049531 0.047446
2 0.491178 0.518046 0.049401 0.047279
2 0.491228 0.521354 0.050776 0.048953
2 0.491165 0.523361 0.050753 0.048955
2 0.491315 0.526772 0.050915 0.049069
2 0.491607 0.528739 0.051478 0.050557
2 0.491712 0.531951 0.049258 0.048086
2 0.491943 0.535726 0.048994 0.047320
2 0.492627 0.537883 0.048602 0.045848
2 0.492685 0.540046 0.049763 0.047131
2 0.493281 0.543262 0.049348 0.048057
2 0.493279 0.544652 0.050804 0.049546
2 0.494051 0.547480 0.048288 0.045274
2 0.494136 0.550430 0.050736 0.048106
2 0.494493 0.551917 0.051249 0.049902
2 0.494888 0.554915 0.050296 0.049308
2 0.495377 0.557543 0.049994 0.047936
2 0.495570 0.559154 0.048123 0.045310
2 0.496073 0.562077 0.052443 0.051454
2 0.496590 0.563566 0.051733 0.050660
2 0.496739 0.566981 0.049315 0.047690
2 0.497257 0.569905 0.051359 0.049348
2 0.497862 0.572786 0.049935 0.049046
2 0.498205 0.574286 0.050804 0.049503
2 0.498483 0.577327 0.051255 0.049239
2 0.498591 0.578870 0.049441 0.047113
2 0.498569 0.582254 0.049388 0.047064
2 0.498832 0.583308 0.051421 0.049360
2 0.498940 0.586282 0.049559 0.047562
2 0.498971 0.587698 0.051038 0.049237
2 0.499002 0.590679 0.050104 0.047999
2 0.499192 0.592452 0.051017 0.050045
2 0.498890 0.596037 0.049531 0.047158
2 0.498897 0.598935 0.052008 0.050032
2 0.498701 0.602861 0.051466 0.049030
2 0.498612 0.604323 0.050162 0.047615
2 0.498099 0.608012 0.052313 0.052135
2 0.497757 0.611341 0.053882 0.054273
2 0.497347 0.613273 0.051643 0.049802
2 0.496793 0.616837 0.052844 0.051588
2 0.496611 0.618824 0.053387 0.052882
2 0.496003 0.622512 0.053239 0.052508
2 0.495596 0.624494 0.051649 0.049356
2 0.494513 0.628227 0.052798 0.051913
2 0.493772 0.631703 0.050669 0.048493
2 0.493355 0.633664 0.052960 0.052856
2 0.492551 0.637595 0.050903 0.048645
2 0.492460 0.639094 0.049934 0.047494
2 0.491269 0.643043 0.051139 0.049945
2 0.490890 0.644988 0.050069 0.047705
2 0.489702 0.648920 0.051012 0.049641
2 0.489055 0.650824 0.050624 0.048835
2 0.488251 0.654706 0.051842 0.051277
2 0.487430 0.658735 0.050911 0.049425
2 0.486574 0.660704 0.051278 0.050186
2 0.485356 0.665206 0.054098 0.054160
2 0.485245 0.667129 0.053797 0.053683
2 0.483710 0.671505 0.054245 0.054163
2 0.482491 0.675807 0.052970 0.052537
2 0.482119 0.677724 0.053170 0.053020
2 0.481115 0.681513 0.052829 0.051759
2 0.480514 0.683676 0.052439 0.051973
2 0.478926 0.688243 0.051653 0.050862
2 0.477942 0.692566 0.052539 0.051325
2 0.476337 0.697001 0.053193 0.052720
2 0.475995 0.699024 0.053975 0.054280
2 0.474401 0.702977 0.053859 0.054155
2 0.474037 0.704949 0.052914 0.052300
2 0.472022 0.709647 0.050606 0.049065
2 0.471377 0.711609 0.052037 0.052117
2 0.470249 0.715719 0.051955 0.050880
2 0.468348 0.719809 0.053651 0.053960
2 0.467936 0.721735 0.053300 0.053295
2 0.466152 0.725633 0.052838 0.052230
2 0.464062 0.732422 0.046875 0.035156
2 0.462500 0.734375 0.050000 0.031250
2 0.461719 0.738281 0.048438 0.039062
2 0.459375 0.741211 0.053125 0.033203
2 0.458594 0.743164 0.051562 0.037109
2 0.457813 0.746094 0.053125 0.031250
2 0.457031 0.747070 0.051562 0.033203
2 0.458594 0.748047 0.048438 0.031250
2 0.457813 0.752930 0.046875 0.041016
2 0.456250 0.756836 0.050000 0.037109
2 0.453125 0.755859 0.043750 0.035156
2 0.451562 0.754883 0.046875 0.037109
2 0.448437 0.762695 0.040625 0.052734
2 0.444531 0.772461 0.048438 0.033203
2 0.440625 0.770508 0.040625 0.029297
2 0.439844 0.769531 0.042188 0.031250
2 0.439063 0.771484 0.040625 0.035156
2 0.435937 0.770508 0.046875 0.037109
2 0.435937 0.772461 0.046875 0.041016
2 0.436719 0.774414 0.045312 0.037109
2 0.433594 0.773438 0.039062 0.035156
2 0.430469 0.776367 0.045312 0.029297
2 0.428906 0.779297 0.042188 0.035156
2 0.425781 0.781250 0.048438 0.031250
2 0.423437 0.781250 0.043750 0.031250
2 0.421094 0.785156 0.048438 0.023438
2 0.419531 0.786133 0.045312 0.025391
2 0.417969 0.785156 0.048438 0.027344
2 0.419531 0.787109 0.051562 0.031250
2 0.418750 0.786133 0.053125 0.033203
2 0.414844 0.785156 0.045312 0.031250
2 0.412500 0.787109 0.050000 0.027344
2 0.407813 0.791016 0.040625 0.035156
2 0.406250 0.792969 0.043750 0.031250
2 0.403906 0.791992 0.039062 0.029297
2 0.403125 0.792969 0.040625 0.027344
2 0.403906 0.793945 0.042188 0.029297
2 0.402344 0.791992 0.045312 0.033203
2 0.398438 0.790039 0.037500 0.029297
2 0.398438 0.790039 0.037500 0.029297
2 0.400000 0.791992 0.040625 0.033203
2 0.396875 0.791016 0.046875 0.035156
2 0.392969 0.790039 0.039062 0.033203
2 0.394531 0.792969 0.035937 0.027344
2 0.394531 0.793945 0.035937 0.029297
2 0.392969 0.793945 0.039062 0.029297
2 0.392969 0.795898 0.039062 0.033203
2 0.393750 0.794922 0.037500 0.035156
2 0.393750 0.793945 0.037500 0.033203
2 0.392188 0.794922 0.040625 0.031250
2 0.391406 0.794922 0.039062 0.031250
2 0.392969 0.794922 0.035937 0.031250
2 0.393750 0.795898 0.037500 0.033203
2 0.391406 0.792969 0.042188 0.039062
2 0.391406 0.791016 0.042188 0.035156
2 0.391406 0.790039 0.042188 0.037109
2 0.391406 0.790039 0.042188 0.037109
2 0.391406 0.790039 0.042188 0.037109
2 0.391406 0.787109 0.042188 0.031250
2 0.391406 0.786133 0.042188 0.033203
2 0.391406 0.786133 0.042188 0.033203
2 0.392969 0.787109 0.039062 0.031250
2 0.390625 0.786133 0.034375 0.029297
2 0.386719 0.781250 0.042188 0.039062
2 0.391406 0.780273 0.051562 0.037109
2 0.392188 0.783203 0.050000 0.031250
2 0.389062 0.782227 0.046875 0.029297
2 0.389844 0.776367 0.045312 0.041016
2 0.391406 0.774414 0.048438 0.037109
2 0.393750 0.778320 0.043750 0.029297
2 0.388281 0.780273 0.032813 0.033203
2 0.388281 0.779297 0.032813 0.035156
2 0.388281 0.776367 0.032813 0.029297
2 0.386719 0.772461 0.035937 0.037109
2 0.389844 0.770508 0.042188 0.037109
2 0.386719 0.768555 0.048438 0.041016
2 0.388281 0.771484 0.051562 0.046875
2 0.389844 0.770508 0.048438 0.048828
2 0.389844 0.767578 0.048438 0.042969
2 0.389844 0.766602 0.048438 0.044922
2 0.386719 0.764648 0.042188 0.041016
2 0.388281 0.766602 0.039062 0.037109
2 0.388281 0.763672 0.039062 0.031250
2 0.386719 0.760742 0.042188 0.037109
2 0.390625 0.763672 0.050000 0.042969
2 0.391406 0.761719 0.048438 0.046875
2 0.390625 0.758789 0.046875 0.041016
2 0.393750 0.760742 0.040625 0.037109
2 0.392969 0.760742 0.039062 0.037109
2 0.390625 0.755859 0.043750 0.046875
2 0.395313 0.752930 0.053125 0.041016
2 0.396094 0.751953 0.051562 0.042969
2 0.396094 0.750000 0.051562 0.039062
2 0.393750 0.747070 0.056250 0.044922
2 0.395313 0.746094 0.062500 0.042969
2 0.398438 0.741211 0.056250 0.052734
2 0.393750 0.741211 0.046875 0.052734
2 0.396094 0.744141 0.042188 0.046875
2 0.399219 0.741211 0.048438 0.041016
2 0.398438 0.737305 0.056250 0.048828
2 0.400781 0.739258 0.039062 0.041016
2 0.396094 0.737305 0.048438 0.044922
2 0.396094 0.732422 0.048438 0.035156
2 0.395313 0.729492 0.050000 0.041016
2 0.398438 0.731445 0.056250 0.048828
2 0.399219 0.727539 0.054688 0.056641
2 0.399219 0.726562 0.054688 0.054688
2 0.403125 0.727539 0.046875 0.052734
2 0.400781 0.722656 0.042188 0.042969
2 0.401562 0.720703 0.040625 0.046875
2 0.403125 0.715820 0.043750 0.037109
2 0.403125 0.712891 0.046875 0.042969
2 0.405516 0.714252 0.043338 0.046852
2 0.402587 0.711324 0.042167 0.049780
2 0.403759 0.712056 0.035139 0.054173
2 0.402587 0.707663 0.044510 0.042460
2 0.403712 0.708705 0.069869 0.067077
2 0.403903 0.707845 0.073873 0.070968
2 0.404940 0.706061 0.089924 0.083106
2 0.405010 0.703760 0.077442 0.074493
2 0.406006 0.702055 0.084305 0.079566
2 0.406261 0.700741 0.090660 0.083642
2 0.406651 0.697991 0.056189 0.052355
2 0.407877 0.697567 0.088915 0.079226
2 0.408227 0.694640 0.056324 0.052088
2 0.409357 0.693913 0.090868 0.082485
2 0.410424 0.691614 0.074624 0.066389
2 0.411481 0.689062 0.066976 0.061940
2 0.412370 0.688485 0.094047 0.086043
2 0.414028 0.685277 0.063695 0.055442
2 0.415591 0.682624 0.070687 0.063193
2 0.416243 0.681455 0.060061 0.052171
2 0.418756 0.679036 0.080246 0.069562
2 0.419088 0.677209 0.053015 0.046362
2 0.421257 0.674969 0.069194 0.060448
2 0.423338 0.672192 0.074055 0.064784
2 0.423809 0.670357 0.057254 0.050206
2 0.426493 0.668448 0.071789 0.062705
2 0.427290 0.666792 0.064127 0.056787
2 0.429522 0.663832 0.071009 0.062548
2 0.430496 0.662650 0.063986 0.056704
2 0.432693 0.659238 0.062149 0.056058
2 0.433569 0.658245 0.067007 0.060258
2 0.435831 0.654949 0.066558 0.059371
2 0.437180 0.653507 0.071911 0.066576
2 0.438673 0.650847 0.076402 0.069582
2 0.440374 0.647990 0.062554 0.057077
2 0.440919 0.646024 0.058347 0.054706
2 0.442718 0.643509 0.060258 0.056533
2 0.443483 0.641689 0.055862 0.053705
2 0.444961 0.639491 0.069439 0.064795
2 0.445398 0.637546 0.054023 0.051702
2 0.446802 0.634543 0.052910 0.050540
2 0.447575 0.633171 0.063507 0.059594
2 0.448291 0.631301 0.056159 0.053800
2 0.448713 0.629825 0.057525 0.053067
2 0.450066 0.626517 0.056770 0.052783
2 0.450515 0.624916 0.063478 0.058475
2 0.451457 0.623478 0.067527 0.061008
2 0.451639 0.621260 0.058963 0.055131
2 0.453324 0.619337 0.093883 0.081002
2 0.453375 0.616213 0.062586 0.056251
2 0.453400 0.615100 0.061365 0.054722
2 0.453716 0.612821 0.067681 0.059711
2 0.454802 0.610649 0.081485 0.070804
2 0.454830 0.608943 0.065112 0.056216
2 0.455024 0.606368 0.059121 0.051248
2 0.456300 0.604379 0.089332 0.077394
2 0.456348 0.602931 0.087902 0.075817
2 0.456620 0.599516 0.058909 0.050917
2 0.457015 0.597006 0.064810 0.057229
2 0.457746 0.595830 0.078747 0.068863
2 0.457768 0.592259 0.052178 0.045323
2 0.458135 0.590960 0.052278 0.045276
2 0.458605 0.588171 0.058572 0.051525
2 0.459084 0.587184 0.058326 0.050931
2 0.459000 0.583849 0.039410 0.034726
2 0.459367 0.580977 0.038625 0.033648
2 0.460300 0.579334 0.049093 0.043039
2 0.460257 0.576366 0.043171 0.038307
2 0.460726 0.574634 0.032735 0.028347
2 0.461121 0.571459 0.036111 0.031415
2 0.461341 0.570115 0.038781 0.033900
2 0.462185 0.567292 0.032968 0.029235
2 0.462301 0.563588 0.031475 0.028136
2 0.463281 0.560547 0.045312 0.039062
2 0.466406 0.560547 0.054688 0.042969
