2 0.563281 0.683594 0.045312 0.031250
2 0.564844 0.679688 0.048438 0.039062
2 0.563281 0.680664 0.039062 0.033203
2 0.563281 0.678711 0.039062 0.033203
2 0.566406 0.676758 0.035937 0.029297
2 0.566406 0.675781 0.035937 0.031250
2 0.567187 0.675781 0.040625 0.031250
2 0.567187 0.672852 0.040625 0.037109
2 0.571094 0.672852 0.042188 0.033203
2 0.571875 0.672852 0.040625 0.033203
2 0.571094 0.674805 0.039062 0.037109
2 0.569531 0.670898 0.042188 0.044922
2 0.570312 0.665039 0.043750 0.033203
2 0.574219 0.666016 0.035937 0.031250
2 0.574219 0.665039 0.035937 0.029297
2 0.570312 0.658203 0.043750 0.042969
2 0.571875 0.662109 0.046875 0.046875
2 0.573437 0.661133 0.040625 0.044922
2 0.571875 0.659180 0.037500 0.041016
2 0.571875 0.662109 0.037500 0.035156
2 0.571875 0.659180 0.037500 0.029297
2 0.571875 0.654297 0.037500 0.039062
2 0.574219 0.653320 0.042188 0.037109
2 0.578125 0.655273 0.034375 0.033203
2 0.578125 0.655273 0.034375 0.033203
2 0.575781 0.650391 0.039062 0.042969
2 0.575781 0.648438 0.039062 0.039062
2 0.579688 0.648438 0.031250 0.039062
2 0.578125 0.645508 0.028125 0.033203
2 0.574219 0.644531 0.035937 0.035156
2 0.578125 0.644531 0.043750 0.035156
2 0.579687 0.641602 0.040625 0.041016
2 0.578906 0.640625 0.045312 0.031250
2 0.579499 0.638921 0.042738 0.032509
2 0.579619 0.637391 0.041041 0.034395
2 0.579758 0.635801 0.041799 0.035233
2 0.580558 0.633866 0.053162 0.046808
2 0.580554 0.632191 0.051289 0.043005
2 0.580555 0.630909 0.053211 0.043041
2 0.580762 0.629232 0.043249 0.031985
2 0.580767 0.627684 0.038244 0.032562
2 0.580778 0.625771 0.035135 0.030972
2 0.581069 0.624044 0.036689 0.029113
2 0.581021 0.622284 0.037222 0.028652
2 0.580974 0.620480 0.037132 0.028487
2 0.580952 0.618684 0.037393 0.027519
2 0.580935 0.616927 0.038562 0.027518
2 0.580916 0.615180 0.039485 0.028428
2 0.580891 0.613446 0.036718 0.025341
2 0.580890 0.611459 0.041017 0.030136
2 0.580785 0.609482 0.045550 0.032405
2 0.580802 0.607530 0.045977 0.031768
2 0.580775 0.605645 0.046040 0.032482
2 0.580331 0.603700 0.047927 0.036031
2 0.580400 0.601657 0.051567 0.038857
2 0.580432 0.599624 0.053880 0.038454
2 0.580396 0.597757 0.056305 0.041201
2 0.580240 0.595844 0.057489 0.043296
2 0.580060 0.593542 0.052203 0.037989
2 0.579921 0.591482 0.047878 0.033399
2 0.579991 0.589401 0.049578 0.037859
2 0.579906 0.587331 0.050486 0.041515
2 0.579901 0.585410 0.050389 0.040972
2 0.579903 0.583482 0.050288 0.040509
2 0.579915 0.581528 0.049850 0.040775
2 0.580162 0.579409 0.053467 0.047258
2 0.580182 0.577556 0.054468 0.045558
2 0.580594 0.575502 0.064987 0.056452
2 0.580939 0.573665 0.059472 0.049839
2 0.581202 0.571979 0.057313 0.044517
2 0.581986 0.570178 0.062692 0.048750
2 0.582419 0.568343 0.060602 0.048884
2 0.582836 0.566596 0.050605 0.036806
2 0.583582 0.564531 0.060297 0.047245
2 0.584316 0.562764 0.049393 0.034903
2 0.585177 0.560710 0.058934 0.045949
2 0.585905 0.558917 0.049614 0.034752
2 0.587117 0.556916 0.057616 0.044978
2 0.587790 0.555026 0.051269 0.042110
2 0.588867 0.553022 0.052042 0.040117
2 0.590147 0.550862 0.066379 0.054787
2 0.591152 0.548878 0.067522 0.049377
2 0.592343 0.546683 0.065520 0.046838
2 0.593372 0.543987 0.064596 0.058259
2 0.593934 0.541876 0.055005 0.048984
2 0.595057 0.539664 0.055640 0.050602
2 0.596069 0.537524 0.062566 0.058337
2 0.597096 0.535386 0.059858 0.047087
2 0.597991 0.533302 0.075993 0.065398
2 0.598947 0.531170 0.070335 0.051543
2 0.599718 0.528519 0.063669 0.051357
2 0.600608 0.526182 0.060560 0.051593
2 0.601585 0.523979 0.056166 0.043950
2 0.602570 0.521860 0.068775 0.052716
2 0.603687 0.519674 0.082176 0.068301
2 0.604371 0.517333 0.074150 0.051412
2 0.604817 0.515260 0.062856 0.043422
2 0.605580 0.512629 0.069076 0.057350
2 0.606223 0.510365 0.063948 0.050867
2 0.607013 0.508151 0.069021 0.050648
2 0.607549 0.505943 0.086588 0.061279
2 0.607872 0.503466 0.072471 0.050342
2 0.607982 0.501093 0.065898 0.048667
2 0.608814 0.498536 0.075790 0.064024
2 0.608949 0.496326 0.078143 0.064017
2 0.609971 0.493588 0.066376 0.046788
2 0.609874 0.491166 0.063141 0.049609
2 0.610683 0.488761 0.068153 0.056560
2 0.610932 0.486009 0.074916 0.054460
2 0.611055 0.483631 0.065277 0.050718
2 0.611428 0.480852 0.066110 0.052158
2 0.611937 0.477750 0.074924 0.063310
2 0.611701 0.475291 0.065964 0.064034
2 0.612053 0.472805 0.067891 0.063501
2 0.612396 0.469952 0.064116 0.055425
2 0.612643 0.467198 0.060627 0.055111
2 0.613279 0.464758 0.070206 0.053574
2 0.613057 0.461933 0.062552 0.057204
2 0.613040 0.459166 0.063034 0.056548
2 0.613223 0.456771 0.069567 0.055016
2 0.613090 0.454043 0.061340 0.059631
2 0.613181 0.451569 0.062215 0.063239
2 0.613746 0.449405 0.064090 0.057990
2 0.613762 0.447516 0.063848 0.056149
2 0.613856 0.445564 0.064635 0.055623
2 0.613770 0.443574 0.060252 0.054894
2 0.613973 0.441873 0.058622 0.054876
2 0.614050 0.440244 0.058409 0.054359
2 0.614593 0.438254 0.061212 0.058169
2 0.614829 0.436926 0.069884 0.058354
2 0.614660 0.435935 0.064603 0.059716
2 0.614731 0.434532 0.066372 0.060985
2 0.614774 0.433739 0.067682 0.060232
2 0.614904 0.432640 0.067818 0.062094
2 0.614947 0.431970 0.070250 0.061886
2 0.615275 0.431676 0.081189 0.061489
2 0.615242 0.430913 0.079217 0.064908
2 0.615166 0.430755 0.077049 0.065765
2 0.615164 0.430460 0.075049 0.069265
2 0.615165 0.430448 0.075383 0.069706
2 0.614844 0.425781 0.054688 0.042969
2 0.614894 0.425833 0.059678 0.049602
2 0.614904 0.425897 0.060021 0.050047
2 0.614940 0.426280 0.061077 0.052058
2 0.615140 0.426479 0.063517 0.055604
2 0.615107 0.427238 0.064046 0.055778
2 0.615103 0.428096 0.062653 0.052736
2 0.615191 0.428781 0.074744 0.067821
2 0.615092 0.429778 0.068864 0.058320
2 0.615169 0.430652 0.071156 0.062072
2 0.614969 0.431540 0.061648 0.052602
2 0.614935 0.432513 0.063809 0.053497
2 0.614882 0.433540 0.063254 0.053831
2 0.614824 0.435012 0.062389 0.052192
2 0.614657 0.436196 0.063271 0.053216
2 0.614496 0.437507 0.066031 0.055857
2 0.614355 0.438631 0.068577 0.056474
2 0.614041 0.440215 0.079998 0.068338
2 0.613748 0.441519 0.078066 0.067524
2 0.613637 0.442927 0.072455 0.062432
2 0.613586 0.444205 0.069317 0.059631
2 0.613164 0.445680 0.062613 0.054308
2 0.613061 0.447279 0.062333 0.053829
2 0.612646 0.448978 0.070147 0.059687
2 0.612201 0.450875 0.073511 0.062383
2 0.612239 0.452172 0.069987 0.058600
2 0.611850 0.454004 0.063611 0.053279
2 0.611472 0.455453 0.063085 0.053282
2 0.610930 0.457426 0.073475 0.067042
2 0.610500 0.459344 0.073263 0.066883
2 0.610187 0.461188 0.067785 0.062346
2 0.609818 0.463103 0.067591 0.062460
2 0.609090 0.465241 0.078954 0.072261
2 0.608814 0.466927 0.069767 0.064520
2 0.608521 0.468654 0.064561 0.060097
2 0.607741 0.470738 0.073259 0.067572
2 0.607533 0.472804 0.075703 0.069722
2 0.606803 0.474538 0.061108 0.056774
2 0.606487 0.476512 0.064732 0.059904
2 0.605560 0.478752 0.063840 0.059372
2 0.604887 0.480758 0.065512 0.061146
2 0.604280 0.482856 0.068953 0.064251
2 0.603623 0.484719 0.059602 0.056618
2 0.602598 0.487102 0.067519 0.064754
2 0.602311 0.489072 0.063816 0.062517
2 0.600755 0.491056 0.060439 0.060372
2 0.600533 0.492997 0.059233 0.058976
2 0.599650 0.495471 0.065357 0.061886
2 0.599041 0.497520 0.053179 0.046732
2 0.597715 0.499658 0.053597 0.046446
2 0.596839 0.501857 0.064531 0.056203
2 0.595847 0.503598 0.052916 0.046435
2 0.595199 0.506206 0.072900 0.061143
2 0.594214 0.507736 0.054005 0.046693
2 0.593382 0.510186 0.062218 0.053445
2 0.592724 0.511888 0.054325 0.047427
2 0.591949 0.514168 0.066455 0.056112
2 0.591253 0.515881 0.053415 0.045339
2 0.590427 0.518219 0.068231 0.058157
2 0.589804 0.519743 0.048460 0.043482
2 0.589077 0.521783 0.057759 0.050695
2 0.588598 0.523634 0.051961 0.045806
2 0.588230 0.525382 0.046176 0.040581
2 0.587949 0.527262 0.047073 0.041080
2 0.587694 0.529038 0.048264 0.041721
2 0.587324 0.530726 0.052831 0.045547
2 0.587190 0.532201 0.046885 0.041026
2 0.587074 0.533877 0.048097 0.042275
2 0.586957 0.535139 0.041557 0.033607
2 0.586858 0.536573 0.040214 0.032487
2 0.586799 0.537864 0.033426 0.028157
2 0.586959 0.539289 0.036099 0.030482
2 0.586842 0.540401 0.035712 0.030064
2 0.586982 0.541664 0.038719 0.033632
2 0.587068 0.542917 0.039671 0.032915
2 0.587419 0.544048 0.043553 0.036151
2 0.587534 0.544853 0.042250 0.035098
2 0.587893 0.545699 0.034830 0.030971
2 0.587891 0.546568 0.033871 0.029044
2 0.587953 0.547473 0.034798 0.031345
2 0.588099 0.548307 0.032212 0.027622
2 0.588091 0.549301 0.032606 0.029199
2 0.588437 0.550302 0.032706 0.027740
2 0.588427 0.551242 0.034010 0.029699
2 0.588515 0.552595 0.032645 0.027661
2 0.588428 0.553729 0.031778 0.026896
2 0.588435 0.554974 0.031289 0.026939
2 0.588466 0.555994 0.030481 0.025596
2 0.588431 0.557360 0.030477 0.025849
2 0.588427 0.558258 0.030106 0.024801
2 0.588086 0.559671 0.029782 0.024746
2 0.587941 0.560866 0.031661 0.026896
2 0.587863 0.562090 0.033658 0.028779
2 0.587818 0.563339 0.036742 0.031940
2 0.587370 0.564671 0.042235 0.035916
2 0.587156 0.565997 0.044123 0.043059
2 0.586873 0.566991 0.047352 0.052425
2 0.587005 0.568303 0.036073 0.034028
2 0.586727 0.569739 0.032104 0.030741
2 0.586311 0.571173 0.034615 0.034102
2 0.585897 0.572538 0.041083 0.039113
2 0.585494 0.573869 0.035910 0.033581
2 0.584843 0.575228 0.038820 0.039766
2 0.584906 0.576422 0.040450 0.042025
2 0.584589 0.577622 0.039785 0.038962
2 0.584044 0.579321 0.046684 0.045988
2 0.583502 0.580546 0.044841 0.048139
2 0.583152 0.581897 0.035689 0.033442
2 0.582775 0.583426 0.040929 0.037088
2 0.582221 0.584785 0.039014 0.037740
2 0.581873 0.586132 0.036002 0.034761
2 0.581369 0.587675 0.036943 0.033572
2 0.581269 0.589315 0.040685 0.036268
2 0.580709 0.590705 0.040895 0.038903
2 0.580299 0.592142 0.037953 0.036584
2 0.579675 0.594016 0.041932 0.040362
2 0.579178 0.595464 0.036089 0.034196
2 0.578453 0.597161 0.032813 0.032387
2 0.578370 0.598712 0.034752 0.034364
2 0.577597 0.600512 0.036884 0.037040
2 0.577140 0.601731 0.034073 0.035601
2 0.576435 0.603563 0.041368 0.039936
2 0.576242 0.605184 0.038099 0.036687
2 0.575564 0.606920 0.032703 0.032565
2 0.575311 0.608456 0.034717 0.034888
2 0.574779 0.610368 0.041318 0.040790
2 0.574157 0.611468 0.033810 0.035366
2 0.573810 0.613308 0.033959 0.034866
2 0.573042 0.614893 0.041083 0.043128
2 0.572888 0.616454 0.037361 0.040185
2 0.572260 0.618252 0.036466 0.040002
2 0.572102 0.619900 0.039782 0.044852
2 0.571808 0.621463 0.044216 0.049176
2 0.570716 0.623159 0.038224 0.044004
2 0.570758 0.624797 0.033770 0.036529
2 0.570378 0.626433 0.036032 0.037558
2 0.569582 0.628265 0.033453 0.036052
2 0.569473 0.629808 0.035807 0.040105
2 0.568799 0.631706 0.038277 0.042961
2 0.568805 0.632933 0.037753 0.041753
2 0.568362 0.634396 0.035163 0.037128
2 0.568011 0.635749 0.030964 0.034539
2 0.567430 0.637304 0.032626 0.037954
2 0.567051 0.638757 0.035607 0.038576
2 0.566913 0.640172 0.034339 0.035986
2 0.566201 0.641440 0.029808 0.034097
2 0.565800 0.642675 0.032026 0.036888
2 0.565546 0.643813 0.033045 0.035443
2 0.564378 0.653430 0.031250 0.037109
2 0.565308 0.651304 0.029464 0.040976
2 0.562402 0.649444 0.032813 0.035156
2 0.562326 0.657534 0.035937 0.035156
2 0.563286 0.659440 0.031250 0.033203
2 0.562155 0.659956 0.032813 0.033203
2 0.559609 0.657771 0.034375 0.035156
2 0.561121 0.664707 0.028125 0.029297
2 0.559116 0.662117 0.034375 0.039062
2 0.560044 0.659208 0.029687 0.031250
2 0.559063 0.661110 0.029687 0.035156
2 0.556934 0.666254 0.029687 0.031250
2 0.558451 0.662922 0.026562 0.029297
2 0.557053 0.666717 0.029687 0.035156
2 0.557021 0.667627 0.032813 0.035156
2 0.557199 0.665374 0.033968 0.045047
2 0.555927 0.665554 0.026739 0.047615
2 0.555586 0.666168 0.030741 0.049315
2 0.553577 0.667767 0.031409 0.049046
2 0.551485 0.669373 0.026562 0.029297
2 0.554390 0.667242 0.029687 0.035156
2 0.554115 0.670251 0.031250 0.037109
2 0.553906 0.670898 0.039062 0.037109
