2 0.519531 0.566406 0.045312 0.039062
2 0.520740 0.565365 0.052933 0.047221
2 0.520874 0.564606 0.049711 0.043790
2 0.522174 0.563657 0.050996 0.044931
2 0.522982 0.561976 0.043020 0.039161
2 0.523451 0.561895 0.045786 0.040056
2 0.524471 0.560832 0.044514 0.041484
2 0.525683 0.559901 0.047614 0.041433
2 0.525815 0.559837 0.045791 0.041838
2 0.527205 0.558311 0.045705 0.039663
2 0.528473 0.558004 0.047195 0.040857
2 0.528871 0.557791 0.047262 0.043382
2 0.530171 0.557184 0.050289 0.044457
2 0.531470 0.556618 0.046570 0.040372
2 0.531962 0.556153 0.045533 0.039901
2 0.533162 0.556164 0.047981 0.041995
2 0.533785 0.555636 0.046214 0.044462
2 0.535052 0.555635 0.048926 0.044803
2 0.535769 0.555164 0.045831 0.042701
2 0.536949 0.554581 0.041219 0.037868
2 0.538227 0.554599 0.043980 0.038398
2 0.539737 0.554213 0.045557 0.039468
2 0.541254 0.553791 0.049523 0.045147
2 0.541878 0.553816 0.045385 0.043182
2 0.543898 0.553378 0.050140 0.045895
2 0.545860 0.553207 0.048916 0.043796
2 0.546620 0.552667 0.041977 0.038339
2 0.548719 0.552267 0.046404 0.040306
2 0.550786 0.551984 0.045073 0.041854
2 0.552030 0.551751 0.051667 0.047108
2 0.554111 0.551079 0.044026 0.041524
2 0.555511 0.550670 0.043138 0.038784
2 0.557992 0.550286 0.046806 0.040903
2 0.560668 0.549817 0.045996 0.044030
2 0.563414 0.549228 0.044679 0.042483
2 0.566225 0.548730 0.046912 0.040696
2 0.567870 0.548542 0.044301 0.039450
2 0.570904 0.548149 0.047225 0.042666
2 0.572220 0.547610 0.051471 0.047412
2 0.575145 0.547234 0.048017 0.043538
2 0.576893 0.547012 0.047094 0.041653
2 0.581462 0.546162 0.048333 0.043930
2 0.583348 0.546171 0.048343 0.044006
2 0.586455 0.545693 0.050941 0.048039
2 0.589985 0.545049 0.042684 0.040985
2 0.593292 0.544971 0.042147 0.040116
2 0.595686 0.545073 0.048091 0.042651
2 0.599186 0.544688 0.043065 0.039315
2 0.602924 0.544357 0.042577 0.039750
2 0.604999 0.544401 0.047056 0.041767
2 0.608740 0.544018 0.044593 0.044336
2 0.610683 0.544026 0.045751 0.044713
2 0.614698 0.544069 0.048621 0.045897
2 0.618712 0.543880 0.049372 0.047594
2 0.620587 0.543907 0.051111 0.048036
2 0.624574 0.543822 0.045650 0.046293
2 0.626627 0.543574 0.048781 0.046460
2 0.630808 0.543570 0.045427 0.045843
2 0.635130 0.543585 0.046545 0.046283
2 0.637501 0.543599 0.048523 0.046644
2 0.641716 0.543518 0.044845 0.045525
2 0.644254 0.543580 0.048773 0.046662
2 0.648561 0.543582 0.048533 0.046464
2 0.650705 0.543564 0.045994 0.045934
2 0.657279 0.543549 0.044286 0.045297
2 0.660029 0.544035 0.044558 0.043569
2 0.664664 0.544045 0.044772 0.043624
2 0.669367 0.544043 0.043994 0.043284
2 0.671634 0.544088 0.042111 0.041731
2 0.676359 0.544301 0.040101 0.038918
2 0.681115 0.544679 0.039225 0.037272
2 0.683851 0.544503 0.036771 0.036418
2 0.688486 0.545046 0.038684 0.039006
2 0.691256 0.545117 0.040882 0.040016
2 0.696048 0.545281 0.042121 0.042600
2 0.698807 0.545723 0.047999 0.047057
2 0.703721 0.546235 0.041036 0.039364
2 0.706417 0.546314 0.042378 0.039376
2 0.711472 0.546757 0.041167 0.038592
2 0.716316 0.547327 0.043098 0.043684
2 0.718864 0.547797 0.047079 0.045634
2 0.723587 0.548354 0.041159 0.037251
2 0.728284 0.549192 0.044513 0.041784
2 0.730443 0.549305 0.044166 0.045521
2 0.735044 0.550384 0.040288 0.038925
2 0.739625 0.550843 0.041859 0.040569
2 0.743666 0.552058 0.042443 0.041511
2 0.745773 0.552393 0.041057 0.037587
2 0.749245 0.553321 0.044742 0.047806
2 0.752783 0.554531 0.040118 0.040320
2 0.756072 0.555737 0.044575 0.045840
2 0.757674 0.555717 0.044054 0.044082
2 0.760063 0.557462 0.044837 0.046910
2 0.762219 0.559501 0.045190 0.046834
2 0.764152 0.561594 0.045221 0.042948
2 0.764792 0.562301 0.040756 0.039865
2 0.766000 0.564468 0.042761 0.038631
2 0.766588 0.567179 0.044561 0.046793
2 0.767110 0.568111 0.041659 0.039714
2 0.767233 0.570395 0.042790 0.040022
2 0.766999 0.573079 0.045776 0.045846
2 0.766580 0.575092 0.044649 0.046900
2 0.766325 0.576295 0.042491 0.042460
2 0.765152 0.578882 0.045360 0.047918
2 0.764574 0.580165 0.043068 0.039794
2 0.763109 0.582463 0.044479 0.043470
2 0.762334 0.583793 0.041237 0.039699
2 0.760347 0.586209 0.042044 0.043144
2 0.758229 0.588961 0.045283 0.041532
2 0.757331 0.590299 0.043056 0.044249
2 0.755026 0.592827 0.046143 0.042237
2 0.753627 0.594034 0.044428 0.040081
2 0.750724 0.596674 0.043967 0.044318
2 0.749395 0.597839 0.040553 0.040167
2 0.746294 0.600441 0.043584 0.044543
2 0.744717 0.601334 0.038872 0.037675
2 0.741275 0.603971 0.043707 0.041027
2 0.738153 0.606509 0.043634 0.038833
2 0.734582 0.608601 0.043731 0.038040
2 0.730846 0.611370 0.039109 0.037067
2 0.728896 0.612330 0.042759 0.040607
2 0.725345 0.614123 0.047249 0.042360
2 0.723655 0.614786 0.041994 0.036249
2 0.719466 0.616857 0.039807 0.035857
2 0.715892 0.617460 0.044007 0.038481
2 0.713819 0.617950 0.043477 0.042266
2 0.710348 0.618386 0.039561 0.037896
2 0.708480 0.618510 0.041273 0.037023
2 0.704373 0.618694 0.038899 0.036122
2 0.702859 0.618735 0.039042 0.035962
2 0.699495 0.618462 0.039588 0.037453
2 0.695734 0.618177 0.046183 0.041984
2 0.694269 0.617648 0.044471 0.041085
2 0.690640 0.616729 0.040772 0.037215
2 0.688552 0.616321 0.040044 0.039642
2 0.685642 0.614759 0.037841 0.036754
2 0.684214 0.614388 0.040133 0.039072
2 0.680991 0.612786 0.036587 0.035442
2 0.679476 0.612263 0.040291 0.040346
2 0.676241 0.610575 0.037412 0.037277
2 0.674865 0.609846 0.041759 0.040532
2 0.671903 0.608412 0.042835 0.039946
2 0.669110 0.606992 0.042537 0.037456
2 0.667645 0.606105 0.045625 0.041927
2 0.664818 0.604611 0.039163 0.037946
2 0.663281 0.603551 0.038311 0.036687
2 0.660471 0.602148 0.040425 0.040534
2 0.658338 0.600443 0.045202 0.041840
2 0.655493 0.598741 0.037878 0.035685
2 0.654217 0.597827 0.037253 0.035707
2 0.651800 0.595859 0.041651 0.036121
2 0.649373 0.594273 0.039820 0.039926
2 0.646875 0.592357 0.041814 0.038528
2 0.644471 0.589851 0.036871 0.033003
2 0.642252 0.587352 0.038355 0.033191
2 0.641367 0.586345 0.039129 0.036491
2 0.638926 0.584017 0.036521 0.032393
2 0.637796 0.582763 0.043340 0.037647
2 0.635707 0.580229 0.036858 0.033087
2 0.633653 0.577767 0.035622 0.031201
2 0.632397 0.576280 0.036011 0.032895
2 0.630485 0.573872 0.035729 0.031196
2 0.629319 0.572744 0.038005 0.035746
2 0.627530 0.570028 0.034559 0.031019
2 0.626222 0.569198 0.038330 0.035823
2 0.624536 0.566602 0.036591 0.034012
2 0.623479 0.565661 0.039430 0.034033
2 0.621561 0.563118 0.040068 0.037274
2 0.620776 0.561967 0.047443 0.043421
2 0.618803 0.559609 0.042464 0.037045
2 0.617788 0.558612 0.046161 0.041719
2 0.616235 0.556163 0.045882 0.041472
2 0.615345 0.554958 0.039115 0.035646
2 0.613413 0.552537 0.037558 0.033427
2 0.612790 0.551688 0.045697 0.039827
2 0.611230 0.549040 0.045614 0.040698
2 0.609714 0.546510 0.046116 0.041739
2 0.608532 0.544992 0.041122 0.035759
2 0.606959 0.542610 0.041936 0.037085
2 0.605335 0.539930 0.042777 0.037161
2 0.603770 0.537306 0.043673 0.038654
2 0.602937 0.535609 0.041091 0.038074
2 0.601439 0.533447 0.039561 0.035378
2 0.600587 0.531936 0.044872 0.039256
2 0.599079 0.529583 0.044162 0.038942
2 0.598203 0.528180 0.041364 0.038196
2 0.596657 0.525472 0.038458 0.034076
2 0.595180 0.522325 0.042159 0.038193
2 0.594537 0.520940 0.039952 0.034774
2 0.593001 0.518582 0.041656 0.037105
2 0.591470 0.515070 0.038860 0.033516
2 0.589908 0.512144 0.040963 0.036931
2 0.589524 0.510890 0.046927 0.041818
2 0.588279 0.507418 0.041664 0.036864
2 0.586756 0.504346 0.041105 0.036587
2 0.586347 0.502875 0.046536 0.041023
2 0.584898 0.499471 0.046690 0.042687
2 0.583494 0.496554 0.042938 0.037213
2 0.583009 0.494771 0.044404 0.038547
2 0.581738 0.491331 0.046264 0.041504
2 0.581232 0.489860 0.040646 0.035893
2 0.579518 0.486815 0.040734 0.035985
2 0.579311 0.485298 0.039692 0.035444
2 0.577764 0.481814 0.037379 0.032455
2 0.576311 0.476621 0.038757 0.033789
2 0.575692 0.474725 0.045977 0.042125
2 0.574409 0.471285 0.041813 0.037689
2 0.574345 0.469451 0.042618 0.038547
2 0.573733 0.467616 0.047443 0.041800
2 0.572685 0.463544 0.043342 0.038273
2 0.571715 0.459100 0.040346 0.035823
2 0.571300 0.457172 0.039227 0.034545
2 0.570555 0.452839 0.047200 0.044552
2 0.569468 0.447990 0.044807 0.039212
2 0.569348 0.445401 0.049683 0.046704
2 0.568312 0.440394 0.039576 0.035263
2 0.567952 0.437951 0.044691 0.039506
2 0.567591 0.432707 0.050095 0.045886
2 0.567045 0.429671 0.040535 0.036039
2 0.566681 0.423726 0.038217 0.033421
2 0.566611 0.420919 0.040275 0.035790
2 0.565889 0.415141 0.047474 0.042541
2 0.565790 0.408451 0.044761 0.039826
2 0.565787 0.405183 0.045507 0.039414
2 0.565336 0.399353 0.040754 0.036159
2 0.564946 0.393545 0.040425 0.034995
2 0.564972 0.390081 0.040158 0.036476
2 0.564992 0.384143 0.039815 0.036042
2 0.564920 0.381223 0.039666 0.034312
2 0.564925 0.374768 0.040568 0.037028
2 0.564865 0.368484 0.041717 0.038048
2 0.564766 0.365532 0.043288 0.038930
2 0.564488 0.359175 0.047125 0.044487
2 0.564479 0.356325 0.045995 0.041365
2 0.564449 0.350279 0.045865 0.041055
2 0.564448 0.344405 0.045514 0.040675
2 0.564451 0.341447 0.046420 0.044020
2 0.564283 0.335713 0.044913 0.042134
2 0.564228 0.332860 0.043484 0.038363
2 0.564264 0.327897 0.044063 0.040951
2 0.564230 0.325395 0.043758 0.039922
2 0.564068 0.320798 0.039771 0.034316
2 0.563999 0.315639 0.038810 0.034374
2 0.563890 0.311284 0.038689 0.034393
2 0.563782 0.308818 0.036490 0.031906
2 0.563367 0.304903 0.037370 0.032365
2 0.563286 0.301070 0.039806 0.034803
2 0.563006 0.297614 0.047270 0.042703
2 0.562615 0.294471 0.044234 0.040934
2 0.562458 0.292344 0.041498 0.037524
2 0.562112 0.288752 0.036705 0.032181
2 0.562032 0.287318 0.037274 0.032589
2 0.561713 0.284384 0.043073 0.038987
2 0.561408 0.281517 0.048374 0.044952
2 0.561256 0.280092 0.046895 0.041703
2 0.560449 0.276939 0.036383 0.031983
2 0.560122 0.274270 0.043666 0.037744
2 0.559869 0.273217 0.049752 0.047854
2 0.559345 0.270565 0.041148 0.036376
2 0.558916 0.269379 0.036975 0.032393
2 0.558338 0.267006 0.046962 0.044044
2 0.558022 0.265819 0.044713 0.040853
2 0.557117 0.263437 0.038777 0.034619
2 0.556877 0.262235 0.045091 0.040242
2 0.556043 0.259820 0.037332 0.032505
2 0.555294 0.257552 0.045923 0.043163
2 0.555053 0.256267 0.046216 0.041981
2 0.554059 0.253723 0.037331 0.033246
2 0.553785 0.252456 0.042641 0.037453
2 0.552785 0.249716 0.035164 0.030925
2 0.552038 0.247308 0.045160 0.042051
2 0.551159 0.244308 0.035361 0.031052
2 0.550925 0.242461 0.035999 0.031307
2 0.550178 0.239897 0.043390 0.040661
2 0.549178 0.236632 0.040948 0.036691
2 0.548100 0.233303 0.037067 0.032539
2 0.547460 0.230264 0.045467 0.043304
2 0.546807 0.228329 0.039268 0.035935
2 0.545919 0.224985 0.044471 0.041311
2 0.545302 0.223217 0.040000 0.035511
2 0.544113 0.219523 0.044444 0.040896
2 0.542824 0.215013 0.043214 0.040864
2 0.541269 0.210706 0.043094 0.041912
2 0.540353 0.208433 0.034062 0.031755
2 0.538934 0.203585 0.036827 0.033390
2 0.537527 0.198380 0.040101 0.038258
2 0.536214 0.192816 0.046789 0.046198
2 0.535472 0.189861 0.035050 0.031137
2 0.533985 0.183372 0.035651 0.033293
2 0.532432 0.176594 0.034857 0.031281
2 0.531763 0.173231 0.047622 0.046984
2 0.530339 0.166009 0.046272 0.045199
2 0.529614 0.162468 0.038590 0.035536
2 0.527988 0.154819 0.037591 0.034369
2 0.527158 0.150984 0.047067 0.045070
2 0.525651 0.142903 0.046596 0.045221
2 0.524857 0.138936 0.037978 0.035557
2 0.523224 0.130423 0.037149 0.035925
2 0.521653 0.121971 0.037264 0.034946
2 0.520996 0.117506 0.047161 0.046290
2 0.519432 0.108494 0.046784 0.046198
2 0.517834 0.099256 0.047050 0.047007
2 0.516990 0.094657 0.036456 0.034206
