2 0.607812 0.585938 0.043750 0.035156
2 0.606840 0.585524 0.046021 0.038915
2 0.605861 0.585425 0.043903 0.035292
2 0.604789 0.584896 0.044144 0.035945
2 0.603725 0.584758 0.045982 0.039137
2 0.602621 0.584327 0.043809 0.035417
2 0.601525 0.584008 0.043896 0.035520
2 0.600412 0.583719 0.045560 0.038085
2 0.599372 0.583392 0.044597 0.036501
2 0.598183 0.582982 0.043841 0.035587
2 0.597001 0.582776 0.044064 0.035724
2 0.595884 0.582282 0.045855 0.038708
2 0.594819 0.581988 0.043809 0.035248
2 0.593626 0.581811 0.044121 0.035837
2 0.592507 0.581317 0.045394 0.037700
2 0.591440 0.581218 0.045401 0.037842
2 0.590443 0.580956 0.043899 0.035695
2 0.589458 0.580664 0.045325 0.037598
2 0.588450 0.580421 0.043963 0.035587
2 0.587590 0.580346 0.043717 0.035199
2 0.586839 0.579981 0.044372 0.036109
2 0.585964 0.579626 0.043940 0.035503
2 0.585254 0.579144 0.044612 0.036576
2 0.584668 0.578869 0.044819 0.036853
2 0.584071 0.578536 0.043810 0.035855
2 0.583576 0.578274 0.045167 0.037372
2 0.583124 0.578120 0.044876 0.036851
2 0.582847 0.577785 0.043917 0.035646
2 0.582755 0.577758 0.043915 0.035738
2 0.582471 0.577705 0.043928 0.035799
2 0.582436 0.577704 0.043963 0.035846
2 0.582421 0.577705 0.043867 0.035700
2 0.582405 0.577710 0.043845 0.035613
2 0.582417 0.577747 0.043783 0.035594
2 0.582446 0.577866 0.043774 0.035698
2 0.582553 0.578290 0.043734 0.035727
2 0.582940 0.578340 0.043829 0.035381
2 0.583283 0.578454 0.045566 0.038097
2 0.583641 0.578675 0.044913 0.037116
2 0.584080 0.578805 0.043939 0.035809
2 0.584162 0.578870 0.043958 0.035870
2 0.584370 0.579057 0.043793 0.035403
2 0.584439 0.579091 0.043805 0.035279
2 0.584835 0.579098 0.045643 0.038346
2 0.584834 0.579185 0.045682 0.038352
2 0.585034 0.579448 0.045864 0.038548
2 0.585042 0.579511 0.045765 0.038392
2 0.585057 0.579997 0.045461 0.038023
2 0.585055 0.580022 0.045557 0.038147
2 0.585027 0.580428 0.045533 0.038163
2 0.584987 0.580502 0.045612 0.038297
2 0.584955 0.580998 0.045669 0.038423
2 0.584622 0.581580 0.044773 0.036605
2 0.584596 0.582034 0.044435 0.036097
2 0.584241 0.582451 0.044350 0.036496
2 0.584132 0.582891 0.044388 0.036568
2 0.583877 0.583437 0.044291 0.035958
2 0.583622 0.583907 0.045240 0.037459
2 0.583275 0.584303 0.045824 0.038339
2 0.583268 0.584792 0.045908 0.038427
2 0.582884 0.585376 0.044210 0.035577
2 0.582787 0.585899 0.044160 0.035823
2 0.582538 0.586388 0.044143 0.036060
2 0.582434 0.586942 0.044108 0.035883
2 0.582297 0.587539 0.044054 0.035454
2 0.581979 0.588090 0.045644 0.038021
2 0.581964 0.588555 0.045788 0.038249
2 0.581761 0.589176 0.046296 0.038756
2 0.581420 0.589659 0.044442 0.035795
2 0.581304 0.590063 0.044449 0.036120
2 0.581221 0.590160 0.044658 0.036729
2 0.580949 0.590496 0.044649 0.036882
2 0.580575 0.590509 0.044048 0.035445
2 0.580113 0.590533 0.044901 0.036863
2 0.579722 0.590561 0.044433 0.036454
2 0.579164 0.590480 0.044368 0.036288
2 0.578669 0.590107 0.044822 0.036722
2 0.578220 0.589726 0.044763 0.036925
2 0.577692 0.589172 0.045161 0.037435
2 0.577166 0.588347 0.044968 0.036854
2 0.576653 0.587590 0.044931 0.037067
2 0.575968 0.586667 0.044550 0.036483
2 0.575462 0.585648 0.044885 0.036471
2 0.574756 0.584591 0.045068 0.037626
2 0.573943 0.583662 0.045221 0.036978
2 0.573438 0.582283 0.045185 0.037776
2 0.572867 0.580924 0.044848 0.036891
2 0.571957 0.579604 0.045387 0.037611
2 0.571492 0.578113 0.045203 0.037771
2 0.570521 0.576525 0.044711 0.036545
2 0.570160 0.574751 0.045045 0.037866
2 0.569664 0.573107 0.044806 0.036549
2 0.569152 0.571292 0.045037 0.036309
2 0.568674 0.569800 0.045211 0.037687
2 0.568603 0.567816 0.045294 0.037966
2 0.568491 0.565782 0.045331 0.038010
2 0.568513 0.563514 0.045060 0.037712
2 0.568463 0.561525 0.045008 0.037715
2 0.568417 0.559173 0.044918 0.037673
2 0.568389 0.557131 0.044934 0.037659
2 0.568466 0.554801 0.044988 0.037857
2 0.568494 0.552664 0.045041 0.037927
2 0.568857 0.550651 0.044935 0.037379
2 0.569260 0.548616 0.044921 0.036405
2 0.569372 0.546242 0.045374 0.036933
2 0.569755 0.544265 0.045073 0.037184
2 0.569973 0.542257 0.045203 0.037801
2 0.570289 0.540245 0.045135 0.037664
2 0.570609 0.538063 0.044458 0.036057
2 0.570784 0.535971 0.044614 0.036159
2 0.571156 0.533732 0.044343 0.036049
2 0.571237 0.531778 0.044373 0.036235
2 0.571367 0.529753 0.044662 0.036893
2 0.571481 0.527694 0.044901 0.037348
2 0.571492 0.525745 0.044918 0.037431
2 0.571678 0.523392 0.045104 0.037777
2 0.571654 0.521472 0.044984 0.037658
2 0.571651 0.519348 0.044862 0.037498
2 0.571666 0.517354 0.044831 0.037449
2 0.571602 0.514906 0.044720 0.037196
2 0.571232 0.512923 0.043732 0.035260
2 0.571155 0.510966 0.044053 0.035820
2 0.571072 0.508979 0.044372 0.036406
2 0.570596 0.507057 0.043993 0.035696
2 0.570163 0.505203 0.044327 0.036514
2 0.569896 0.503492 0.044141 0.036150
2 0.569443 0.501750 0.045078 0.037469
2 0.568973 0.500226 0.043978 0.035601
2 0.568538 0.498588 0.043936 0.035838
2 0.568221 0.497565 0.044010 0.035516
2 0.567545 0.496317 0.044991 0.037155
2 0.567209 0.495207 0.043865 0.035303
2 0.566867 0.494255 0.043883 0.035512
2 0.566535 0.493207 0.044500 0.036396
2 0.566118 0.492536 0.045016 0.037278
2 0.565764 0.492011 0.043762 0.035176
2 0.565043 0.491390 0.043946 0.035496
2 0.564758 0.490832 0.044774 0.036975
2 0.564234 0.490449 0.043860 0.035291
2 0.563849 0.490074 0.044187 0.036084
2 0.563434 0.490033 0.044274 0.035938
2 0.562957 0.489915 0.045262 0.037493
2 0.562519 0.489939 0.044171 0.035914
2 0.562143 0.489937 0.044235 0.036106
2 0.561711 0.489925 0.044779 0.036682
2 0.561229 0.490107 0.044290 0.035900
2 0.560465 0.490482 0.044009 0.035599
2 0.560118 0.490549 0.045051 0.037158
2 0.559706 0.490971 0.044874 0.036812
2 0.559023 0.491548 0.044326 0.035729
2 0.558648 0.491988 0.045180 0.037430
2 0.558173 0.492401 0.045195 0.037501
2 0.557650 0.493133 0.044092 0.035697
2 0.556996 0.493800 0.045598 0.038087
2 0.556804 0.494246 0.045589 0.038137
2 0.556316 0.494856 0.043834 0.035251
2 0.555699 0.495868 0.044170 0.035716
2 0.555224 0.496526 0.045516 0.038062
2 0.554814 0.497229 0.044086 0.035430
2 0.554382 0.498104 0.044325 0.036398
2 0.554012 0.498864 0.044127 0.035737
2 0.553271 0.499978 0.044036 0.035663
2 0.552972 0.500867 0.044862 0.037416
2 0.552587 0.501787 0.044689 0.036995
2 0.552101 0.502606 0.044319 0.035961
2 0.551510 0.503804 0.045220 0.038215
2 0.551095 0.504824 0.044988 0.037643
2 0.550761 0.505964 0.044314 0.036032
2 0.549926 0.506969 0.044911 0.037522
2 0.549922 0.508010 0.044788 0.037591
2 0.549093 0.509304 0.044716 0.036560
2 0.548631 0.510354 0.044310 0.036301
2 0.547971 0.511578 0.044533 0.036814
2 0.547355 0.512928 0.045104 0.037040
2 0.547028 0.514241 0.044498 0.036559
2 0.546713 0.515408 0.045234 0.038066
2 0.546321 0.516736 0.044832 0.036901
2 0.545788 0.518137 0.044407 0.035919
2 0.545133 0.519615 0.045381 0.038263
2 0.544860 0.521091 0.045303 0.037733
2 0.544479 0.522458 0.044967 0.036667
2 0.543855 0.524337 0.045093 0.037202
2 0.543497 0.525771 0.045172 0.037658
2 0.542917 0.527474 0.044819 0.036616
2 0.542585 0.529265 0.044866 0.036379
2 0.542176 0.530755 0.045693 0.037870
2 0.541731 0.532361 0.045546 0.037588
2 0.541287 0.534313 0.045904 0.037662
2 0.540518 0.536305 0.045861 0.037997
2 0.540491 0.537703 0.045395 0.037510
2 0.539746 0.539531 0.045868 0.037781
2 0.539373 0.541089 0.044940 0.036257
2 0.538833 0.543070 0.045118 0.036995
2 0.538495 0.544919 0.044799 0.036038
2 0.538450 0.546587 0.045362 0.036767
2 0.537955 0.548526 0.046269 0.038187
2 0.537876 0.550427 0.045429 0.036990
2 0.537652 0.552203 0.045172 0.037038
2 0.537342 0.554388 0.044955 0.037289
2 0.537300 0.556311 0.044942 0.037250
2 0.537273 0.558215 0.044902 0.037194
2 0.537276 0.560177 0.044867 0.037162
2 0.537262 0.562397 0.044714 0.037057
2 0.537371 0.564399 0.044690 0.037044
2 0.537736 0.566730 0.044560 0.036191
2 0.538042 0.568705 0.045456 0.037226
2 0.538455 0.571114 0.044682 0.035967
2 0.538800 0.573217 0.045098 0.037170
2 0.539226 0.575717 0.045023 0.036660
2 0.539683 0.577992 0.045750 0.037691
2 0.540244 0.580343 0.044818 0.036686
2 0.540637 0.582677 0.044918 0.036830
2 0.541170 0.585013 0.045708 0.037459
2 0.541560 0.587569 0.044510 0.035821
2 0.542107 0.589916 0.044664 0.036792
2 0.542391 0.592276 0.044240 0.035775
2 0.542794 0.594648 0.045353 0.037674
2 0.543190 0.597256 0.044311 0.035827
2 0.543533 0.599665 0.044252 0.036125
2 0.543872 0.601986 0.043865 0.035370
2 0.544046 0.604199 0.044221 0.035803
2 0.544527 0.606579 0.044945 0.037006
2 0.544570 0.608985 0.044569 0.036361
2 0.544928 0.611206 0.044116 0.035805
2 0.544955 0.613167 0.044103 0.035800
2 0.544979 0.615510 0.044021 0.035728
2 0.545032 0.617788 0.044006 0.035693
2 0.545056 0.619954 0.044041 0.035691
2 0.544960 0.622422 0.044232 0.035860
2 0.544819 0.624704 0.043860 0.035253
2 0.544754 0.627041 0.044871 0.037265
2 0.544779 0.628977 0.044942 0.037509
2 0.544387 0.631316 0.047148 0.041690
2 0.544249 0.633778 0.046792 0.041343
2 0.544192 0.636180 0.046404 0.040634
2 0.543762 0.638590 0.043856 0.036334
2 0.543622 0.640860 0.043037 0.035671
2 0.543446 0.643083 0.042723 0.035533
2 0.542950 0.645303 0.044178 0.038690
2 0.542707 0.647689 0.044349 0.039211
2 0.542700 0.650000 0.044532 0.038864
2 0.542456 0.652002 0.044325 0.038148
2 0.542019 0.654195 0.042603 0.035027
2 0.541735 0.656380 0.043076 0.035826
2 0.541431 0.658222 0.045108 0.039463
2 0.541084 0.660129 0.045634 0.040172
2 0.540670 0.662108 0.043492 0.036648
2 0.540243 0.664001 0.043040 0.036012
2 0.539836 0.665421 0.044161 0.038421
2 0.539372 0.667281 0.043935 0.037987
2 0.538984 0.668723 0.042568 0.035609
2 0.538756 0.670173 0.042604 0.035417
2 0.537500 0.677734 0.034375 0.035156
2 0.536719 0.678711 0.035937 0.033203
2 0.537500 0.681641 0.037500 0.039062
2 0.534375 0.683594 0.043750 0.035156
2 0.534375 0.683594 0.043750 0.035156
2 0.537500 0.682617 0.037500 0.037109
2 0.538281 0.682617 0.039062 0.037109
2 0.535156 0.685547 0.045312 0.031250
2 0.535156 0.688477 0.045312 0.037109
2 0.534375 0.686523 0.046875 0.041016
2 0.532813 0.684570 0.043750 0.037109
2 0.534375 0.686523 0.040625 0.033203
2 0.536719 0.686523 0.045312 0.033203
2 0.537500 0.688477 0.043750 0.029297
2 0.536719 0.692383 0.042188 0.037109
2 0.538281 0.690430 0.039062 0.033203
2 0.539062 0.691406 0.040625 0.035156
2 0.539062 0.691406 0.040625 0.035156
2 0.540625 0.691406 0.043750 0.035156
2 0.541406 0.689453 0.032813 0.031250
2 0.543750 0.688477 0.037500 0.029297
2 0.543750 0.690430 0.037500 0.025391
2 0.546094 0.690430 0.042188 0.025391
2 0.550000 0.689453 0.034375 0.027344
2 0.550000 0.690430 0.034375 0.029297
2 0.546094 0.686523 0.042188 0.037109
2 0.546875 0.687500 0.043750 0.039062
2 0.551563 0.688477 0.034375 0.037109
2 0.552344 0.687500 0.035937 0.035156
2 0.549219 0.683594 0.042188 0.042969
2 0.553125 0.682617 0.050000 0.041016
2 0.555469 0.683594 0.045312 0.039062
2 0.554688 0.683594 0.043750 0.039062
2 0.557031 0.682617 0.039062 0.041016
2 0.558594 0.681641 0.042188 0.039062
2 0.561719 0.679688 0.035937 0.042969
2 0.564844 0.679688 0.042188 0.042969
2 0.561719 0.678711 0.048438 0.044922
2 0.564063 0.678711 0.053125 0.044922
2 0.565625 0.676758 0.050000 0.048828
2 0.563281 0.674805 0.048438 0.044922
2 0.560938 0.674805 0.053125 0.044922
2 0.565625 0.674805 0.062500 0.044922
2 0.566406 0.673828 0.060937 0.046875
2 0.567188 0.670898 0.065625 0.048828
2 0.573438 0.671875 0.053125 0.046875
2 0.568750 0.666992 0.043750 0.037109
2 0.568750 0.667969 0.043750 0.035156
2 0.571094 0.669922 0.048438 0.039062
2 0.571875 0.669922 0.046875 0.039062
2 0.571875 0.668945 0.046875 0.037109
2 0.572656 0.666992 0.045312 0.041016
2 0.570312 0.664062 0.040625 0.035156
2 0.570312 0.666992 0.040625 0.029297
2 0.573438 0.666992 0.046875 0.029297
2 0.572656 0.663086 0.048438 0.037109
2 0.574219 0.664062 0.051562 0.039062
2 0.569531 0.661133 0.051562 0.041016
2 0.572656 0.660156 0.057813 0.039062
