2 0.416406 0.195312 0.048438 0.039062
2 0.418463 0.199667 0.047823 0.038616
2 0.419349 0.202389 0.049051 0.040244
2 0.420875 0.206823 0.048509 0.039127
2 0.421983 0.209212 0.047886 0.038918
2 0.423211 0.214233 0.048222 0.039361
2 0.424615 0.219260 0.047983 0.038857
2 0.425111 0.221664 0.047821 0.038865
2 0.426524 0.227095 0.047744 0.038760
2 0.427050 0.229935 0.048371 0.039340
2 0.428174 0.235164 0.047642 0.038470
2 0.428532 0.238042 0.047921 0.038785
2 0.429542 0.243693 0.047655 0.038619
2 0.429689 0.246632 0.047494 0.038483
2 0.430572 0.252144 0.048225 0.039237
2 0.431090 0.255175 0.048111 0.039374
2 0.431605 0.261106 0.047999 0.039238
2 0.432010 0.263576 0.048094 0.039019
2 0.432202 0.269782 0.048046 0.039113
2 0.432810 0.275540 0.047485 0.038658
2 0.433069 0.281653 0.047479 0.038595
2 0.433135 0.284394 0.047650 0.038704
2 0.433557 0.290452 0.047973 0.038837
2 0.433328 0.293953 0.047719 0.038661
2 0.433285 0.300357 0.047553 0.038381
2 0.433511 0.306482 0.048087 0.039173
2 0.433332 0.309715 0.047720 0.038632
2 0.433429 0.315695 0.047769 0.038681
2 0.433660 0.318916 0.047925 0.038976
2 0.433429 0.325169 0.047799 0.038684
2 0.433321 0.331703 0.047537 0.038471
2 0.433213 0.335689 0.047572 0.038566
2 0.433306 0.342435 0.047556 0.038589
2 0.433276 0.345934 0.047648 0.038835
2 0.433236 0.353114 0.047473 0.038391
2 0.433269 0.356589 0.047527 0.038617
2 0.433239 0.363116 0.047320 0.038443
2 0.433177 0.369675 0.047237 0.038349
2 0.433153 0.372902 0.047145 0.038289
2 0.433070 0.379340 0.047136 0.038297
2 0.433168 0.386175 0.047244 0.038330
2 0.433544 0.392636 0.047687 0.038748
2 0.433846 0.396066 0.047293 0.038151
2 0.434096 0.402520 0.047216 0.038444
2 0.434415 0.409171 0.047153 0.038266
2 0.434461 0.412706 0.047152 0.038274
2 0.434832 0.419882 0.047676 0.038911
2 0.435377 0.423761 0.047863 0.039064
2 0.435935 0.431075 0.047182 0.038203
2 0.436585 0.438482 0.047813 0.038611
2 0.436809 0.442112 0.047985 0.038974
2 0.437893 0.450154 0.047423 0.038321
2 0.438088 0.454303 0.047905 0.038875
2 0.438874 0.462158 0.047507 0.038569
2 0.438984 0.466485 0.047400 0.038582
2 0.439910 0.474679 0.047981 0.039301
2 0.440289 0.478668 0.047642 0.039024
2 0.440839 0.487612 0.047281 0.038211
2 0.440851 0.492012 0.047458 0.038663
2 0.441688 0.500810 0.047507 0.038441
2 0.442061 0.509743 0.047506 0.038838
2 0.442358 0.518823 0.047424 0.038482
2 0.442473 0.523583 0.047513 0.038921
2 0.442654 0.533101 0.047610 0.038845
2 0.442741 0.537838 0.047526 0.038501
2 0.442557 0.547137 0.047555 0.038875
2 0.442372 0.556719 0.047470 0.038831
2 0.441766 0.566409 0.047596 0.038901
2 0.441514 0.571173 0.047712 0.038516
2 0.440940 0.580738 0.047426 0.038526
2 0.440049 0.589945 0.047909 0.039081
2 0.439484 0.594955 0.047716 0.038728
2 0.438288 0.603998 0.048208 0.039317
2 0.437779 0.608426 0.047593 0.038591
2 0.436598 0.617041 0.048092 0.039152
2 0.435917 0.621326 0.047689 0.038958
2 0.434772 0.629373 0.047904 0.039075
2 0.433736 0.637170 0.048275 0.039389
2 0.433118 0.641142 0.047779 0.038916
2 0.431781 0.648393 0.048277 0.039472
2 0.431428 0.652272 0.047823 0.039053
2 0.430234 0.659042 0.047856 0.038673
2 0.428737 0.665746 0.048074 0.039033
2 0.428211 0.668656 0.047386 0.038357
2 0.427916 0.671792 0.047673 0.038814
2 0.426452 0.677838 0.047675 0.038893
2 0.425858 0.680749 0.048279 0.039207
2 0.424728 0.686152 0.047458 0.038413
2 0.423431 0.691621 0.047462 0.038645
2 0.422269 0.696226 0.047706 0.038791
2 0.421788 0.698816 0.047489 0.038459
2 0.420235 0.702202 0.047599 0.038702
2 0.419493 0.704886 0.047778 0.038629
2 0.418012 0.708310 0.048004 0.039074
2 0.416369 0.712470 0.047903 0.038790
2 0.415226 0.715243 0.047387 0.038365
2 0.414500 0.716870 0.047409 0.038425
2 0.412696 0.719303 0.047152 0.038078
2 0.411276 0.721818 0.047650 0.038808
2 0.410410 0.723323 0.047536 0.038368
2 0.408801 0.725423 0.047562 0.038420
2 0.407721 0.726471 0.047254 0.038336
2 0.406145 0.727922 0.047371 0.038493
2 0.404550 0.729218 0.047139 0.038055
2 0.403351 0.729603 0.047384 0.038513
2 0.401772 0.730587 0.047384 0.038546
2 0.400120 0.731159 0.047189 0.038174
2 0.399170 0.731104 0.047883 0.038825
2 0.397639 0.731164 0.047874 0.038789
2 0.396864 0.731184 0.047150 0.038155
2 0.395422 0.731258 0.047139 0.038079
2 0.393920 0.730815 0.047272 0.038476
2 0.393160 0.730447 0.047746 0.038879
2 0.392123 0.729408 0.047155 0.038150
2 0.391252 0.728880 0.047901 0.039055
2 0.390138 0.727204 0.047520 0.038490
2 0.388973 0.725764 0.047287 0.038410
2 0.388352 0.725181 0.047713 0.038703
2 0.387486 0.723126 0.047181 0.038278
2 0.386508 0.720956 0.047696 0.038876
2 0.386019 0.719933 0.047436 0.038735
2 0.385305 0.717203 0.047925 0.039067
2 0.384858 0.715872 0.047677 0.038853
2 0.384169 0.712965 0.047428 0.038667
2 0.384246 0.711328 0.047380 0.038640
2 0.383639 0.707987 0.047611 0.038527
2 0.383707 0.706086 0.047636 0.038582
2 0.383286 0.702803 0.047329 0.038401
2 0.382930 0.699422 0.047367 0.038685
2 0.382891 0.697251 0.047361 0.038632
2 0.382979 0.693256 0.047354 0.038592
2 0.383032 0.690923 0.046991 0.037896
2 0.383184 0.686716 0.047384 0.038476
2 0.383533 0.682540 0.047756 0.038598
2 0.383581 0.680070 0.048238 0.039500
2 0.384121 0.675561 0.047477 0.038689
2 0.384532 0.670579 0.047361 0.038500
2 0.384860 0.668108 0.047921 0.039277
2 0.385595 0.662713 0.047527 0.038704
2 0.386391 0.657937 0.047623 0.038802
2 0.387148 0.655329 0.047389 0.038409
2 0.387849 0.649948 0.047268 0.038246
2 0.388763 0.644179 0.047389 0.038496
2 0.389933 0.638906 0.048168 0.039476
2 0.390773 0.635991 0.047223 0.038241
2 0.391929 0.630396 0.047275 0.038217
2 0.393014 0.624371 0.047849 0.038730
2 0.393771 0.621263 0.047463 0.038686
2 0.395072 0.615359 0.047526 0.038732
2 0.396378 0.609260 0.047790 0.038833
2 0.397379 0.603304 0.047857 0.038860
2 0.397972 0.599979 0.047841 0.038984
2 0.398671 0.596711 0.047615 0.038628
2 0.399802 0.590357 0.047610 0.038735
2 0.399873 0.587776 0.047630 0.038792
2 0.400807 0.581548 0.048368 0.039162
2 0.401129 0.578494 0.048023 0.039149
2 0.401752 0.572255 0.047731 0.038956
2 0.402462 0.565940 0.048044 0.038767
2 0.402611 0.562728 0.048102 0.039308
2 0.403024 0.556911 0.047705 0.039007
2 0.403185 0.553917 0.047592 0.038685
2 0.403315 0.547984 0.047692 0.038783
2 0.403397 0.544634 0.047663 0.038670
2 0.403409 0.538726 0.047609 0.038571
2 0.403487 0.535610 0.047850 0.039014
2 0.403425 0.529497 0.048038 0.039293
2 0.403351 0.526186 0.047705 0.038609
2 0.403321 0.520175 0.047767 0.038886
2 0.403358 0.517115 0.047721 0.038652
2 0.403381 0.510525 0.047790 0.038812
2 0.403356 0.507671 0.048050 0.039282
2 0.403579 0.501232 0.048015 0.038773
2 0.403518 0.498060 0.048361 0.039717
2 0.403788 0.491424 0.048209 0.038937
2 0.404051 0.484797 0.048388 0.039603
2 0.404634 0.481417 0.047366 0.038315
2 0.405183 0.474743 0.048312 0.039569
2 0.405714 0.471121 0.048214 0.039435
2 0.406557 0.463865 0.047519 0.038379
2 0.407858 0.457003 0.047686 0.038911
2 0.408594 0.453118 0.048527 0.039798
2 0.410026 0.446553 0.048070 0.038938
2 0.412063 0.439237 0.047955 0.039162
2 0.413118 0.435692 0.048438 0.039722
2 0.415643 0.427956 0.047648 0.038925
2 0.418096 0.419934 0.048288 0.039579
2 0.419887 0.416000 0.047831 0.039130
2 0.423142 0.408528 0.047667 0.038939
2 0.424771 0.404555 0.047632 0.038937
2 0.428265 0.396278 0.047500 0.038710
2 0.431629 0.388542 0.047839 0.039140
2 0.435506 0.380361 0.047375 0.038286
2 0.439634 0.372048 0.047525 0.038333
2 0.443302 0.363672 0.047603 0.038904
2 0.447083 0.355364 0.047330 0.038635
2 0.448712 0.351095 0.047092 0.038035
2 0.452538 0.342808 0.047488 0.038464
2 0.454290 0.338860 0.047329 0.038253
2 0.457989 0.330560 0.047390 0.038724
2 0.459591 0.326326 0.047472 0.038847
2 0.463030 0.318343 0.047895 0.039113
2 0.464930 0.314179 0.047867 0.038913
2 0.468107 0.306061 0.047653 0.038528
2 0.471274 0.297999 0.047534 0.038484
2 0.474018 0.289617 0.047869 0.039028
2 0.475441 0.285742 0.047585 0.038677
2 0.478288 0.278191 0.047140 0.038036
2 0.480834 0.270190 0.047431 0.038453
2 0.481743 0.266188 0.047622 0.038706
2 0.484223 0.257936 0.047388 0.038629
2 0.486690 0.250148 0.047987 0.039086
2 0.487600 0.245837 0.047200 0.038208
2 0.489563 0.238603 0.047686 0.038766
2 0.491645 0.230856 0.047639 0.038650
2 0.492510 0.226991 0.047386 0.038436
2 0.494451 0.218798 0.047809 0.038802
2 0.495777 0.211389 0.047499 0.038465
2 0.496610 0.207783 0.047395 0.038351
2 0.498027 0.200747 0.047626 0.038685
2 0.498576 0.196915 0.047481 0.038523
2 0.500116 0.189677 0.047053 0.038029
2 0.500412 0.186598 0.047438 0.038834
2 0.501954 0.179807 0.046955 0.037993
2 0.502364 0.176391 0.047036 0.037983
2 0.503365 0.169965 0.046877 0.037961
2 0.504122 0.166703 0.046799 0.037783
2 0.504834 0.160773 0.046772 0.037726
2 0.505421 0.157194 0.047272 0.038376
2 0.506193 0.151815 0.046956 0.038085
2 0.506503 0.146098 0.046894 0.037820
2 0.506966 0.143607 0.047715 0.038858
2 0.507736 0.138302 0.046899 0.037822
2 0.508073 0.135253 0.047118 0.038219
2 0.508331 0.130843 0.047430 0.038559
2 0.508216 0.128143 0.047609 0.038786
2 0.509261 0.122808 0.047097 0.038113
2 0.509469 0.118509 0.047283 0.038482
2 0.509470 0.116003 0.046856 0.037829
2 0.509522 0.111824 0.046997 0.038068
2 0.509781 0.109909 0.047107 0.038164
2 0.509745 0.105647 0.047201 0.038440
2 0.509874 0.104031 0.047180 0.038326
2 0.509859 0.100041 0.047230 0.038562
2 0.509850 0.098235 0.047164 0.038466
2 0.509917 0.094496 0.047238 0.038401
2 0.509989 0.092908 0.047225 0.038180
2 0.509902 0.089614 0.047321 0.038542
2 0.509865 0.088140 0.047474 0.038816
2 0.509714 0.085269 0.047077 0.038011
2 0.509246 0.083524 0.047120 0.038176
2 0.509196 0.080996 0.047083 0.038038
2 0.508972 0.079626 0.047194 0.038218
2 0.508494 0.077141 0.047373 0.038212
2 0.508479 0.075715 0.047470 0.038430
2 0.507751 0.073795 0.046966 0.038042
2 0.507974 0.072182 0.047079 0.038366
2 0.507119 0.070456 0.047422 0.038704
2 0.507146 0.069568 0.047570 0.038755
2 0.506304 0.067690 0.047122 0.038327
2 0.506062 0.066546 0.047104 0.038411
2 0.505541 0.064732 0.047389 0.038625
2 0.504763 0.062965 0.047067 0.038286
2 0.504552 0.062745 0.047201 0.038573
2 0.504161 0.060783 0.047401 0.038745
2 0.503065 0.059024 0.047177 0.038477
2 0.502904 0.058292 0.047041 0.038188
2 0.502041 0.056482 0.047379 0.038603
2 0.501618 0.055059 0.047173 0.038548
2 0.500834 0.053280 0.047480 0.038705
2 0.499975 0.051954 0.046920 0.037923
2 0.499535 0.051194 0.047398 0.038823
2 0.499076 0.049699 0.047220 0.038190
2 0.498705 0.048874 0.047254 0.038684
2 0.497986 0.047696 0.046890 0.037932
2 0.497408 0.046922 0.047216 0.038622
2 0.496807 0.045805 0.046585 0.037643
2 0.496269 0.044805 0.047093 0.038547
2 0.495813 0.044139 0.046818 0.037857
2 0.495563 0.043237 0.047009 0.038515
2 0.494484 0.041903 0.046951 0.038010
2 0.494502 0.041602 0.047207 0.038510
2 0.493875 0.040700 0.046822 0.038125
2 0.493547 0.040052 0.046557 0.037597
2 0.492922 0.039365 0.047206 0.038661
2 0.492338 0.039251 0.046875 0.038319
2 0.491996 0.038339 0.046635 0.037762
2 0.491176 0.038422 0.046646 0.037639
2 0.490809 0.037776 0.046708 0.037978
2 0.490532 0.037089 0.046903 0.038381
2 0.489466 0.036236 0.046750 0.037839
2 0.489485 0.036231 0.046712 0.037794
2 0.488689 0.035281 0.046889 0.038239
2 0.488330 0.035277 0.047204 0.038521
2 0.487561 0.034783 0.046906 0.038002
2 0.487121 0.034727 0.046864 0.037900
2 0.485832 0.034060 0.046633 0.037627
2 0.485691 0.034050 0.046567 0.037556
2 0.484368 0.033690 0.046693 0.037985
2 0.484216 0.033349 0.046742 0.038110
2 0.483290 0.033257 0.046824 0.038184
2 0.482865 0.033153 0.046777 0.038098
2 0.481645 0.033030 0.046904 0.038126
2 0.481125 0.032979 0.046786 0.037921
2 0.480467 0.033367 0.046875 0.035009
2 0.479239 0.033292 0.046875 0.034860
