2 0.642969 0.086914 0.054688 0.056641
2 0.642003 0.093489 0.054773 0.056909
2 0.640309 0.106162 0.055482 0.057959
2 0.638573 0.118516 0.054326 0.056735
2 0.637125 0.129407 0.054790 0.057198
2 0.636743 0.135234 0.053944 0.055912
2 0.635778 0.145822 0.052177 0.054194
2 0.635603 0.150788 0.054055 0.056399
2 0.635309 0.159532 0.052327 0.054510
2 0.635549 0.163823 0.052609 0.054825
2 0.636499 0.171737 0.052862 0.055089
2 0.636917 0.175446 0.052122 0.054163
2 0.638871 0.182317 0.053536 0.055652
2 0.639937 0.185528 0.052844 0.054864
2 0.642862 0.192398 0.053383 0.055630
2 0.644522 0.195310 0.053300 0.055346
2 0.648444 0.201235 0.053487 0.055670
2 0.650853 0.203986 0.053076 0.055035
2 0.656364 0.208950 0.053783 0.056172
2 0.662623 0.213622 0.054554 0.057006
2 0.666111 0.215394 0.055212 0.057907
2 0.673863 0.218448 0.053855 0.056540
2 0.677942 0.219455 0.053901 0.055909
2 0.686468 0.221171 0.056514 0.059303
2 0.694730 0.224352 0.054449 0.056575
2 0.703406 0.226216 0.055788 0.058222
2 0.707697 0.227188 0.055816 0.057920
2 0.716178 0.228390 0.056509 0.059071
2 0.724402 0.229070 0.055621 0.057882
2 0.728634 0.229445 0.056152 0.058674
2 0.736456 0.229929 0.055308 0.057778
2 0.740204 0.230540 0.055425 0.057735
2 0.747603 0.231563 0.055381 0.057690
2 0.750991 0.232097 0.054369 0.056422
2 0.757652 0.233700 0.054160 0.056114
2 0.761002 0.234522 0.055949 0.058233
2 0.766768 0.236637 0.055793 0.058055
2 0.772559 0.239145 0.056910 0.059425
2 0.775183 0.240533 0.057648 0.060379
2 0.779884 0.244161 0.057751 0.060638
2 0.784066 0.248161 0.055698 0.057760
2 0.786002 0.250340 0.057453 0.060107
2 0.789436 0.255437 0.057341 0.060072
2 0.792088 0.261017 0.055651 0.057675
2 0.793107 0.264199 0.056573 0.058658
2 0.794858 0.270455 0.056671 0.059037
2 0.795505 0.274256 0.056988 0.059365
2 0.796192 0.281873 0.056406 0.058581
2 0.796108 0.290144 0.055952 0.058029
2 0.795819 0.294562 0.056721 0.059198
2 0.794600 0.303059 0.056765 0.058948
2 0.793563 0.307911 0.055411 0.057461
2 0.791287 0.317093 0.057686 0.060314
2 0.788127 0.326159 0.057442 0.059994
2 0.786558 0.330793 0.057907 0.060526
2 0.783124 0.339594 0.057996 0.060757
2 0.779136 0.347791 0.057933 0.060183
2 0.775031 0.355187 0.058719 0.061256
2 0.772890 0.359386 0.058179 0.060337
2 0.769205 0.366745 0.060232 0.063365
2 0.767268 0.370296 0.059872 0.062766
2 0.763650 0.377328 0.058865 0.061075
2 0.762104 0.380683 0.058764 0.060965
2 0.759319 0.385910 0.059439 0.061982
2 0.758413 0.388529 0.060240 0.063121
2 0.756681 0.392485 0.060542 0.063568
2 0.755724 0.397352 0.058949 0.061268
2 0.755515 0.399566 0.059662 0.062389
2 0.755404 0.404129 0.060161 0.063140
2 0.755730 0.406460 0.059195 0.061562
2 0.756898 0.410859 0.060372 0.063465
2 0.757430 0.413125 0.058914 0.061298
2 0.759586 0.417971 0.060415 0.063618
2 0.762111 0.422531 0.058790 0.061084
2 0.763371 0.425234 0.059424 0.062134
2 0.766370 0.429892 0.060012 0.062934
2 0.769582 0.435783 0.060450 0.063783
2 0.771285 0.438118 0.060374 0.063704
2 0.774542 0.443649 0.060382 0.063781
2 0.776122 0.446975 0.059752 0.063164
2 0.778887 0.452841 0.060985 0.064953
2 0.781869 0.459504 0.061711 0.065889
2 0.783153 0.462568 0.061764 0.066246
2 0.785373 0.468861 0.061543 0.065887
2 0.787476 0.475168 0.061489 0.065858
2 0.789456 0.481349 0.061112 0.065659
2 0.790281 0.484459 0.059632 0.063556
2 0.792011 0.490127 0.059916 0.064091
2 0.793442 0.497193 0.059058 0.063134
2 0.794287 0.500551 0.060641 0.065378
2 0.795398 0.506394 0.059972 0.064606
2 0.796055 0.509451 0.058694 0.063516
2 0.797319 0.515149 0.058870 0.063776
2 0.798144 0.517903 0.058965 0.063265
2 0.799192 0.523828 0.059948 0.064675
2 0.799703 0.526726 0.057582 0.061945
2 0.800943 0.532569 0.058474 0.063092
2 0.802249 0.537285 0.060319 0.065074
2 0.803154 0.541601 0.059953 0.064610
2 0.803790 0.546099 0.059991 0.064882
2 0.804316 0.548322 0.058389 0.062775
2 0.805415 0.552908 0.060507 0.065333
2 0.806130 0.556915 0.059492 0.063957
2 0.806706 0.559148 0.060620 0.065497
2 0.807314 0.563018 0.059482 0.063907
2 0.808182 0.567147 0.060222 0.065042
2 0.808511 0.568803 0.060281 0.065012
2 0.809189 0.572496 0.058864 0.063100
2 0.809640 0.574292 0.059986 0.064834
2 0.810399 0.577264 0.058752 0.063269
2 0.811152 0.580585 0.060107 0.064891
2 0.811309 0.581960 0.059598 0.064489
2 0.811647 0.584831 0.059760 0.064515
2 0.811908 0.586216 0.059447 0.063981
2 0.812249 0.588759 0.058435 0.062661
2 0.812435 0.591761 0.058909 0.063347
2 0.812532 0.592886 0.058951 0.063496
2 0.812537 0.595282 0.058863 0.063425
2 0.812236 0.597604 0.058895 0.063187
2 0.812296 0.598529 0.059115 0.063384
2 0.811832 0.600931 0.059262 0.063892
2 0.811624 0.602040 0.060502 0.065245
2 0.811343 0.604562 0.060220 0.065085
2 0.811075 0.605809 0.060356 0.065100
2 0.810395 0.608100 0.059875 0.064441
2 0.809890 0.609502 0.060292 0.065103
2 0.809057 0.612210 0.059169 0.063667
2 0.808450 0.613501 0.059867 0.064750
2 0.807372 0.615980 0.059514 0.064222
2 0.806740 0.617915 0.059624 0.064660
2 0.805235 0.620986 0.059213 0.064238
2 0.803768 0.623955 0.060103 0.065257
2 0.802685 0.625892 0.059046 0.063878
2 0.800859 0.629658 0.059489 0.064536
2 0.799940 0.631606 0.058827 0.063711
2 0.797923 0.635123 0.059074 0.064124
2 0.796675 0.637328 0.058066 0.062817
2 0.794143 0.641555 0.058883 0.064171
2 0.793032 0.643206 0.058930 0.063980
2 0.790202 0.647171 0.057748 0.062447
2 0.788744 0.648922 0.057521 0.062077
2 0.785814 0.651755 0.056590 0.061306
2 0.784284 0.653006 0.057826 0.062558
2 0.781389 0.655444 0.057458 0.062433
2 0.779882 0.656249 0.057740 0.062844
2 0.776936 0.658227 0.057738 0.062741
2 0.775642 0.658966 0.058365 0.063262
2 0.772963 0.659980 0.055989 0.060389
2 0.770597 0.660342 0.058305 0.063191
2 0.769385 0.660470 0.058461 0.063277
2 0.767253 0.660504 0.058053 0.062665
2 0.765544 0.660207 0.056669 0.061030
2 0.764673 0.659910 0.056778 0.061613
2 0.763231 0.658822 0.058128 0.062838
2 0.762674 0.658331 0.057496 0.062225
2 0.761476 0.656618 0.058426 0.063310
2 0.760474 0.654666 0.057215 0.061543
2 0.760085 0.653698 0.056986 0.061880
2 0.759282 0.651206 0.057221 0.061665
2 0.758802 0.650088 0.056106 0.060657
2 0.758240 0.647158 0.058662 0.063629
2 0.757387 0.644284 0.055461 0.059727
2 0.757053 0.642634 0.057327 0.062028
2 0.756609 0.639400 0.058318 0.063197
2 0.755772 0.636128 0.055724 0.060084
2 0.755475 0.634398 0.056482 0.061213
2 0.754584 0.631221 0.056935 0.061296
2 0.754086 0.629800 0.057099 0.061591
2 0.753483 0.626740 0.056872 0.061742
2 0.752898 0.625369 0.056945 0.061251
2 0.752043 0.622666 0.056917 0.061765
2 0.751110 0.620517 0.055729 0.060103
2 0.750630 0.619333 0.057749 0.062589
2 0.749469 0.617579 0.057338 0.061835
2 0.748906 0.616696 0.057176 0.062089
2 0.748174 0.616239 0.056539 0.060843
2 0.746812 0.614514 0.056471 0.061076
2 0.745996 0.614782 0.056759 0.061599
2 0.744673 0.614128 0.057113 0.061781
2 0.743082 0.614219 0.056621 0.061222
2 0.741472 0.613997 0.056522 0.061040
2 0.739906 0.614786 0.055650 0.060201
2 0.738270 0.615806 0.056696 0.061319
2 0.737155 0.616546 0.054287 0.058383
2 0.735676 0.618202 0.054636 0.058754
2 0.734782 0.618916 0.055420 0.060194
2 0.733080 0.620826 0.055227 0.059917
2 0.732120 0.621868 0.055653 0.060056
2 0.730136 0.624119 0.055670 0.060170
2 0.728625 0.626501 0.055081 0.059549
2 0.727670 0.627363 0.054451 0.058171
2 0.726209 0.630614 0.053517 0.057220
2 0.725602 0.631992 0.055404 0.059755
2 0.724551 0.634310 0.053382 0.056950
2 0.723932 0.637308 0.055893 0.060122
2 0.723724 0.638419 0.054724 0.059050
2 0.723744 0.640865 0.055728 0.059909
2 0.723872 0.642133 0.054777 0.059094
2 0.724581 0.643921 0.053334 0.056797
2 0.725772 0.645917 0.054354 0.058439
2 0.726325 0.646484 0.053777 0.057250
2 0.728273 0.648364 0.054154 0.058225
2 0.730374 0.649304 0.055055 0.059036
2 0.731821 0.649931 0.054165 0.058458
2 0.734563 0.650283 0.054237 0.058489
2 0.737700 0.650632 0.055077 0.059263
2 0.739223 0.650565 0.054737 0.058891
2 0.742323 0.650234 0.053792 0.058047
2 0.745789 0.650050 0.054149 0.058590
2 0.748791 0.649207 0.055617 0.060025
2 0.751933 0.648761 0.055567 0.060013
2 0.755072 0.647641 0.054859 0.059298
2 0.756648 0.647455 0.055455 0.059901
2 0.759490 0.646412 0.054163 0.058448
2 0.761920 0.645829 0.053194 0.057086
2 0.764693 0.644780 0.055547 0.059965
2 0.765889 0.644140 0.054291 0.058717
2 0.768040 0.643705 0.054069 0.058097
2 0.769936 0.642343 0.051745 0.055230
2 0.772208 0.642063 0.054277 0.058669
2 0.772953 0.641620 0.053082 0.056614
2 0.774713 0.641021 0.053316 0.056768
2 0.775518 0.640563 0.054573 0.058908
2 0.777097 0.639984 0.054480 0.058796
2 0.777674 0.639661 0.053140 0.056678
2 0.778880 0.639092 0.055302 0.059453
2 0.779335 0.638633 0.052129 0.055579
2 0.780274 0.638544 0.054230 0.058496
2 0.781052 0.637518 0.053653 0.057188
2 0.781445 0.637390 0.056029 0.060339
2 0.781911 0.636656 0.054847 0.059186
2 0.782186 0.636211 0.053159 0.056988
2 0.782740 0.635273 0.054477 0.058251
2 0.782792 0.634951 0.054587 0.058569
2 0.783244 0.634339 0.054638 0.059078
2 0.783286 0.633868 0.055495 0.059907
2 0.783637 0.632964 0.054714 0.058785
2 0.783621 0.632038 0.054559 0.058736
2 0.783763 0.631820 0.054014 0.057740
2 0.783785 0.630844 0.052926 0.056513
2 0.783821 0.630129 0.052530 0.055949
2 0.783858 0.629304 0.053638 0.057002
2 0.783840 0.628718 0.052155 0.055479
2 0.783839 0.628055 0.052960 0.056323
2 0.783809 0.627233 0.054069 0.057617
2 0.783728 0.626821 0.053098 0.056790
2 0.783641 0.625721 0.055310 0.059347
2 0.783639 0.625336 0.055311 0.059416
2 0.783610 0.624379 0.054062 0.058183
2 0.783528 0.623595 0.055689 0.059878
2 0.783377 0.622867 0.054328 0.058657
2 0.783361 0.622320 0.054611 0.058916
2 0.783311 0.621022 0.054543 0.058886
2 0.783092 0.620562 0.054304 0.058638
2 0.782987 0.619103 0.054363 0.058613
2 0.782604 0.617767 0.054214 0.057966
2 0.782724 0.617209 0.054074 0.058086
2 0.782561 0.615079 0.053528 0.057394
2 0.782561 0.614209 0.054036 0.057840
2 0.782511 0.611255 0.053305 0.057182
2 0.782189 0.608428 0.054890 0.059099
2 0.781938 0.605238 0.054918 0.059558
2 0.781984 0.603648 0.056182 0.060811
2 0.781683 0.600014 0.057266 0.062008
2 0.781601 0.598107 0.057281 0.062002
2 0.781045 0.594275 0.055676 0.059668
2 0.780893 0.591950 0.054938 0.058862
2 0.780192 0.587837 0.055945 0.060650
2 0.779926 0.583288 0.055718 0.060344
2 0.779264 0.577998 0.054070 0.057906
2 0.778854 0.575626 0.055358 0.059874
2 0.778303 0.570120 0.055374 0.059925
2 0.777485 0.564503 0.055350 0.059578
2 0.776926 0.558405 0.055893 0.060591
2 0.776529 0.555216 0.056273 0.060484
2 0.775704 0.548966 0.056545 0.061123
2 0.775286 0.545719 0.057060 0.061705
2 0.774300 0.539797 0.056688 0.061005
2 0.773156 0.533159 0.054480 0.058352
2 0.772236 0.526851 0.056291 0.061057
2 0.771680 0.523590 0.055192 0.058986
2 0.770840 0.517651 0.055956 0.060501
2 0.769610 0.511382 0.054392 0.058534
2 0.769186 0.508088 0.055881 0.060397
2 0.767911 0.501977 0.055286 0.059687
2 0.767261 0.498996 0.055182 0.059432
2 0.766162 0.493145 0.055582 0.060026
2 0.765459 0.490756 0.054190 0.057932
2 0.763992 0.484819 0.054833 0.058858
2 0.763263 0.481952 0.054571 0.058903
2 0.761905 0.477077 0.054903 0.059000
2 0.760921 0.475244 0.055084 0.059246
2 0.759559 0.470597 0.054322 0.058697
2 0.758910 0.468194 0.052532 0.056275
2 0.757168 0.463409 0.055043 0.059103
2 0.756429 0.461915 0.055319 0.059745
2 0.754837 0.457232 0.055536 0.060069
2 0.753780 0.455698 0.056491 0.061092
2 0.750743 0.447612 0.056164 0.060739
2 0.749440 0.443709 0.055373 0.059442
2 0.748884 0.441649 0.056316 0.060996
2 0.747423 0.437569 0.055893 0.060388
2 0.747130 0.435896 0.056251 0.060679
2 0.746355 0.432083 0.055560 0.059337
2 0.745992 0.428353 0.056456 0.060778
2 0.745961 0.426426 0.056471 0.060821
2 0.746085 0.423140 0.055051 0.059341
2 0.746420 0.421071 0.054119 0.057753
2 0.746854 0.417292 0.054515 0.058530
2 0.747495 0.415406 0.054697 0.058897
2 0.748254 0.411838 0.053933 0.057727
2 0.748765 0.409759 0.054919 0.059318
