2 0.749219 0.700195 0.051562 0.041016
2 0.749220 0.700195 0.051564 0.041019
2 0.749611 0.701210 0.052528 0.041877
2 0.750388 0.702380 0.051703 0.041353
2 0.750389 0.702375 0.051698 0.041359
2 0.750402 0.703220 0.051891 0.041437
2 0.751021 0.703479 0.052329 0.041773
2 0.751026 0.703483 0.052320 0.041764
2 0.751406 0.704229 0.052484 0.041985
2 0.751713 0.704235 0.052099 0.041526
2 0.751720 0.704253 0.052083 0.041527
2 0.751999 0.703613 0.052135 0.042001
2 0.752143 0.702550 0.051470 0.041190
2 0.752143 0.702550 0.051470 0.041190
2 0.752173 0.701344 0.051907 0.041632
2 0.752244 0.699119 0.051577 0.041101
2 0.752244 0.699119 0.051577 0.041101
2 0.752236 0.698077 0.051853 0.041631
2 0.752135 0.695611 0.052018 0.041822
2 0.752135 0.695611 0.052018 0.041822
2 0.752113 0.693665 0.052056 0.041892
2 0.751790 0.691804 0.052600 0.042283
2 0.751808 0.691799 0.052583 0.042267
2 0.751656 0.690982 0.052222 0.041734
2 0.751466 0.689225 0.052523 0.041955
2 0.751483 0.689204 0.052539 0.041984
2 0.751421 0.688397 0.052650 0.042072
2 0.751443 0.687262 0.052534 0.041974
2 0.751442 0.687262 0.052536 0.041975
2 0.751615 0.685959 0.052655 0.042231
2 0.752047 0.684955 0.051535 0.041287
2 0.752039 0.684940 0.051527 0.041276
2 0.752619 0.684245 0.052419 0.041910
2 0.753517 0.683791 0.051988 0.041633
2 0.753519 0.683796 0.051994 0.041644
2 0.754625 0.683634 0.052495 0.041867
2 0.756466 0.683064 0.052052 0.041714
2 0.756463 0.683058 0.052075 0.041758
2 0.757289 0.682508 0.052270 0.041681
2 0.761066 0.680592 0.052279 0.041694
2 0.761069 0.680599 0.052220 0.041650
2 0.762535 0.680265 0.052492 0.042003
2 0.767995 0.677342 0.051889 0.041839
2 0.767994 0.677342 0.051875 0.041824
2 0.769819 0.676440 0.052463 0.041824
2 0.777139 0.672788 0.051642 0.041175
2 0.777135 0.672778 0.051632 0.041179
2 0.781264 0.670732 0.052667 0.041992
2 0.787976 0.667774 0.051796 0.041446
2 0.787984 0.667792 0.051778 0.041449
2 0.792663 0.665859 0.051837 0.041478
2 0.800005 0.663344 0.052627 0.042305
2 0.800008 0.663367 0.052613 0.042283
2 0.805046 0.662136 0.052010 0.041402
2 0.812568 0.660134 0.052564 0.041925
2 0.812568 0.660134 0.052564 0.041925
2 0.817857 0.658765 0.052025 0.041468
2 0.825309 0.658062 0.052273 0.041773
2 0.825309 0.658062 0.052273 0.041773
2 0.830484 0.657524 0.052086 0.041947
2 0.837749 0.657611 0.052513 0.042323
2 0.837748 0.657610 0.052546 0.042359
2 0.842850 0.658337 0.051917 0.041311
2 0.849356 0.658939 0.052097 0.041521
2 0.849357 0.658935 0.052095 0.041518
2 0.853585 0.659389 0.051987 0.041711
2 0.859277 0.660776 0.052717 0.041941
2 0.859266 0.660790 0.052741 0.041984
2 0.860832 0.662049 0.052899 0.042396
2 0.865471 0.663928 0.053121 0.042751
2 0.865468 0.663919 0.053125 0.042755
2 0.868202 0.664583 0.052442 0.041776
2 0.871637 0.666456 0.052860 0.042127
2 0.871637 0.666456 0.052860 0.042127
2 0.873339 0.668469 0.052743 0.041997
2 0.875645 0.671051 0.051918 0.041562
2 0.875645 0.671051 0.051918 0.041562
2 0.877023 0.673231 0.052039 0.041807
2 0.878937 0.675797 0.052008 0.041483
2 0.878937 0.675771 0.052024 0.041520
2 0.879958 0.677326 0.052351 0.042086
2 0.881164 0.679879 0.052605 0.041891
2 0.881164 0.679879 0.052605 0.041891
2 0.882028 0.681782 0.051819 0.041232
2 0.883139 0.683997 0.052247 0.041798
2 0.883164 0.683980 0.052221 0.041799
2 0.884010 0.685911 0.052508 0.041772
2 0.885201 0.688606 0.051937 0.041733
2 0.885204 0.688599 0.051982 0.041773
2 0.885974 0.690170 0.052425 0.041768
2 0.886770 0.692710 0.052034 0.041975
2 0.886785 0.692707 0.052083 0.042028
2 0.887518 0.694147 0.052308 0.041648
2 0.888227 0.696245 0.051672 0.041291
2 0.888217 0.696255 0.051668 0.041303
2 0.888993 0.698237 0.052460 0.041980
2 0.889560 0.700061 0.051475 0.040963
2 0.889553 0.700059 0.051506 0.040986
2 0.889986 0.700482 0.052179 0.042301
2 0.890387 0.701989 0.052513 0.041986
2 0.890387 0.701989 0.052513 0.041986
2 0.890796 0.702497 0.052391 0.042396
2 0.891509 0.703070 0.052048 0.041779
2 0.891509 0.703070 0.052073 0.041800
2 0.891525 0.703103 0.052115 0.041820
2 0.891830 0.703138 0.052747 0.042308
2 0.891831 0.703139 0.052760 0.042316
2 0.892220 0.702624 0.052711 0.042703
2 0.892199 0.701005 0.052705 0.042451
2 0.892199 0.701006 0.052705 0.042451
2 0.892179 0.700261 0.052639 0.042330
2 0.892199 0.698329 0.052660 0.042338
2 0.892193 0.698326 0.052652 0.042310
2 0.892226 0.697309 0.052590 0.042052
2 0.892359 0.695623 0.052403 0.041732
2 0.892353 0.695629 0.052410 0.041740
2 0.892356 0.695132 0.052423 0.042002
2 0.892605 0.693736 0.052072 0.041592
2 0.892605 0.693736 0.052072 0.041592
2 0.892644 0.693216 0.051743 0.041301
2 0.892673 0.692545 0.051590 0.041274
2 0.892673 0.692545 0.051590 0.041274
2 0.893010 0.692519 0.051804 0.041596
2 0.893052 0.692340 0.051872 0.041472
2 0.893047 0.692332 0.051941 0.041546
2 0.893038 0.692309 0.051815 0.041369
2 0.893104 0.692789 0.052113 0.042108
2 0.893124 0.692788 0.052109 0.042098
2 0.893039 0.693575 0.051749 0.041179
2 0.893000 0.694232 0.051606 0.041075
2 0.892998 0.694234 0.051597 0.041073
2 0.892637 0.694829 0.051619 0.041368
2 0.892510 0.695515 0.051976 0.041481
2 0.892498 0.695509 0.051930 0.041428
2 0.892218 0.696189 0.052054 0.041458
2 0.890864 0.696697 0.052005 0.041800
2 0.890861 0.696695 0.052009 0.041800
2 0.890827 0.697191 0.051907 0.041338
2 0.889636 0.698056 0.051536 0.041235
2 0.889636 0.698056 0.051536 0.041235
2 0.888720 0.698558 0.052355 0.042208
2 0.887200 0.699616 0.052361 0.041689
2 0.887196 0.699606 0.052335 0.041676
2 0.886112 0.700662 0.051924 0.041699
2 0.884542 0.702056 0.051798 0.041321
2 0.884542 0.702056 0.051798 0.041321
2 0.883506 0.702483 0.051240 0.041125
2 0.881421 0.703387 0.051954 0.041549
2 0.881424 0.703369 0.051929 0.041489
2 0.879965 0.703826 0.051739 0.041374
2 0.877293 0.704808 0.051265 0.041102
2 0.877291 0.704822 0.051260 0.041106
2 0.876478 0.705325 0.052018 0.041464
2 0.874134 0.705427 0.051326 0.041024
2 0.874135 0.705427 0.051326 0.041028
2 0.872695 0.704993 0.051232 0.040901
2 0.870318 0.704547 0.051917 0.041831
2 0.870315 0.704538 0.051915 0.041833
2 0.868738 0.703977 0.051795 0.041209
2 0.866417 0.702522 0.051350 0.041369
2 0.866417 0.702522 0.051350 0.041369
2 0.864875 0.701992 0.051173 0.040712
2 0.862618 0.699642 0.051944 0.041493
2 0.862618 0.699642 0.051944 0.041493
2 0.861850 0.698675 0.051541 0.041563
2 0.858912 0.695696 0.051757 0.041185
2 0.858911 0.695694 0.051756 0.041188
2 0.857712 0.694229 0.051958 0.041440
2 0.855759 0.691401 0.051775 0.041415
2 0.855759 0.691401 0.051775 0.041415
2 0.854925 0.690979 0.051640 0.041531
2 0.853360 0.688585 0.051499 0.041234
2 0.853356 0.688587 0.051511 0.041240
2 0.852148 0.687517 0.051061 0.040637
2 0.850851 0.685406 0.051494 0.041256
2 0.850853 0.685401 0.051586 0.041368
2 0.849962 0.683864 0.052171 0.041588
2 0.848857 0.682118 0.051591 0.041374
2 0.848852 0.682108 0.051606 0.041381
2 0.847743 0.680854 0.051304 0.041131
2 0.846460 0.678996 0.052092 0.042014
2 0.846451 0.679008 0.052034 0.041983
2 0.846181 0.678512 0.051401 0.040967
2 0.844998 0.677023 0.052323 0.042296
2 0.844998 0.677023 0.052323 0.042296
2 0.844022 0.675690 0.051581 0.041155
2 0.843152 0.674251 0.051536 0.041024
2 0.843152 0.674251 0.051536 0.041024
2 0.842628 0.673724 0.051097 0.040664
2 0.841839 0.672269 0.052113 0.041523
2 0.841832 0.672270 0.052082 0.041529
2 0.841140 0.671421 0.050913 0.040716
2 0.839337 0.668598 0.051733 0.041528
2 0.839337 0.668598 0.051733 0.041528
2 0.839032 0.668632 0.052090 0.041686
2 0.838663 0.667382 0.052013 0.041897
2 0.838672 0.667378 0.052066 0.041950
2 0.838544 0.667513 0.051884 0.041758
2 0.838489 0.667550 0.051631 0.041502
2 0.838489 0.667550 0.051631 0.041502
2 0.838455 0.667586 0.051520 0.041371
2 0.838288 0.668385 0.051558 0.041357
2 0.838288 0.668385 0.051558 0.041357
2 0.838317 0.668924 0.051126 0.040715
2 0.838252 0.670446 0.051527 0.041354
2 0.838252 0.670446 0.051527 0.041354
2 0.838460 0.670646 0.051633 0.041304
2 0.838125 0.672846 0.051136 0.040956
2 0.838141 0.672847 0.051165 0.040979
2 0.838206 0.674375 0.051565 0.041555
2 0.838005 0.676906 0.050970 0.040790
2 0.838004 0.676903 0.051001 0.040845
2 0.837950 0.678831 0.051207 0.041131
2 0.837215 0.681487 0.051820 0.041242
2 0.837215 0.681487 0.051820 0.041242
2 0.836786 0.683786 0.051571 0.041453
2 0.835426 0.687758 0.051835 0.041551
2 0.835426 0.687758 0.051835 0.041551
2 0.834597 0.689838 0.052005 0.041873
2 0.832309 0.694123 0.051643 0.041312
2 0.832303 0.694120 0.051600 0.041290
2 0.831038 0.696705 0.052039 0.041812
2 0.828845 0.700780 0.050934 0.040557
2 0.828845 0.700780 0.050934 0.040557
2 0.827259 0.703240 0.051480 0.041403
2 0.824168 0.706262 0.050862 0.040560
2 0.824168 0.706262 0.050862 0.040560
2 0.822875 0.707337 0.051952 0.041749
2 0.819441 0.710307 0.050830 0.040465
2 0.819441 0.710306 0.050827 0.040456
2 0.817894 0.710829 0.051383 0.041203
2 0.814076 0.712453 0.051623 0.041081
2 0.814086 0.712447 0.051610 0.041059
2 0.812961 0.712891 0.051661 0.041705
2 0.808461 0.714613 0.051178 0.040969
2 0.808454 0.714567 0.051147 0.040931
2 0.807359 0.714474 0.051803 0.041441
2 0.804141 0.714451 0.051781 0.041428
2 0.804123 0.714472 0.051785 0.041436
2 0.801993 0.713641 0.052055 0.042043
2 0.798801 0.711269 0.052299 0.042239
2 0.798800 0.711269 0.052292 0.042232
2 0.796907 0.708838 0.052200 0.041689
2 0.792682 0.702977 0.051468 0.041249
2 0.792682 0.702977 0.051468 0.041249
2 0.790735 0.699087 0.052177 0.041708
2 0.787681 0.693168 0.052112 0.041602
2 0.787681 0.693168 0.052112 0.041602
2 0.786039 0.688737 0.051928 0.041364
2 0.782895 0.681452 0.052121 0.041591
2 0.782896 0.681452 0.052122 0.041587
2 0.781389 0.675590 0.052111 0.041612
2 0.778526 0.667469 0.051366 0.040939
2 0.778526 0.667469 0.051366 0.040939
2 0.776855 0.662146 0.052313 0.042100
2 0.774286 0.654008 0.051313 0.040939
2 0.774314 0.653889 0.051155 0.040694
2 0.773754 0.651214 0.052224 0.042177
2 0.771271 0.643089 0.052110 0.042031
2 0.771271 0.643089 0.052110 0.042031
2 0.769361 0.638638 0.051709 0.041743
2 0.767331 0.631411 0.052657 0.042561
2 0.767331 0.631411 0.052657 0.042561
2 0.766141 0.627135 0.051937 0.042075
2 0.763795 0.621265 0.052550 0.042231
2 0.763794 0.621265 0.052542 0.042230
2 0.762216 0.617053 0.052139 0.041613
2 0.760702 0.612234 0.052254 0.041862
2 0.760702 0.612234 0.052254 0.041862
2 0.759204 0.610300 0.052214 0.041825
2 0.757394 0.606395 0.051969 0.041593
2 0.757394 0.606395 0.051969 0.041593
2 0.757057 0.604460 0.051416 0.041376
2 0.755381 0.602079 0.051792 0.041916
2 0.755381 0.602079 0.051793 0.041916
2 0.754621 0.601089 0.051929 0.041416
2 0.752208 0.599004 0.050997 0.040689
2 0.752206 0.599006 0.050969 0.040680
2 0.751959 0.598978 0.051408 0.041052
2 0.749984 0.598974 0.051856 0.041287
2 0.749984 0.598974 0.051856 0.041287
2 0.749846 0.598918 0.051890 0.041338
2 0.748088 0.599912 0.052398 0.042174
2 0.748088 0.599912 0.052393 0.042164
2 0.747658 0.600941 0.050823 0.040446
2 0.746537 0.602252 0.052179 0.041945
2 0.746537 0.602252 0.052179 0.041945
2 0.745699 0.603119 0.051140 0.040953
2 0.744313 0.606240 0.051354 0.041648
2 0.744313 0.606240 0.051354 0.041648
2 0.744276 0.607021 0.050714 0.040658
2 0.743414 0.609992 0.052069 0.041933
2 0.743415 0.609983 0.052100 0.041965
2 0.742974 0.612472 0.050762 0.040639
2 0.742199 0.616258 0.051799 0.041705
2 0.742200 0.616258 0.051814 0.041709
2 0.741769 0.618675 0.051028 0.040611
2 0.741265 0.622569 0.050612 0.040585
2 0.741265 0.622569 0.050612 0.040585
2 0.740840 0.624532 0.051171 0.040986
2 0.740263 0.629784 0.051652 0.041617
2 0.740263 0.629784 0.051644 0.041611
