2 0.791418 0.253579 0.051020 0.040967
2 0.792431 0.256054 0.050659 0.040783
2 0.793216 0.258445 0.051453 0.041366
2 0.793925 0.260906 0.050631 0.040518
2 0.794259 0.261826 0.050483 0.040649
2 0.794902 0.264229 0.051448 0.041362
2 0.795099 0.265210 0.051315 0.041154
2 0.795448 0.267116 0.050592 0.040550
2 0.795849 0.268062 0.050322 0.040444
2 0.796303 0.270040 0.051237 0.041213
2 0.796428 0.271238 0.051335 0.041225
2 0.797142 0.273611 0.050427 0.040554
2 0.797457 0.276416 0.050256 0.040093
2 0.797765 0.277782 0.051113 0.041071
2 0.798509 0.280789 0.050684 0.040544
2 0.798838 0.282310 0.050076 0.039897
2 0.799693 0.285156 0.051551 0.041471
2 0.800094 0.286309 0.050721 0.040475
2 0.800924 0.288936 0.051243 0.041144
2 0.801539 0.289896 0.050941 0.040752
2 0.802712 0.291833 0.051345 0.041105
2 0.804190 0.292858 0.051437 0.041323
2 0.804940 0.293218 0.050497 0.040597
2 0.806558 0.294150 0.050217 0.040094
2 0.807843 0.294531 0.051084 0.041007
2 0.809865 0.294935 0.050456 0.040610
2 0.811053 0.295053 0.050969 0.041076
2 0.813965 0.295342 0.051529 0.041577
2 0.815494 0.295789 0.051510 0.041420
2 0.818674 0.295931 0.051346 0.041224
2 0.822222 0.296322 0.050269 0.040266
2 0.824141 0.296852 0.050713 0.040849
2 0.828385 0.297178 0.050454 0.040635
2 0.832650 0.298269 0.051218 0.041106
2 0.835010 0.298355 0.050385 0.040377
2 0.840062 0.299670 0.051356 0.041293
2 0.842757 0.300627 0.050540 0.040712
2 0.848529 0.301635 0.050802 0.040780
2 0.851211 0.302616 0.051594 0.041638
2 0.857461 0.304468 0.051596 0.041623
2 0.867492 0.307162 0.050510 0.040669
2 0.871042 0.308295 0.050795 0.040867
2 0.878238 0.310769 0.050854 0.041032
2 0.881828 0.312076 0.050282 0.040331
2 0.889361 0.314233 0.050443 0.040586
2 0.897144 0.316844 0.050530 0.040729
2 0.901133 0.318308 0.051639 0.041703
2 0.909054 0.320380 0.051633 0.041722
2 0.913261 0.321770 0.050907 0.040932
2 0.921068 0.323670 0.050858 0.040863
2 0.924887 0.324857 0.051286 0.041324
2 0.932776 0.326878 0.051161 0.041199
2 0.940222 0.328878 0.051508 0.041440
2 0.965924 0.324447 0.044629 0.041016
2 0.963406 0.323476 0.047323 0.041016
2 0.957826 0.322641 0.051948 0.041706
2 0.954020 0.321846 0.052036 0.041574
2 0.945478 0.320435 0.051574 0.041439
2 0.936840 0.319221 0.052016 0.041518
2 0.927346 0.318356 0.051820 0.041541
2 0.922597 0.318069 0.051602 0.041249
2 0.912738 0.316866 0.051350 0.041143
2 0.907318 0.316543 0.052312 0.041832
2 0.896734 0.315575 0.052044 0.041455
2 0.891340 0.314966 0.051495 0.041207
2 0.880017 0.314414 0.051119 0.040954
2 0.874555 0.313647 0.052165 0.041556
2 0.862682 0.312575 0.051376 0.041198
2 0.850635 0.311624 0.051111 0.040695
2 0.844438 0.311160 0.051392 0.041100
2 0.831965 0.310617 0.051549 0.041306
2 0.825634 0.310354 0.051343 0.041088
2 0.812655 0.309314 0.051433 0.041085
2 0.806170 0.309208 0.051985 0.041529
2 0.793189 0.308129 0.052094 0.041505
2 0.780185 0.307015 0.051164 0.040975
2 0.767562 0.305465 0.051102 0.040808
2 0.761340 0.304512 0.051228 0.041036
2 0.749263 0.302331 0.051797 0.041370
2 0.737267 0.299332 0.052212 0.041825
2 0.731199 0.297836 0.051671 0.041133
2 0.720143 0.294470 0.051982 0.041415
2 0.709186 0.290581 0.052034 0.041464
2 0.698638 0.286454 0.051070 0.040669
2 0.693628 0.284307 0.051950 0.041428
2 0.683828 0.279485 0.052224 0.041873
2 0.674219 0.274623 0.051619 0.041132
2 0.669776 0.271809 0.052278 0.041912
2 0.660420 0.266467 0.052135 0.041583
2 0.651983 0.261145 0.050792 0.040456
2 0.647813 0.258252 0.051951 0.041608
2 0.639598 0.252370 0.051010 0.040830
2 0.635652 0.249421 0.052032 0.041403
2 0.627977 0.243674 0.051955 0.041413
2 0.624278 0.240231 0.051831 0.041532
2 0.616796 0.234694 0.052288 0.041898
2 0.613297 0.231607 0.051523 0.041006
2 0.605890 0.225938 0.052177 0.041532
2 0.602414 0.222955 0.051880 0.041566
2 0.595102 0.217387 0.052039 0.041554
2 0.587895 0.211973 0.050779 0.040463
2 0.580708 0.206111 0.052116 0.041624
2 0.576933 0.203536 0.050977 0.040829
2 0.569589 0.197595 0.051803 0.041449
2 0.565863 0.194851 0.051074 0.040673
2 0.558390 0.189041 0.051011 0.040697
2 0.550623 0.183242 0.051225 0.040883
2 0.546748 0.180699 0.052044 0.041561
2 0.538886 0.174327 0.052036 0.041602
2 0.534956 0.171570 0.051059 0.040791
2 0.526879 0.165737 0.051046 0.040789
2 0.522869 0.162427 0.052168 0.041723
2 0.514558 0.156578 0.051051 0.040906
2 0.510327 0.153690 0.052009 0.041465
2 0.501837 0.147103 0.051153 0.040862
2 0.493499 0.140434 0.052144 0.041619
2 0.489000 0.137276 0.051867 0.041415
2 0.454991 0.107391 0.050901 0.040679
2 0.450839 0.103606 0.051712 0.041366
2 0.442922 0.094980 0.051126 0.040673
2 0.438605 0.090574 0.052114 0.041637
2 0.431125 0.081824 0.051964 0.041590
2 0.427344 0.077148 0.051562 0.041016
2 0.250716 0.126399 0.085725 0.078352
2 0.250975 0.134156 0.072076 0.061906
2 0.251347 0.149885 0.075463 0.066642
2 0.251427 0.157718 0.077005 0.066641
2 0.251438 0.173934 0.075036 0.067412
2 0.251013 0.190606 0.069505 0.056414
2 0.250722 0.199235 0.072599 0.064412
2 0.249702 0.216623 0.067309 0.057899
2 0.249216 0.225890 0.067639 0.052905
2 0.248082 0.244048 0.066281 0.053979
2 0.247554 0.253769 0.068262 0.055293
2 0.246100 0.273147 0.069157 0.054402
2 0.244675 0.292944 0.067796 0.053631
2 0.243094 0.313512 0.076253 0.066026
2 0.242665 0.324028 0.079588 0.061970
2 0.241396 0.344415 0.075281 0.064016
2 0.240888 0.355159 0.092963 0.077262
2 0.239894 0.375432 0.071830 0.060642
2 0.239408 0.386058 0.090288 0.078501
2 0.238893 0.406537 0.078772 0.063760
2 0.238306 0.427358 0.076593 0.063758
2 0.237781 0.448297 0.088384 0.069383
2 0.237298 0.458294 0.088814 0.074460
2 0.236641 0.478683 0.073276 0.057859
2 0.236289 0.489056 0.086782 0.068616
2 0.235160 0.509037 0.085842 0.075987
2 0.234071 0.528780 0.089362 0.074832
2 0.233470 0.537658 0.077570 0.060770
2 0.231914 0.556161 0.087456 0.071820
2 0.231077 0.564732 0.080335 0.064445
2 0.228938 0.581075 0.082142 0.067905
2 0.227792 0.589379 0.094483 0.079167
2 0.225697 0.604458 0.083431 0.068798
2 0.223030 0.618801 0.089871 0.075670
2 0.221974 0.625602 0.093554 0.076826
2 0.219338 0.638448 0.085684 0.068555
2 0.218002 0.644438 0.070657 0.057360
2 0.215186 0.655930 0.069580 0.057500
2 0.212167 0.667315 0.077253 0.062847
2 0.210586 0.672361 0.072654 0.062119
2 0.207262 0.682762 0.074782 0.060040
2 0.205579 0.687772 0.070980 0.061029
2 0.202051 0.697437 0.100966 0.091827
2 0.200022 0.701904 0.087564 0.075808
2 0.196088 0.710575 0.070214 0.054737
2 0.192267 0.719007 0.089314 0.071665
2 0.188296 0.726317 0.075607 0.067555
2 0.186398 0.730038 0.092850 0.086699
2 0.183194 0.737264 0.094316 0.086426
2 0.181627 0.740514 0.090667 0.079600
2 0.178753 0.746644 0.086127 0.081437
2 0.177456 0.749978 0.089868 0.084795
2 0.175250 0.755407 0.111127 0.109358
2 0.174462 0.757877 0.089996 0.083545
2 0.173217 0.762920 0.111359 0.102653
2 0.172335 0.767045 0.106352 0.109800
2 0.172232 0.769243 0.106807 0.108114
2 0.172344 0.772237 0.092976 0.091067
2 0.172694 0.773737 0.086269 0.082367
2 0.173715 0.777029 0.112726 0.114265
2 0.174534 0.777710 0.094397 0.088810
2 0.176383 0.780103 0.107773 0.097630
2 0.177303 0.780971 0.114022 0.116998
2 0.180189 0.781948 0.095658 0.093070
2 0.183500 0.783009 0.108133 0.110018
2 0.185387 0.783063 0.114339 0.113656
2 0.189791 0.783180 0.093214 0.088502
2 0.194385 0.782795 0.107596 0.108456
2 0.197032 0.782595 0.114559 0.107167
2 0.202344 0.781237 0.085598 0.080649
2 0.208138 0.779645 0.092167 0.077855
2 0.210976 0.779200 0.109928 0.098453
2 0.216707 0.776655 0.098175 0.091711
2 0.222422 0.774724 0.094899 0.089731
2 0.225418 0.773319 0.089550 0.076968
2 0.231060 0.770180 0.084258 0.069798
2 0.236539 0.767466 0.078675 0.066578
2 0.239274 0.765973 0.088554 0.070080
2 0.244217 0.762995 0.093488 0.085083
2 0.246356 0.761234 0.092251 0.085305
2 0.251011 0.757733 0.076282 0.066351
2 0.253335 0.756186 0.088853 0.069166
2 0.257321 0.752002 0.076431 0.065799
2 0.261447 0.748400 0.078649 0.065544
2 0.263175 0.746441 0.075209 0.065534
2 0.266531 0.742489 0.073142 0.063586
2 0.268054 0.740933 0.077441 0.069111
2 0.271064 0.736756 0.075508 0.066196
2 0.272513 0.734826 0.077472 0.066012
2 0.274773 0.730809 0.079485 0.064279
2 0.275870 0.728619 0.074607 0.062195
2 0.277606 0.724612 0.074028 0.061837
2 0.278603 0.722635 0.082269 0.065965
2 0.279850 0.718205 0.099842 0.081677
2 0.280255 0.715695 0.081556 0.069434
2 0.280918 0.710710 0.081413 0.068504
2 0.281201 0.708640 0.098010 0.082625
2 0.281730 0.703515 0.078578 0.064368
2 0.281591 0.698584 0.095119 0.083681
2 0.281729 0.695762 0.079038 0.061916
2 0.281416 0.690232 0.091458 0.072354
2 0.280945 0.684775 0.091110 0.080584
2 0.280563 0.678589 0.079077 0.072072
2 0.280216 0.672973 0.084477 0.078971
2 0.280254 0.669680 0.075941 0.066127
2 0.280139 0.663863 0.085493 0.076882
2 0.280023 0.657549 0.098407 0.091486
2 0.280103 0.653966 0.091977 0.084839
2 0.280380 0.647877 0.093925 0.093003
2 0.280802 0.644424 0.088859 0.081110
2 0.281621 0.637986 0.097042 0.095495
2 0.282230 0.634712 0.083111 0.077523
2 0.283544 0.627251 0.080271 0.075125
2 0.285362 0.620884 0.089945 0.084995
2 0.287331 0.613986 0.097320 0.086006
2 0.288111 0.610447 0.095422 0.095099
2 0.290639 0.603561 0.104308 0.092882
2 0.291669 0.599741 0.083537 0.075489
2 0.294123 0.592626 0.091654 0.082046
2 0.295137 0.589273 0.108136 0.099800
2 0.297660 0.581774 0.087459 0.082340
2 0.298898 0.578178 0.086087 0.076554
2 0.301296 0.570879 0.088787 0.075934
2 0.302424 0.567209 0.086774 0.080977
2 0.304895 0.560146 0.108115 0.098772
2 0.307214 0.552694 0.084536 0.075376
2 0.308372 0.549075 0.082021 0.072504
2 0.310392 0.542062 0.094125 0.088270
2 0.311502 0.538231 0.094444 0.092366
2 0.313675 0.530793 0.106620 0.101121
2 0.314770 0.526663 0.096877 0.095625
2 0.317213 0.518965 0.110781 0.098734
2 0.318157 0.514518 0.089770 0.084074
2 0.320447 0.506031 0.100507 0.085034
2 0.322384 0.496987 0.090119 0.085275
2 0.323743 0.492656 0.093739 0.077914
2 0.325746 0.483299 0.088388 0.081283
2 0.326970 0.478929 0.088217 0.074653
2 0.329266 0.469640 0.090627 0.080658
2 0.331708 0.460588 0.096532 0.089124
2 0.333000 0.456183 0.099755 0.085124
2 0.335823 0.447042 0.104826 0.092661
2 0.339166 0.437937 0.094215 0.077238
2 0.340711 0.433600 0.100641 0.085276
2 0.344206 0.424162 0.083563 0.072687
2 0.345861 0.419660 0.086423 0.079464
2 0.350020 0.410448 0.089896 0.074253
2 0.351974 0.405912 0.091707 0.083406
2 0.356377 0.396675 0.092723 0.076368
2 0.360975 0.387228 0.092034 0.075113
2 0.365794 0.378205 0.101747 0.088507
2 0.368175 0.373266 0.077557 0.067492
2 0.373184 0.364185 0.088431 0.075656
2 0.375612 0.359382 0.080152 0.067451
2 0.380663 0.349953 0.076509 0.064779
2 0.383199 0.345593 0.091272 0.076029
2 0.388025 0.336009 0.079944 0.063811
2 0.390280 0.331740 0.086283 0.073876
2 0.395036 0.322456 0.076049 0.060613
2 0.399414 0.313214 0.076752 0.065281
2 0.403741 0.304301 0.083825 0.072294
2 0.405574 0.299794 0.080871 0.071039
2 0.409688 0.291319 0.089716 0.073968
2 0.413148 0.282330 0.083495 0.073304
2 0.416569 0.273884 0.074192 0.061503
2 0.419566 0.265729 0.073131 0.059637
2 0.421050 0.261857 0.073845 0.059528
2 0.423705 0.254034 0.095181 0.077019
2 0.425716 0.245940 0.079326 0.066309
2 0.426898 0.242259 0.090430 0.072209
2 0.428498 0.234509 0.085146 0.067526
2 0.429200 0.230563 0.071516 0.058292
2 0.430546 0.223027 0.070485 0.057748
2 0.431324 0.219749 0.087124 0.068219
2 0.432225 0.212429 0.079815 0.068636
2 0.433232 0.205333 0.086427 0.071186
2 0.433577 0.198533 0.078263 0.066201
2 0.433797 0.195046 0.069220 0.055762
2 0.434203 0.188172 0.075930 0.059098
2 0.434217 0.185333 0.079033 0.061857
2 0.434177 0.178273 0.077795 0.062239
2 0.433938 0.171750 0.071917 0.056782
2 0.433775 0.168341 0.069753 0.054736
2 0.433406 0.162184 0.082385 0.067493
2 0.433018 0.158986 0.096242 0.081150
2 0.432031 0.152344 0.070312 0.054688
