2 0.330359 0.166060 0.066430 0.051998
2 0.327996 0.165466 0.066653 0.053741
2 0.326200 0.165315 0.066239 0.053489
2 0.324669 0.165006 0.066008 0.053386
2 0.323353 0.164836 0.066017 0.053282
2 0.322956 0.164690 0.066190 0.053387
2 0.322023 0.164769 0.065924 0.052820
2 0.321741 0.165219 0.066203 0.053471
2 0.321376 0.165570 0.066702 0.053652
2 0.321402 0.166275 0.067388 0.054088
2 0.321336 0.166800 0.066406 0.053544
2 0.321840 0.167518 0.066852 0.053873
2 0.322811 0.168667 0.066322 0.053261
2 0.323234 0.169128 0.066471 0.053896
2 0.324580 0.170445 0.066974 0.054074
2 0.326406 0.172104 0.067731 0.054268
2 0.327489 0.172728 0.066331 0.053098
2 0.329877 0.174525 0.066759 0.053441
2 0.331154 0.175205 0.066732 0.053702
2 0.334035 0.176641 0.066609 0.053532
2 0.335475 0.177424 0.067454 0.053851
2 0.338791 0.178683 0.066710 0.053652
2 0.340419 0.179900 0.067951 0.054311
2 0.343881 0.181955 0.067357 0.053570
2 0.347397 0.184343 0.065722 0.052042
2 0.349292 0.185675 0.067161 0.053517
2 0.352745 0.188518 0.066225 0.053705
2 0.354435 0.190204 0.066443 0.053896
2 0.357912 0.193805 0.067438 0.054116
2 0.359389 0.195906 0.067399 0.054377
2 0.362610 0.200372 0.067101 0.054109
2 0.364309 0.202320 0.067037 0.053789
2 0.367296 0.207376 0.068287 0.054758
2 0.370342 0.212368 0.067664 0.054608
2 0.371739 0.215025 0.068873 0.055459
2 0.374537 0.220852 0.069059 0.055469
2 0.377288 0.226732 0.068272 0.053836
2 0.378665 0.229930 0.067579 0.053288
2 0.381273 0.236314 0.069649 0.055561
2 0.382465 0.239582 0.068721 0.055273
2 0.384848 0.246784 0.068375 0.053721
2 0.385840 0.250353 0.070063 0.055794
2 0.388149 0.257800 0.069501 0.053912
2 0.389207 0.261691 0.070317 0.055398
2 0.391272 0.268998 0.068888 0.053631
2 0.393172 0.276969 0.070017 0.055351
2 0.394017 0.280879 0.070018 0.054951
2 0.395705 0.288763 0.070120 0.054465
2 0.397332 0.297033 0.070059 0.053892
2 0.398790 0.305275 0.069425 0.053551
2 0.400025 0.313593 0.069310 0.054345
2 0.400620 0.317959 0.069390 0.052995
2 0.401545 0.327088 0.069126 0.054308
2 0.401977 0.331424 0.069251 0.052859
2 0.402579 0.340522 0.069544 0.053946
2 0.402850 0.345311 0.070412 0.055008
2 0.403113 0.354001 0.070326 0.054728
2 0.403174 0.358618 0.069277 0.053865
2 0.403050 0.367612 0.070301 0.054658
2 0.403089 0.371911 0.069195 0.053874
2 0.402723 0.380965 0.070417 0.054595
2 0.402433 0.385124 0.069566 0.053035
2 0.401742 0.393478 0.068756 0.052878
2 0.401321 0.397788 0.069579 0.054134
2 0.400478 0.405389 0.068265 0.051689
2 0.399863 0.409428 0.069457 0.054026
2 0.398624 0.416767 0.068847 0.052784
2 0.397951 0.420451 0.069723 0.053711
2 0.396542 0.427794 0.070687 0.054638
2 0.395794 0.431185 0.069278 0.052118
2 0.394064 0.437886 0.069649 0.052805
2 0.392183 0.444464 0.069120 0.053304
2 0.391250 0.447492 0.069255 0.051646
2 0.389343 0.453851 0.069041 0.052339
2 0.387271 0.459570 0.070215 0.054243
2 0.386275 0.462516 0.069850 0.052586
2 0.384365 0.467609 0.069663 0.053743
2 0.383507 0.470105 0.069156 0.051896
2 0.381732 0.475012 0.069726 0.052395
2 0.380916 0.477186 0.070367 0.054218
2 0.379307 0.481498 0.069759 0.053462
2 0.378661 0.483556 0.068704 0.051077
2 0.377554 0.487096 0.069677 0.052671
2 0.377092 0.488846 0.069264 0.051302
2 0.376314 0.491818 0.071114 0.054221
2 0.376097 0.492937 0.069995 0.053114
2 0.375911 0.495720 0.070518 0.052879
2 0.375908 0.496811 0.069659 0.052348
2 0.376220 0.499138 0.070460 0.054140
2 0.376467 0.500245 0.071479 0.054749
2 0.378573 0.503956 0.070292 0.052376
2 0.379140 0.504688 0.070403 0.053616
2 0.380654 0.506173 0.071081 0.054006
2 0.382543 0.507438 0.071805 0.055332
2 0.383646 0.507841 0.070719 0.053021
2 0.385860 0.509095 0.070936 0.054521
2 0.387092 0.509564 0.071681 0.054856
2 0.389804 0.510335 0.069671 0.051949
2 0.391305 0.510614 0.068750 0.051194
2 0.394189 0.510948 0.068942 0.051524
2 0.395744 0.511166 0.069398 0.051615
2 0.398981 0.511562 0.069535 0.051429
2 0.402448 0.511674 0.070268 0.052437
2 0.404167 0.511610 0.070914 0.053862
2 0.407640 0.511566 0.071297 0.054729
2 0.409537 0.511557 0.070594 0.053460
2 0.413228 0.511168 0.069261 0.051520
2 0.415080 0.510985 0.069870 0.053631
2 0.418808 0.510652 0.069631 0.053518
2 0.420754 0.510252 0.069461 0.051968
2 0.424269 0.509809 0.069841 0.052578
2 0.426039 0.509638 0.070456 0.054042
2 0.429446 0.508879 0.069388 0.053869
2 0.431122 0.508738 0.069739 0.054387
2 0.434342 0.508139 0.070708 0.054845
2 0.435915 0.507744 0.070966 0.054944
2 0.437351 0.507857 0.071005 0.055187
2 0.440136 0.507324 0.070062 0.054300
2 0.442545 0.506831 0.068712 0.052325
2 0.443659 0.506505 0.069779 0.054243
2 0.445821 0.505989 0.069953 0.052723
2 0.446714 0.506003 0.070810 0.054859
2 0.448447 0.505608 0.070469 0.054459
2 0.449268 0.505489 0.069733 0.052907
2 0.450562 0.505480 0.069751 0.052668
2 0.451573 0.505076 0.069283 0.053547
2 0.452047 0.505273 0.069214 0.052352
2 0.452630 0.505376 0.070291 0.054414
2 0.452877 0.505194 0.069856 0.054361
2 0.453053 0.505342 0.070478 0.054706
2 0.453049 0.505372 0.070794 0.054907
2 0.453041 0.505627 0.071387 0.055480
2 0.452825 0.505735 0.071682 0.055832
2 0.452407 0.505740 0.070952 0.053989
2 0.452033 0.505909 0.071113 0.053958
2 0.451346 0.506125 0.071724 0.055870
2 0.450990 0.506001 0.071253 0.054710
2 0.449862 0.506409 0.071103 0.055230
2 0.448747 0.506145 0.070992 0.053935
2 0.447988 0.506249 0.071464 0.055200
2 0.446585 0.506067 0.071886 0.055760
2 0.445257 0.505704 0.071834 0.055631
2 0.443812 0.505258 0.070513 0.054480
2 0.442214 0.504723 0.070108 0.054293
2 0.440662 0.503960 0.071781 0.055493
2 0.439884 0.503389 0.070150 0.053023
2 0.438230 0.502554 0.069933 0.052607
2 0.437453 0.502176 0.072005 0.055915
2 0.435782 0.500990 0.070232 0.054781
2 0.435084 0.500470 0.070417 0.053011
2 0.433461 0.499043 0.068943 0.051747
2 0.432576 0.498467 0.071868 0.055900
2 0.431023 0.496964 0.070482 0.054926
2 0.429489 0.495373 0.070709 0.055080
2 0.428789 0.494692 0.070047 0.052567
2 0.427218 0.492837 0.069825 0.052320
2 0.425705 0.491027 0.069413 0.052025
2 0.424926 0.490152 0.072103 0.055716
2 0.423419 0.488223 0.072106 0.055594
2 0.422102 0.486100 0.071304 0.054072
2 0.421477 0.485005 0.071261 0.055020
2 0.420241 0.482866 0.071726 0.055326
2 0.419231 0.480521 0.070962 0.053165
2 0.418600 0.479646 0.070987 0.055079
2 0.418136 0.478542 0.071639 0.054504
2 0.417222 0.476319 0.071800 0.055147
2 0.416647 0.475397 0.070719 0.054109
2 0.415870 0.473102 0.071096 0.053988
2 0.415366 0.470827 0.072450 0.056127
2 0.415087 0.469744 0.070582 0.054277
2 0.414974 0.468525 0.071639 0.054292
2 0.414918 0.466109 0.069947 0.052388
2 0.415000 0.463556 0.070247 0.052573
2 0.415244 0.462058 0.070492 0.053393
2 0.415982 0.459510 0.070036 0.051532
2 0.416438 0.457926 0.068846 0.050460
2 0.417804 0.454965 0.069788 0.050550
2 0.418648 0.453446 0.071593 0.053894
2 0.420934 0.450159 0.068714 0.049903
2 0.422135 0.448592 0.069970 0.051501
2 0.425194 0.445154 0.071281 0.053041
2 0.429015 0.441537 0.070918 0.052349
2 0.433310 0.437746 0.070449 0.051442
2 0.435703 0.435775 0.072270 0.054703
2 0.440942 0.431529 0.070821 0.052190
2 0.443693 0.429168 0.071388 0.053727
2 0.449757 0.424445 0.071440 0.053899
2 0.455957 0.419627 0.071570 0.054222
2 0.459106 0.416921 0.070744 0.053780
2 0.465573 0.411709 0.071101 0.053854
2 0.472044 0.406290 0.071044 0.052952
2 0.475288 0.403488 0.069884 0.051975
2 0.481347 0.398228 0.071063 0.053008
2 0.487128 0.392744 0.071118 0.053283
2 0.489901 0.390004 0.069736 0.051045
2 0.495070 0.384870 0.071164 0.053057
2 0.499664 0.380146 0.069779 0.051731
2 0.503729 0.375739 0.069419 0.050089
2 0.505357 0.373746 0.068892 0.049831
2 0.509604 0.368379 0.069187 0.050897
2 0.510684 0.367109 0.070579 0.052690
2 0.512081 0.364558 0.069712 0.051890
2 0.512416 0.363514 0.070792 0.052715
2 0.512603 0.362170 0.069820 0.051847
2 0.512271 0.361110 0.070677 0.053312
2 0.511591 0.360971 0.069235 0.049857
2 0.509969 0.360817 0.068617 0.049504
2 0.507406 0.361355 0.069675 0.051335
2 0.504308 0.362372 0.068147 0.050298
2 0.502430 0.362959 0.069040 0.049170
2 0.498405 0.364701 0.070206 0.051426
2 0.496125 0.365639 0.069634 0.049493
2 0.491212 0.368131 0.067938 0.048192
2 0.488474 0.369557 0.068893 0.049825
2 0.485652 0.370941 0.069583 0.051391
2 0.479691 0.373553 0.069355 0.050319
2 0.473635 0.376597 0.068723 0.049196
2 0.467010 0.379752 0.068265 0.049675
2 0.460282 0.382655 0.068517 0.048524
2 0.456793 0.384087 0.067207 0.047563
2 0.449688 0.387358 0.068311 0.049540
2 0.442630 0.390191 0.067846 0.047981
2 0.438995 0.391757 0.067802 0.049298
2 0.431905 0.394598 0.068173 0.047860
2 0.424708 0.397310 0.068028 0.049322
2 0.421193 0.398746 0.067997 0.047934
2 0.414245 0.400836 0.068427 0.048822
2 0.410766 0.402044 0.069066 0.050020
2 0.404143 0.403643 0.067659 0.048217
2 0.400866 0.404320 0.068231 0.048010
2 0.394822 0.406221 0.068458 0.048576
2 0.389050 0.407100 0.067974 0.048930
2 0.386499 0.407546 0.067144 0.046936
2 0.381675 0.408174 0.068582 0.048165
2 0.379389 0.408410 0.069810 0.050483
2 0.375578 0.408803 0.067443 0.047072
2 0.373490 0.408844 0.068981 0.049374
2 0.370587 0.408410 0.069039 0.048888
2 0.367852 0.407720 0.067551 0.046991
2 0.366626 0.407103 0.067445 0.047693
2 0.364647 0.406220 0.068135 0.047501
2 0.362999 0.404360 0.068188 0.047521
2 0.362169 0.403495 0.068169 0.049024
2 0.360827 0.401860 0.068800 0.049464
2 0.360246 0.400939 0.067656 0.047368
2 0.359120 0.399164 0.068291 0.049329
2 0.358622 0.398006 0.067637 0.047257
2 0.357645 0.395898 0.068813 0.049773
2 0.357273 0.395083 0.068016 0.048208
2 0.356204 0.392726 0.069224 0.049801
2 0.355709 0.391740 0.067339 0.047855
2 0.354577 0.389759 0.068019 0.049235
2 0.353416 0.387791 0.067148 0.047428
2 0.352802 0.387008 0.069058 0.049630
2 0.351507 0.384920 0.069140 0.049664
2 0.350083 0.383359 0.068397 0.048914
2 0.349332 0.382175 0.067449 0.047409
2 0.347711 0.380640 0.068252 0.047876
2 0.346855 0.379915 0.068054 0.049315
2 0.345127 0.378289 0.068667 0.050014
2 0.344305 0.377546 0.067661 0.047500
2 0.342221 0.375871 0.067983 0.049382
2 0.340236 0.374609 0.068845 0.049937
2 0.339164 0.374153 0.067629 0.049138
2 0.336967 0.372974 0.068317 0.049111
2 0.335894 0.372278 0.067921 0.050009
2 0.333745 0.371085 0.067978 0.048541
2 0.332818 0.370550 0.068049 0.049840
2 0.330585 0.370051 0.066491 0.047705
2 0.328488 0.369408 0.067563 0.048146
2 0.326675 0.369352 0.068688 0.049949
2 0.325723 0.368951 0.067487 0.047807
2 0.323737 0.369038 0.068081 0.048590
2 0.323126 0.369200 0.068889 0.050261
2 0.322021 0.369343 0.068436 0.049371
2 0.321397 0.369869 0.067957 0.049310
2 0.320524 0.370022 0.067427 0.048748
2 0.319928 0.370527 0.068414 0.049928
2 0.319468 0.371673 0.066825 0.047258
2 0.319160 0.372497 0.067449 0.047994
2 0.319069 0.373304 0.067950 0.048538
2 0.319140 0.374515 0.067276 0.047624
2 0.319174 0.376194 0.066396 0.046767
2 0.319594 0.377568 0.066378 0.046635
2 0.319748 0.378310 0.067415 0.047992
2 0.320563 0.380245 0.067937 0.048094
2 0.320956 0.380739 0.067499 0.046807
2 0.321695 0.382136 0.068601 0.049591
2 0.322191 0.382870 0.068075 0.047588
2 0.322985 0.384044 0.067915 0.048157
2 0.323866 0.385409 0.067132 0.046647
2 0.324184 0.386067 0.067195 0.046399
2 0.325045 0.386896 0.068808 0.048839
2 0.325476 0.387496 0.066683 0.046104
2 0.326435 0.388055 0.068507 0.048913
2 0.327291 0.388991 0.067315 0.046368
2 0.327807 0.389224 0.067998 0.048425
2 0.328902 0.389336 0.066250 0.045527
2 0.329477 0.389414 0.067363 0.048041
2 0.330782 0.389334 0.066766 0.046621
2 0.332244 0.389479 0.066264 0.046050
2 0.333135 0.388889 0.067291 0.046560
2 0.334896 0.388143 0.066653 0.045717
2 0.335720 0.387725 0.067100 0.047751
2 0.338040 0.386646 0.067038 0.046028
2 0.339141 0.386151 0.067696 0.047644
2 0.341617 0.384892 0.067278 0.046588
2 0.344356 0.383138 0.066565 0.045726
2 0.345868 0.382565 0.066935 0.045994
2 0.349006 0.380277 0.066444 0.045586
2 0.352414 0.378396 0.066440 0.045519
2 0.354033 0.377126 0.066814 0.045836
2 0.357774 0.374385 0.067844 0.048114
2 0.359700 0.373202 0.066910 0.045918
2 0.363349 0.370117 0.065593 0.044922
