2 0.393144 0.078738 0.036192 0.035593
2 0.390809 0.078739 0.036399 0.035618
2 0.388078 0.078701 0.035993 0.035510
2 0.384919 0.079235 0.036430 0.036012
2 0.383001 0.079370 0.036816 0.036113
2 0.379103 0.079884 0.035872 0.035114
2 0.377137 0.080300 0.035574 0.034957
2 0.372797 0.081199 0.036506 0.035991
2 0.370075 0.081746 0.037278 0.036760
2 0.365040 0.082527 0.035972 0.035206
2 0.359272 0.083657 0.037166 0.036617
2 0.356564 0.084128 0.036046 0.035364
2 0.350367 0.085318 0.036269 0.035585
2 0.347114 0.085836 0.036374 0.035772
2 0.340470 0.087042 0.037614 0.036962
2 0.336907 0.087502 0.036363 0.035677
2 0.330165 0.088355 0.035950 0.035211
2 0.326693 0.088792 0.037080 0.036336
2 0.319369 0.089458 0.035684 0.034931
2 0.312107 0.089831 0.037492 0.037123
2 0.305206 0.089703 0.035774 0.035068
2 0.297840 0.089707 0.036514 0.035941
2 0.290844 0.089187 0.036878 0.036086
2 0.287330 0.088629 0.037767 0.037196
2 0.280098 0.087629 0.036293 0.035619
2 0.276428 0.087222 0.037996 0.037367
2 0.269263 0.086127 0.036050 0.035354
2 0.262262 0.084673 0.038113 0.037672
2 0.255388 0.082602 0.036232 0.035578
2 0.248350 0.081228 0.038170 0.037566
2 0.244798 0.080130 0.037346 0.036962
2 0.238163 0.078111 0.036084 0.035430
2 0.231668 0.076197 0.036576 0.036019
2 0.228254 0.075231 0.038037 0.037405
2 0.221987 0.073313 0.038050 0.037424
2 0.218756 0.072293 0.037956 0.037679
2 0.212505 0.070321 0.037996 0.037736
2 0.209371 0.068858 0.038023 0.037693
2 0.203262 0.066862 0.037266 0.036754
2 0.197375 0.064782 0.036034 0.035291
2 0.191521 0.062811 0.036137 0.035367
2 0.188687 0.061916 0.037639 0.036999
2 0.183155 0.059947 0.036805 0.036077
2 0.180402 0.058979 0.036185 0.035526
2 0.175158 0.057310 0.037086 0.036347
2 0.172435 0.056503 0.035982 0.035231
2 0.167354 0.055020 0.037024 0.036467
2 0.162210 0.053133 0.037511 0.037060
2 0.159989 0.052568 0.035980 0.035244
2 0.155294 0.050693 0.035959 0.035200
2 0.150781 0.048828 0.035937 0.035156
2 0.792401 0.047396 0.053168 0.051189
2 0.793229 0.048856 0.053747 0.051603
2 0.794735 0.052199 0.053274 0.051055
2 0.795128 0.054093 0.053172 0.050921
2 0.796013 0.057459 0.052798 0.050692
2 0.796719 0.061338 0.052591 0.050291
2 0.797180 0.065165 0.053002 0.051015
2 0.797202 0.066964 0.053152 0.051192
2 0.797237 0.070799 0.053314 0.051384
2 0.797190 0.072726 0.053316 0.051361
2 0.796677 0.076669 0.052922 0.050654
2 0.796156 0.080478 0.053158 0.050970
2 0.795641 0.082350 0.053615 0.051658
2 0.794766 0.086242 0.053374 0.051153
2 0.794306 0.088058 0.053933 0.052026
2 0.792924 0.091946 0.053850 0.051823
2 0.792169 0.093837 0.053862 0.051731
2 0.790594 0.097728 0.053842 0.051693
2 0.789819 0.099637 0.053986 0.051956
2 0.787869 0.103565 0.054135 0.052239
2 0.785729 0.107521 0.053754 0.051558
2 0.784544 0.109541 0.053888 0.051855
2 0.781977 0.113540 0.053636 0.051604
2 0.780667 0.115544 0.053338 0.051149
2 0.777832 0.119989 0.052599 0.050302
2 0.776234 0.121948 0.052597 0.050293
2 0.773128 0.126336 0.053055 0.050768
2 0.769781 0.130393 0.053299 0.051052
2 0.768155 0.132828 0.053626 0.051455
2 0.764223 0.137195 0.053018 0.050908
2 0.760424 0.141668 0.052630 0.050320
2 0.756508 0.146106 0.053596 0.051560
2 0.752395 0.150544 0.053559 0.051430
2 0.750393 0.152955 0.052959 0.050942
2 0.746078 0.157432 0.052954 0.050780
2 0.743967 0.159794 0.053625 0.051556
2 0.739504 0.164621 0.053140 0.051186
2 0.737100 0.167037 0.052701 0.050411
2 0.732434 0.171519 0.053399 0.051148
2 0.730178 0.173971 0.053868 0.051987
2 0.722936 0.181209 0.053310 0.051060
2 0.720646 0.183576 0.053906 0.051965
2 0.715581 0.188015 0.052969 0.050743
2 0.713255 0.190755 0.053210 0.051113
2 0.708347 0.195269 0.053904 0.052004
2 0.705599 0.197670 0.053148 0.050968
2 0.700691 0.202454 0.053202 0.051135
2 0.698036 0.204440 0.053010 0.050721
2 0.693018 0.209315 0.053302 0.051161
2 0.687645 0.213779 0.052812 0.050691
2 0.684999 0.216190 0.053373 0.051381
2 0.679491 0.221046 0.053217 0.050979
2 0.673698 0.225917 0.053323 0.051300
2 0.670990 0.227941 0.053383 0.051375
2 0.665049 0.232919 0.052953 0.050690
2 0.662230 0.235427 0.052782 0.050466
2 0.655955 0.239994 0.053368 0.051075
2 0.652766 0.242441 0.053278 0.050993
2 0.646384 0.247146 0.052835 0.050520
2 0.643156 0.249138 0.052842 0.050524
2 0.636198 0.254190 0.053412 0.051377
2 0.632682 0.256161 0.053272 0.051003
2 0.625373 0.260317 0.053081 0.051080
2 0.617853 0.264232 0.053040 0.050992
2 0.613603 0.266130 0.053021 0.050696
2 0.605478 0.269585 0.053637 0.051543
2 0.601185 0.271117 0.053442 0.051170
2 0.592600 0.273658 0.053592 0.051640
2 0.588007 0.275558 0.053655 0.051717
2 0.578626 0.277871 0.053084 0.051105
2 0.569296 0.280016 0.052932 0.050954
2 0.564661 0.280948 0.053560 0.051597
2 0.559890 0.282008 0.052897 0.050899
2 0.549897 0.284012 0.052855 0.050560
2 0.539737 0.285678 0.053010 0.050889
2 0.534834 0.286405 0.053220 0.051202
2 0.524586 0.287721 0.052856 0.050558
2 0.514516 0.289085 0.053725 0.051774
2 0.509274 0.289586 0.052967 0.050659
2 0.499118 0.290202 0.053004 0.050876
2 0.494128 0.290559 0.053533 0.051512
2 0.483808 0.291146 0.053447 0.051212
2 0.478672 0.291213 0.053658 0.051739
2 0.468048 0.291833 0.052823 0.050553
2 0.457977 0.291675 0.052965 0.050777
2 0.452810 0.291709 0.052979 0.050725
2 0.447900 0.291712 0.052867 0.050563
2 0.437883 0.290549 0.053614 0.051569
2 0.427954 0.289811 0.052958 0.050691
2 0.423053 0.288854 0.053510 0.051193
2 0.413584 0.286902 0.053525 0.051224
2 0.408871 0.285971 0.052843 0.050570
2 0.400073 0.283464 0.053465 0.051239
2 0.395755 0.282158 0.053156 0.051115
2 0.387127 0.279694 0.053160 0.050822
2 0.382867 0.277752 0.053323 0.051077
2 0.374637 0.274538 0.053021 0.050714
2 0.366737 0.270734 0.053017 0.050685
2 0.358940 0.266821 0.053026 0.050696
2 0.351521 0.262407 0.052977 0.050691
2 0.348001 0.260203 0.053091 0.050805
2 0.340683 0.255043 0.053180 0.051023
2 0.333917 0.249603 0.053347 0.051103
2 0.330483 0.246738 0.053014 0.050896
2 0.324003 0.240804 0.053295 0.051354
2 0.317786 0.234886 0.053355 0.051387
2 0.311777 0.228153 0.053512 0.051321
2 0.305860 0.221785 0.052919 0.050608
2 0.302878 0.218425 0.053352 0.051008
2 0.297474 0.211577 0.053104 0.051036
2 0.294910 0.208151 0.052988 0.050711
2 0.289889 0.200907 0.053451 0.051236
2 0.287421 0.197173 0.053408 0.051070
2 0.282932 0.189610 0.053445 0.051198
2 0.280670 0.185280 0.053281 0.050943
2 0.276655 0.177446 0.053382 0.051080
2 0.275045 0.173272 0.053160 0.050860
2 0.271559 0.164689 0.052884 0.050645
2 0.270019 0.160591 0.053037 0.050735
2 0.267330 0.151278 0.052841 0.050618
2 0.266236 0.147287 0.052973 0.050909
2 0.263738 0.138219 0.053249 0.050953
2 0.261709 0.129192 0.053331 0.051177
2 0.259749 0.119902 0.052981 0.050876
2 0.258846 0.115082 0.053292 0.050968
2 0.257233 0.105714 0.053188 0.050908
2 0.256736 0.100909 0.053423 0.051437
2 0.256009 0.091388 0.053147 0.050893
2 0.256250 0.082031 0.053125 0.050781
2 0.350008 0.603443 0.045832 0.044120
2 0.347839 0.602436 0.047228 0.045585
2 0.343801 0.600210 0.046039 0.044271
2 0.339935 0.597756 0.046804 0.045413
2 0.336270 0.595266 0.046764 0.044938
2 0.334635 0.594320 0.046558 0.045029
2 0.331120 0.591986 0.045458 0.043856
2 0.329591 0.590936 0.045912 0.043897
2 0.326802 0.588491 0.046482 0.044936
2 0.323850 0.586028 0.046652 0.045304
2 0.322847 0.584895 0.046677 0.044979
2 0.320510 0.582416 0.045985 0.044418
2 0.319370 0.581035 0.047166 0.045539
2 0.317504 0.579001 0.046653 0.044951
2 0.316752 0.577531 0.046299 0.044363
2 0.315285 0.575137 0.045927 0.044017
2 0.314857 0.573733 0.047381 0.045758
2 0.313743 0.571738 0.045938 0.043886
2 0.313243 0.569289 0.047234 0.045668
2 0.313181 0.568247 0.047082 0.045710
2 0.312932 0.565764 0.046950 0.045134
2 0.313022 0.564432 0.046929 0.045612
2 0.313484 0.561910 0.046665 0.044873
2 0.313838 0.560833 0.045238 0.043594
2 0.314899 0.558431 0.046712 0.045281
2 0.316368 0.556014 0.047210 0.045522
2 0.316988 0.554669 0.045022 0.043308
2 0.318981 0.552218 0.046033 0.044097
2 0.320137 0.550738 0.045009 0.043306
2 0.322571 0.547872 0.046915 0.045338
2 0.324007 0.546346 0.046863 0.045190
2 0.326537 0.543067 0.045143 0.043502
2 0.327620 0.541481 0.045537 0.043917
2 0.330877 0.537826 0.045418 0.043608
2 0.334376 0.533735 0.044737 0.042974
2 0.336260 0.531254 0.046095 0.044812
2 0.340162 0.526360 0.045836 0.044003
2 0.342360 0.523819 0.045434 0.043963
2 0.347115 0.517935 0.045304 0.043895
2 0.349594 0.515126 0.045072 0.043119
2 0.354575 0.508601 0.044063 0.041921
2 0.357136 0.505218 0.045779 0.043956
2 0.362643 0.497968 0.044572 0.042874
2 0.365414 0.494096 0.044106 0.042289
2 0.371324 0.486358 0.044995 0.043460
2 0.374375 0.482423 0.045223 0.043665
2 0.380612 0.474270 0.045518 0.043386
2 0.383684 0.469883 0.045656 0.043383
2 0.389972 0.461097 0.044987 0.043216
2 0.393313 0.456743 0.044697 0.042208
2 0.400158 0.447962 0.044173 0.041598
2 0.403585 0.443557 0.045154 0.043397
2 0.410579 0.434749 0.044676 0.041898
2 0.414022 0.430279 0.043784 0.041295
2 0.421086 0.421555 0.045501 0.043190
2 0.428445 0.412758 0.044645 0.042348
2 0.431998 0.408309 0.045085 0.043308
2 0.439451 0.399563 0.045017 0.042389
2 0.442898 0.395117 0.045317 0.043346
2 0.450371 0.386525 0.044839 0.042653
2 0.454069 0.382343 0.045238 0.042729
2 0.461744 0.373482 0.044994 0.043131
2 0.469406 0.365686 0.045241 0.043306
2 0.473254 0.361395 0.043706 0.041479
2 0.481134 0.353674 0.043682 0.041478
2 0.489357 0.346253 0.044706 0.042459
2 0.493721 0.342368 0.044046 0.041565
2 0.502303 0.335511 0.045901 0.043579
2 0.506954 0.331645 0.045801 0.043543
2 0.515878 0.324690 0.044608 0.042402
2 0.525513 0.317819 0.045648 0.043244
2 0.530225 0.314319 0.045414 0.043417
2 0.540363 0.307569 0.044350 0.041751
2 0.545257 0.304090 0.044143 0.041432
2 0.555599 0.297267 0.044978 0.043045
2 0.566115 0.290324 0.045306 0.042913
2 0.571378 0.286769 0.044723 0.042438
2 0.581933 0.280080 0.045465 0.043358
2 0.592420 0.273265 0.044191 0.042003
2 0.597555 0.270150 0.045307 0.043308
2 0.607764 0.263900 0.043281 0.041188
2 0.612861 0.260932 0.044799 0.042279
2 0.622638 0.255229 0.045419 0.043040
2 0.627719 0.252209 0.043748 0.041779
2 0.637310 0.246854 0.043601 0.041113
2 0.642068 0.244322 0.043158 0.041067
2 0.651427 0.239498 0.043738 0.041025
2 0.655776 0.237528 0.044626 0.042076
2 0.664642 0.233214 0.045126 0.042963
2 0.672979 0.229390 0.044455 0.042047
2 0.677232 0.227909 0.045466 0.043064
2 0.685153 0.224739 0.044936 0.043216
2 0.693006 0.222364 0.045181 0.043049
2 0.696902 0.221166 0.043384 0.041103
2 0.703986 0.219519 0.045190 0.043063
2 0.707542 0.218538 0.043664 0.041378
2 0.714449 0.217175 0.044707 0.042816
2 0.717549 0.217101 0.044667 0.042832
2 0.723844 0.216373 0.044997 0.042591
2 0.726888 0.216176 0.044848 0.042233
2 0.732406 0.216128 0.044696 0.042064
2 0.735503 0.216138 0.044791 0.042218
2 0.740546 0.216530 0.043634 0.041272
2 0.745599 0.217392 0.044562 0.042488
2 0.747931 0.217802 0.044935 0.042550
2 0.752164 0.219205 0.045198 0.043447
2 0.756312 0.220469 0.043795 0.041522
2 0.758297 0.221464 0.045174 0.043084
2 0.760282 0.222290 0.045236 0.043028
2 0.763762 0.224072 0.044265 0.041695
2 0.765285 0.225216 0.043946 0.041726
2 0.768549 0.227689 0.044033 0.041386
2 0.770069 0.228567 0.043591 0.041557
2 0.772793 0.231399 0.045361 0.043266
2 0.775351 0.233778 0.045034 0.042682
2 0.776575 0.235078 0.043747 0.041326
2 0.778887 0.237773 0.045560 0.043441
2 0.780795 0.240648 0.044365 0.042374
2 0.781603 0.242048 0.044637 0.042639
2 0.783321 0.244750 0.045180 0.043283
2 0.784098 0.246202 0.043730 0.041625
2 0.785721 0.249024 0.043967 0.041393
2 0.786307 0.250443 0.044580 0.042634
2 0.787541 0.253391 0.043933 0.041360
2 0.788712 0.256011 0.043778 0.041728
2 0.789148 0.257477 0.043857 0.041428
2 0.790197 0.259905 0.044018 0.042054
2 0.790966 0.262351 0.044578 0.042469
2 0.791832 0.264532 0.044220 0.041769
2 0.791927 0.265552 0.043755 0.041547
2 0.792636 0.268092 0.044899 0.042911
2 0.792968 0.269041 0.045557 0.043331
2 0.793369 0.270949 0.044494 0.041980
2 0.793731 0.271924 0.043444 0.041146
2 0.794100 0.273931 0.044542 0.042488
2 0.794216 0.275063 0.045042 0.042788
2 0.795018 0.277437 0.043528 0.041333
2 0.795312 0.280273 0.043750 0.041016
