2 0.267188 0.515625 0.046875 0.062500
2 0.264062 0.513672 0.046875 0.066406
2 0.263281 0.514648 0.051562 0.068359
2 0.265625 0.517578 0.053125 0.070312
2 0.266406 0.515625 0.048438 0.066406
2 0.266250 0.515234 0.048125 0.065625
2 0.266094 0.514844 0.047812 0.064844
2 0.265937 0.514453 0.047500 0.064062
2 0.265781 0.514062 0.047187 0.063281
2 0.265625 0.513672 0.046875 0.062500
2 0.266667 0.513129 0.047917 0.063585
2 0.267708 0.512587 0.048958 0.064670
2 0.268750 0.512044 0.050000 0.065755
2 0.269792 0.511502 0.051042 0.066840
2 0.270833 0.510959 0.052083 0.067925
2 0.271875 0.510417 0.053125 0.069010
2 0.272917 0.509874 0.054167 0.070095
2 0.273958 0.509332 0.055208 0.071181
2 0.275000 0.508789 0.056250 0.072266
2 0.278906 0.508789 0.055078 0.071289
2 0.282812 0.508789 0.053906 0.070313
2 0.286719 0.508789 0.052734 0.069336
2 0.290625 0.508789 0.051563 0.068359
2 0.294531 0.508789 0.050391 0.067383
2 0.298437 0.508789 0.049219 0.066406
2 0.302344 0.508789 0.048047 0.065430
2 0.306250 0.508789 0.046875 0.064453
2 0.314453 0.508301 0.046615 0.062174
2 0.322656 0.507812 0.046354 0.059896
2 0.330859 0.507324 0.046094 0.057617
2 0.339062 0.506836 0.045833 0.055339
2 0.347266 0.506348 0.045573 0.053060
2 0.355469 0.505859 0.045312 0.050781
2 0.361719 0.505441 0.046205 0.052176
2 0.367969 0.505022 0.047098 0.053571
2 0.374219 0.504604 0.047991 0.054967
2 0.380469 0.504185 0.048884 0.056362
2 0.386719 0.503767 0.049777 0.057757
2 0.392969 0.503348 0.050670 0.059152
2 0.399219 0.502930 0.051562 0.060547
2 0.404297 0.502441 0.053385 0.061523
2 0.409375 0.501953 0.055208 0.062500
2 0.414453 0.501465 0.057031 0.063477
2 0.419531 0.500977 0.058854 0.064453
2 0.424609 0.500488 0.060677 0.065430
2 0.429688 0.500000 0.062500 0.066406
2 0.432422 0.500195 0.061094 0.066016
2 0.435156 0.500391 0.059688 0.065625
2 0.437891 0.500586 0.058281 0.065234
2 0.440625 0.500781 0.056875 0.064844
2 0.443359 0.500977 0.055469 0.064453
2 0.446094 0.501172 0.054063 0.064063
2 0.448828 0.501367 0.052656 0.063672
2 0.451562 0.501562 0.051250 0.063281
2 0.454297 0.501758 0.049844 0.062891
2 0.457031 0.501953 0.048438 0.062500
2 0.455469 0.504883 0.051562 0.060547
2 0.455924 0.504557 0.051693 0.060872
2 0.456380 0.504232 0.051823 0.061198
2 0.456836 0.503906 0.051953 0.061523
2 0.457292 0.503581 0.052083 0.061849
2 0.457747 0.503255 0.052214 0.062174
2 0.458203 0.502930 0.052344 0.062500
2 0.458659 0.502604 0.052474 0.062826
2 0.459115 0.502279 0.052604 0.063151
2 0.459570 0.501953 0.052734 0.063477
2 0.460026 0.501628 0.052865 0.063802
2 0.460482 0.501302 0.052995 0.064128
2 0.460938 0.500977 0.053125 0.064453
2 0.460724 0.501687 0.053267 0.063743
2 0.460511 0.502397 0.053409 0.063033
2 0.460298 0.503107 0.053551 0.062322
2 0.460085 0.503817 0.053693 0.061612
2 0.459872 0.504528 0.053835 0.060902
2 0.459659 0.505238 0.053977 0.060192
2 0.459446 0.505948 0.054119 0.059482
2 0.459233 0.506658 0.054261 0.058771
2 0.459020 0.507369 0.054403 0.058061
2 0.458807 0.508079 0.054545 0.057351
2 0.458594 0.508789 0.054688 0.056641
2 0.457741 0.508967 0.054688 0.056641
2 0.456889 0.509144 0.054688 0.056641
2 0.456037 0.509322 0.054688 0.056641
2 0.455185 0.509499 0.054688 0.056641
2 0.454332 0.509677 0.054688 0.056641
2 0.453480 0.509854 0.054688 0.056641
2 0.452628 0.510032 0.054688 0.056641
2 0.451776 0.510210 0.054688 0.056641
2 0.450923 0.510387 0.054688 0.056641
2 0.450071 0.510565 0.054688 0.056641
2 0.449219 0.510742 0.054688 0.056641
2 0.448264 0.511176 0.054514 0.057075
2 0.447309 0.511610 0.054340 0.057509
2 0.446354 0.512044 0.054167 0.057943
2 0.445399 0.512478 0.053993 0.058377
2 0.444444 0.512912 0.053819 0.058811
2 0.443490 0.513346 0.053646 0.059245
2 0.442535 0.513780 0.053472 0.059679
2 0.441580 0.514214 0.053299 0.060113
2 0.440625 0.514648 0.053125 0.060547
2 0.439757 0.514757 0.053819 0.060330
2 0.438889 0.514865 0.054514 0.060113
2 0.438021 0.514974 0.055208 0.059896
2 0.437153 0.515082 0.055903 0.059679
2 0.436285 0.515191 0.056597 0.059462
2 0.435417 0.515299 0.057292 0.059245
2 0.434549 0.515408 0.057986 0.059028
2 0.433681 0.515516 0.058681 0.058811
2 0.432812 0.515625 0.059375 0.058594
2 0.432205 0.515408 0.058507 0.059896
2 0.431597 0.515191 0.057639 0.061198
2 0.430990 0.514974 0.056771 0.062500
2 0.430382 0.514757 0.055903 0.063802
2 0.429774 0.514540 0.055035 0.065104
2 0.429167 0.514323 0.054167 0.066406
2 0.428559 0.514106 0.053299 0.067708
2 0.427951 0.513889 0.052431 0.069010
2 0.427344 0.513672 0.051562 0.070312
2 0.426910 0.513672 0.052778 0.069444
2 0.426476 0.513672 0.053993 0.068576
2 0.426042 0.513672 0.055208 0.067708
2 0.425608 0.513672 0.056424 0.066840
2 0.425174 0.513672 0.057639 0.065972
2 0.424740 0.513672 0.058854 0.065104
2 0.424306 0.513672 0.060069 0.064236
2 0.423872 0.513672 0.061285 0.063368
2 0.423438 0.513672 0.062500 0.062500
2 0.423264 0.513618 0.061979 0.062391
2 0.423090 0.513563 0.061458 0.062283
2 0.422917 0.513509 0.060938 0.062174
2 0.422743 0.513455 0.060417 0.062066
2 0.422569 0.513401 0.059896 0.061957
2 0.422396 0.513346 0.059375 0.061849
2 0.422222 0.513292 0.058854 0.061740
2 0.422049 0.513238 0.058333 0.061632
2 0.421875 0.513184 0.057813 0.061523
2 0.421701 0.513129 0.057292 0.061415
2 0.421528 0.513075 0.056771 0.061306
2 0.421354 0.513021 0.056250 0.061198
2 0.421181 0.512967 0.055729 0.061089
2 0.421007 0.512912 0.055208 0.060981
2 0.420833 0.512858 0.054688 0.060872
2 0.420660 0.512804 0.054167 0.060764
2 0.420486 0.512750 0.053646 0.060655
2 0.420312 0.512695 0.053125 0.060547
2 0.420592 0.512835 0.053237 0.060268
2 0.420871 0.512974 0.053348 0.059989
2 0.421150 0.513114 0.053460 0.059710
2 0.421429 0.513253 0.053571 0.059431
2 0.421708 0.513393 0.053683 0.059152
2 0.421987 0.513532 0.053795 0.058873
2 0.422266 0.513672 0.053906 0.058594
2 0.422545 0.513811 0.054018 0.058315
2 0.422824 0.513951 0.054129 0.058036
2 0.423103 0.514090 0.054241 0.057757
2 0.423382 0.514230 0.054353 0.057478
2 0.423661 0.514369 0.054464 0.057199
2 0.423940 0.514509 0.054576 0.056920
2 0.424219 0.514648 0.054688 0.056641
2 0.424089 0.514648 0.054427 0.057943
2 0.423958 0.514648 0.054167 0.059245
2 0.423828 0.514648 0.053906 0.060547
2 0.423698 0.514648 0.053646 0.061849
2 0.423568 0.514648 0.053385 0.063151
2 0.423437 0.514648 0.053125 0.064453
2 0.423307 0.514648 0.052865 0.065755
2 0.423177 0.514648 0.052604 0.067057
2 0.423047 0.514648 0.052344 0.068359
2 0.422917 0.514648 0.052083 0.069661
2 0.422786 0.514648 0.051823 0.070964
2 0.422656 0.514648 0.051562 0.072266
2 0.423242 0.515747 0.052734 0.071533
2 0.423828 0.516846 0.053906 0.070801
2 0.424414 0.517944 0.055078 0.070068
2 0.425000 0.519043 0.056250 0.069336
2 0.425586 0.520142 0.057422 0.068604
2 0.426172 0.521240 0.058594 0.067871
2 0.426758 0.522339 0.059766 0.067139
2 0.427344 0.523438 0.060937 0.066406
2 0.427083 0.522949 0.059635 0.065755
2 0.426823 0.522461 0.058333 0.065104
2 0.426563 0.521973 0.057031 0.064453
2 0.426302 0.521484 0.055729 0.063802
2 0.426042 0.520996 0.054427 0.063151
2 0.425781 0.520508 0.053125 0.062500
2 0.425521 0.520020 0.051823 0.061849
2 0.425260 0.519531 0.050521 0.061198
2 0.425000 0.519043 0.049219 0.060547
2 0.424740 0.518555 0.047917 0.059896
2 0.424479 0.518066 0.046615 0.059245
2 0.424219 0.517578 0.045312 0.058594
2 0.424290 0.516779 0.045739 0.057706
2 0.424361 0.515980 0.046165 0.056818
2 0.424432 0.515181 0.046591 0.055930
2 0.424503 0.514382 0.047017 0.055043
2 0.424574 0.513583 0.047443 0.054155
2 0.424645 0.512784 0.047869 0.053267
2 0.424716 0.511985 0.048295 0.052379
2 0.424787 0.511186 0.048722 0.051491
2 0.424858 0.510387 0.049148 0.050604
2 0.424929 0.509588 0.049574 0.049716
2 0.425000 0.508789 0.050000 0.048828
2 0.424609 0.507324 0.050781 0.052734
2 0.424219 0.505859 0.051562 0.056641
2 0.423828 0.504395 0.052344 0.060547
2 0.423437 0.502930 0.053125 0.064453
2 0.423594 0.502539 0.053437 0.064844
2 0.423750 0.502148 0.053750 0.065234
2 0.423906 0.501758 0.054062 0.065625
2 0.424062 0.501367 0.054375 0.066016
2 0.424219 0.500977 0.054687 0.066406
2 0.424375 0.500586 0.055000 0.066797
2 0.424531 0.500195 0.055312 0.067187
2 0.424687 0.499805 0.055625 0.067578
2 0.424844 0.499414 0.055937 0.067969
2 0.425000 0.499023 0.056250 0.068359
2 0.423618 0.499023 0.056130 0.068059
2 0.422236 0.499023 0.056010 0.067758
2 0.420853 0.499023 0.055889 0.067458
2 0.419471 0.499023 0.055769 0.067157
2 0.418089 0.499023 0.055649 0.066857
2 0.416707 0.499023 0.055529 0.066556
2 0.415325 0.499023 0.055409 0.066256
2 0.413942 0.499023 0.055288 0.065956
2 0.412560 0.499023 0.055168 0.065655
2 0.411178 0.499023 0.055048 0.065355
2 0.409796 0.499023 0.054928 0.065054
2 0.408413 0.499023 0.054808 0.064754
2 0.407031 0.499023 0.054688 0.064453
2 0.402344 0.500163 0.056250 0.064779
2 0.397656 0.501302 0.057813 0.065104
2 0.392969 0.502441 0.059375 0.065430
2 0.388281 0.503581 0.060937 0.065755
2 0.383594 0.504720 0.062500 0.066081
2 0.378906 0.505859 0.064062 0.066406
2 0.373884 0.507254 0.064732 0.065290
2 0.368862 0.508650 0.065402 0.064174
2 0.363839 0.510045 0.066071 0.063058
2 0.358817 0.511440 0.066741 0.061942
2 0.353795 0.512835 0.067411 0.060826
2 0.348772 0.514230 0.068080 0.059710
2 0.343750 0.515625 0.068750 0.058594
2 0.337988 0.517334 0.067383 0.058594
2 0.332227 0.519043 0.066016 0.058594
2 0.326465 0.520752 0.064648 0.058594
2 0.320703 0.522461 0.063281 0.058594
2 0.314941 0.524170 0.061914 0.058594
2 0.309180 0.525879 0.060547 0.058594
2 0.303418 0.527588 0.059180 0.058594
2 0.297656 0.529297 0.057813 0.058594
2 0.292839 0.530924 0.057031 0.059245
2 0.288021 0.532552 0.056250 0.059896
2 0.283203 0.534180 0.055469 0.060547
2 0.278385 0.535807 0.054688 0.061198
2 0.273568 0.537435 0.053906 0.061849
2 0.268750 0.539062 0.053125 0.062500
2 0.264931 0.541558 0.052778 0.062283
2 0.261111 0.544054 0.052431 0.062066
2 0.257292 0.546549 0.052083 0.061849
2 0.253472 0.549045 0.051736 0.061632
2 0.249653 0.551541 0.051389 0.061415
2 0.245833 0.554036 0.051042 0.061198
2 0.242014 0.556532 0.050694 0.060981
2 0.238194 0.559028 0.050347 0.060764
2 0.234375 0.561523 0.050000 0.060547
2 0.232589 0.562500 0.050000 0.061384
2 0.230804 0.563477 0.050000 0.062221
2 0.229018 0.564453 0.050000 0.063058
2 0.227232 0.565430 0.050000 0.063895
2 0.225446 0.566406 0.050000 0.064732
2 0.223661 0.567383 0.050000 0.065569
2 0.221875 0.568359 0.050000 0.066406
2 0.220833 0.571940 0.051042 0.065755
2 0.219792 0.575521 0.052083 0.065104
2 0.218750 0.579102 0.053125 0.064453
2 0.219062 0.581738 0.053125 0.064258
2 0.219375 0.584375 0.053125 0.064063
2 0.219687 0.587012 0.053125 0.063867
2 0.220000 0.589648 0.053125 0.063672
2 0.220312 0.592285 0.053125 0.063477
2 0.220625 0.594922 0.053125 0.063281
2 0.220937 0.597559 0.053125 0.063086
2 0.221250 0.600195 0.053125 0.062891
2 0.221562 0.602832 0.053125 0.062695
2 0.221875 0.605469 0.053125 0.062500
2 0.224531 0.608203 0.050937 0.060937
2 0.227188 0.610938 0.048750 0.059375
2 0.229844 0.613672 0.046562 0.057812
2 0.232500 0.616406 0.044375 0.056250
2 0.235156 0.619141 0.042188 0.054688
2 0.238051 0.621266 0.042831 0.055032
2 0.240947 0.623392 0.043474 0.055377
2 0.243842 0.625517 0.044118 0.055722
2 0.246737 0.627642 0.044761 0.056066
2 0.249632 0.629768 0.045404 0.056411
2 0.252528 0.631893 0.046048 0.056756
2 0.255423 0.634019 0.046691 0.057100
2 0.258318 0.636144 0.047335 0.057445
2 0.261213 0.638270 0.047978 0.057790
2 0.264108 0.640395 0.048621 0.058134
2 0.267004 0.642521 0.049265 0.058479
2 0.269899 0.644646 0.049908 0.058824
2 0.272794 0.646772 0.050551 0.059168
2 0.275689 0.648897 0.051195 0.059513
2 0.278585 0.651023 0.051838 0.059858
2 0.281480 0.653148 0.052482 0.060202
2 0.284375 0.655273 0.053125 0.060547
2 0.289323 0.657552 0.052257 0.059896
2 0.294271 0.659831 0.051389 0.059245
2 0.299219 0.662109 0.050521 0.058594
2 0.304167 0.664388 0.049653 0.057943
2 0.309115 0.666667 0.048785 0.057292
2 0.314063 0.668945 0.047917 0.056641
2 0.319010 0.671224 0.047049 0.055990
2 0.323958 0.673503 0.046181 0.055339
2 0.328906 0.675781 0.045312 0.054688
2 0.334115 0.677626 0.044618 0.054036
2 0.339323 0.679470 0.043924 0.053385
2 0.344531 0.681315 0.043229 0.052734
2 0.349740 0.683160 0.042535 0.052083
2 0.354948 0.685004 0.041840 0.051432
2 0.360156 0.686849 0.041146 0.050781
2 0.365365 0.688694 0.040451 0.050130
2 0.370573 0.690538 0.039757 0.049479
2 0.375781 0.692383 0.039062 0.048828
