2 0.645312 0.393555 0.093750 0.099609
2 0.642589 0.398121 0.094912 0.101104
2 0.639773 0.402988 0.094335 0.100410
2 0.637065 0.408427 0.094651 0.100873
2 0.635743 0.411530 0.094519 0.100722
2 0.632870 0.417507 0.094733 0.101051
2 0.631496 0.420944 0.093704 0.099684
2 0.628598 0.427348 0.093838 0.100015
2 0.625747 0.434541 0.093364 0.099686
2 0.624348 0.438340 0.093480 0.099787
2 0.621516 0.445582 0.093810 0.100383
2 0.620102 0.449235 0.094105 0.100819
2 0.617498 0.456093 0.094042 0.100861
2 0.615085 0.463211 0.094391 0.101336
2 0.612994 0.470024 0.093629 0.100312
2 0.611446 0.476633 0.093951 0.100525
2 0.610858 0.479973 0.093782 0.100463
2 0.610016 0.486319 0.093590 0.100041
2 0.609973 0.489604 0.093360 0.099775
2 0.610009 0.495425 0.093254 0.099755
2 0.610934 0.501244 0.093055 0.099425
2 0.611471 0.504117 0.093017 0.099254
2 0.613078 0.509552 0.092830 0.099177
2 0.615372 0.514457 0.092846 0.099265
2 0.616559 0.516805 0.092306 0.098736
2 0.619677 0.521778 0.092139 0.098516
2 0.621306 0.523875 0.092022 0.098513
2 0.625050 0.528592 0.091874 0.098486
2 0.629148 0.532591 0.091046 0.097498
2 0.631203 0.534583 0.091412 0.098071
2 0.635678 0.538745 0.090919 0.097753
2 0.637915 0.540618 0.090762 0.097602
2 0.642587 0.544443 0.090276 0.097127
2 0.647455 0.548297 0.089511 0.096388
2 0.652186 0.552057 0.088637 0.095449
2 0.654403 0.554095 0.088101 0.094656
2 0.658760 0.557196 0.087607 0.094147
2 0.660977 0.558964 0.087363 0.093897
2 0.665038 0.561850 0.086772 0.093122
2 0.667093 0.563363 0.086623 0.092915
2 0.670676 0.566259 0.086682 0.093026
2 0.672499 0.567510 0.086800 0.093169
2 0.675689 0.570085 0.086439 0.092699
2 0.678784 0.572452 0.086428 0.092726
2 0.680177 0.573472 0.086126 0.092420
2 0.682805 0.575595 0.085360 0.091380
2 0.683947 0.576543 0.085283 0.091336
2 0.686060 0.578136 0.085393 0.091415
2 0.687914 0.579825 0.085775 0.091930
2 0.688613 0.580313 0.085157 0.091175
2 0.689968 0.581811 0.085108 0.091150
2 0.691095 0.582499 0.085547 0.091777
2 0.691436 0.583300 0.085002 0.091076
2 0.692274 0.584028 0.084825 0.090757
2 0.692522 0.584512 0.085254 0.091295
2 0.692583 0.584858 0.085211 0.091367
2 0.692594 0.584853 0.085108 0.091136
2 0.692446 0.585158 0.084701 0.090713
2 0.692218 0.585210 0.084006 0.089864
2 0.691695 0.585118 0.084408 0.090312
2 0.690841 0.585151 0.084607 0.090518
2 0.689983 0.584899 0.084307 0.090120
2 0.689391 0.584896 0.084359 0.090216
2 0.688957 0.584914 0.083512 0.089087
2 0.687629 0.584646 0.084016 0.089702
2 0.686005 0.584852 0.084384 0.090030
2 0.685338 0.584784 0.084672 0.090483
2 0.683545 0.584739 0.085356 0.091366
2 0.682731 0.584902 0.085005 0.090732
2 0.680890 0.584767 0.085083 0.090689
2 0.679078 0.585108 0.085325 0.090858
2 0.678068 0.585198 0.084625 0.089932
2 0.675954 0.585391 0.085059 0.090547
2 0.673850 0.585602 0.085362 0.090921
2 0.672930 0.585399 0.084876 0.090318
2 0.670881 0.585326 0.085698 0.091305
2 0.668737 0.584997 0.085191 0.090517
2 0.666782 0.584909 0.085690 0.091076
2 0.664797 0.584097 0.085704 0.091197
2 0.663738 0.583980 0.085359 0.090808
2 0.661756 0.583050 0.085625 0.091021
2 0.660910 0.582494 0.085555 0.091165
2 0.659123 0.581457 0.085844 0.091509
2 0.658215 0.580590 0.085482 0.090970
2 0.656554 0.579032 0.085685 0.091301
2 0.655677 0.578198 0.085144 0.090608
2 0.654189 0.575969 0.085377 0.090979
2 0.652763 0.573834 0.085370 0.091008
2 0.651565 0.570796 0.085356 0.091078
2 0.650789 0.569646 0.085298 0.090776
2 0.649909 0.566737 0.085192 0.090942
2 0.649358 0.564903 0.084988 0.090436
2 0.648331 0.561946 0.085891 0.091884
2 0.647786 0.560001 0.085273 0.090943
2 0.647071 0.553244 0.085135 0.090984
2 0.646881 0.550573 0.085290 0.091209
2 0.646551 0.547708 0.085265 0.091066
2 0.646083 0.541935 0.085084 0.090697
2 0.646073 0.538907 0.084962 0.090561
2 0.645861 0.532327 0.085361 0.091081
2 0.645847 0.525224 0.085142 0.090850
2 0.645838 0.521295 0.085259 0.090994
2 0.645970 0.513765 0.085254 0.090972
2 0.646237 0.509554 0.085433 0.091206
2 0.646630 0.505144 0.085890 0.091896
2 0.646857 0.497027 0.085933 0.092045
2 0.647083 0.488813 0.085460 0.091443
2 0.647198 0.484847 0.085248 0.091142
2 0.647479 0.476671 0.084976 0.090695
2 0.647520 0.472776 0.084865 0.090565
2 0.647731 0.465148 0.084896 0.090614
2 0.647822 0.457937 0.084975 0.090711
2 0.647629 0.454756 0.084876 0.090566
2 0.647522 0.447762 0.084761 0.090474
2 0.647319 0.444835 0.085137 0.090957
2 0.646859 0.436043 0.084643 0.090606
2 0.646602 0.432875 0.085338 0.091373
2 0.646329 0.428171 0.084446 0.090129
2 0.646268 0.425547 0.084691 0.090447
2 0.645616 0.421282 0.084378 0.090160
2 0.645463 0.419308 0.084151 0.089966
2 0.644982 0.414770 0.083956 0.089729
2 0.644431 0.412057 0.083576 0.089119
2 0.644385 0.410398 0.083696 0.089333
2 0.644021 0.407306 0.083686 0.089427
2 0.643421 0.404571 0.083713 0.089482
2 0.643060 0.402080 0.083473 0.089090
2 0.642411 0.399749 0.083657 0.089424
2 0.642204 0.398464 0.083861 0.089727
2 0.641286 0.396329 0.083499 0.089070
2 0.641039 0.393794 0.083440 0.089114
2 0.640888 0.392684 0.083817 0.089630
2 0.640779 0.390231 0.083958 0.089873
2 0.640585 0.388911 0.083878 0.089795
2 0.640687 0.386681 0.083935 0.089863
2 0.640993 0.383447 0.083563 0.089332
2 0.641048 0.382314 0.083802 0.089575
2 0.641964 0.379157 0.083796 0.089669
2 0.642696 0.375758 0.083468 0.089149
2 0.643392 0.374293 0.083638 0.089433
2 0.644655 0.370639 0.083730 0.089443
2 0.645337 0.368989 0.084019 0.090009
2 0.646726 0.365518 0.083929 0.089884
2 0.647410 0.363729 0.083618 0.089357
2 0.648844 0.360571 0.083654 0.089440
2 0.649783 0.358766 0.083931 0.089868
2 0.651313 0.355443 0.084060 0.090005
2 0.652009 0.354051 0.083681 0.089470
2 0.653432 0.350774 0.083753 0.089613
2 0.654714 0.347744 0.084101 0.090110
2 0.655228 0.346219 0.083643 0.089381
2 0.656371 0.343490 0.084125 0.090118
2 0.656699 0.342108 0.083757 0.089565
2 0.657760 0.339093 0.083904 0.089880
2 0.658088 0.337989 0.084001 0.089955
2 0.658981 0.334008 0.083890 0.089777
2 0.659231 0.332824 0.083686 0.089643
2 0.659578 0.330246 0.083963 0.089950
2 0.659711 0.329193 0.083558 0.089427
2 0.659701 0.327005 0.083568 0.089419
2 0.659732 0.324465 0.083906 0.089842
2 0.659635 0.323634 0.083856 0.089801
2 0.659458 0.321600 0.083811 0.089800
2 0.659203 0.320479 0.083953 0.089946
2 0.658601 0.318908 0.083463 0.089168
2 0.658541 0.318068 0.083749 0.089512
2 0.657577 0.316424 0.084042 0.090039
2 0.656812 0.314855 0.083684 0.089470
2 0.656420 0.314067 0.084105 0.090149
2 0.655250 0.312988 0.083639 0.089426
2 0.654120 0.311597 0.083462 0.089220
2 0.653314 0.311006 0.083931 0.089926
2 0.652003 0.309888 0.083785 0.089634
2 0.651319 0.309056 0.083885 0.089841
2 0.649802 0.308222 0.084050 0.090028
2 0.648714 0.307494 0.083721 0.089605
2 0.646992 0.306326 0.084167 0.090195
2 0.645965 0.305642 0.083428 0.089110
2 0.644042 0.304246 0.083955 0.089876
2 0.643052 0.303671 0.083316 0.088983
2 0.641178 0.302202 0.083666 0.089426
2 0.639354 0.300570 0.084009 0.089980
2 0.637661 0.298648 0.084110 0.090153
2 0.636833 0.297384 0.083660 0.089440
2 0.635495 0.295637 0.083633 0.089476
2 0.634947 0.294333 0.083862 0.089676
2 0.634044 0.291550 0.083787 0.089692
2 0.633582 0.289996 0.083619 0.089400
2 0.633066 0.286713 0.084243 0.090289
2 0.633102 0.284842 0.084352 0.090428
2 0.632961 0.281058 0.084330 0.090433
2 0.632913 0.278922 0.084301 0.090392
2 0.633378 0.274287 0.083889 0.089728
2 0.634452 0.269139 0.084305 0.090393
2 0.635031 0.266439 0.083835 0.089660
2 0.636548 0.260615 0.083852 0.089688
2 0.637499 0.257457 0.084300 0.090399
2 0.639167 0.251194 0.083753 0.089738
2 0.641371 0.244507 0.083683 0.089423
2 0.642385 0.241421 0.083760 0.089705
2 0.644762 0.234379 0.083776 0.089556
2 0.645901 0.231204 0.083536 0.089252
2 0.648382 0.224934 0.083936 0.089908
2 0.649534 0.221925 0.083691 0.089469
2 0.651999 0.215667 0.083617 0.089371
2 0.654779 0.209711 0.083833 0.089775
2 0.655954 0.207172 0.083930 0.089829
2 0.658171 0.202448 0.083762 0.089580
2 0.660214 0.197907 0.083383 0.089008
2 0.661371 0.195925 0.083608 0.089352
2 0.663347 0.192343 0.083364 0.088984
2 0.664519 0.190442 0.083573 0.089301
2 0.665509 0.189038 0.084111 0.090090
2 0.667281 0.186794 0.083989 0.089943
2 0.669224 0.184720 0.083732 0.089526
2 0.670664 0.183123 0.083784 0.089566
2 0.672159 0.182210 0.083769 0.089627
2 0.672868 0.181954 0.083610 0.089307
2 0.674381 0.181435 0.083653 0.089327
2 0.675050 0.181371 0.084133 0.090115
2 0.676152 0.181908 0.083881 0.089710
2 0.677303 0.182509 0.083436 0.089063
2 0.678417 0.183467 0.084078 0.089971
2 0.679015 0.183922 0.083657 0.089324
2 0.680107 0.185598 0.083927 0.089723
2 0.681215 0.187244 0.084121 0.090081
2 0.682392 0.189325 0.083928 0.089728
2 0.682990 0.190196 0.083729 0.089592
2 0.684238 0.192425 0.083681 0.089549
2 0.684997 0.193436 0.083868 0.089593
2 0.686352 0.195548 0.083929 0.089723
2 0.687340 0.197092 0.084113 0.090091
2 0.688971 0.199627 0.083945 0.089932
2 0.689866 0.200901 0.083856 0.089517
2 0.691895 0.203568 0.083803 0.089682
2 0.693894 0.206319 0.083858 0.089810
2 0.694727 0.207794 0.083520 0.089207
2 0.697022 0.210838 0.084140 0.090140
2 0.699213 0.213665 0.083469 0.089111
2 0.701699 0.216740 0.084145 0.090135
2 0.702911 0.218626 0.084128 0.090096
2 0.705224 0.222129 0.083766 0.089524
2 0.706434 0.223384 0.083681 0.089567
2 0.709188 0.226749 0.083999 0.089933
2 0.711618 0.230284 0.083860 0.089559
2 0.712905 0.232056 0.084003 0.089822
2 0.715553 0.235947 0.084078 0.090044
2 0.716888 0.237655 0.083703 0.089527
2 0.719161 0.241356 0.083439 0.089140
2 0.720529 0.243539 0.083745 0.089622
2 0.723300 0.247570 0.083832 0.089750
2 0.724440 0.249976 0.083605 0.089299
2 0.727012 0.254424 0.083452 0.089160
2 0.729328 0.259085 0.083511 0.089288
2 0.730520 0.261848 0.083518 0.089147
2 0.732926 0.266554 0.083584 0.089447
2 0.733910 0.269217 0.083649 0.089385
2 0.736124 0.274232 0.083584 0.089433
2 0.737217 0.276868 0.083707 0.089538
2 0.739094 0.282200 0.083588 0.089472
2 0.740134 0.284949 0.083684 0.089411
2 0.741804 0.290205 0.083378 0.089068
2 0.742698 0.292672 0.083664 0.089332
2 0.744429 0.297923 0.083190 0.088747
2 0.745007 0.300802 0.083797 0.089632
2 0.746577 0.306241 0.083791 0.089621
2 0.747889 0.311333 0.083210 0.088790
2 0.748486 0.314152 0.083938 0.089862
2 0.749096 0.316900 0.083265 0.088825
2 0.750248 0.322015 0.083851 0.089700
2 0.750647 0.324864 0.083287 0.088885
2 0.751721 0.329910 0.083939 0.089840
2 0.752536 0.335402 0.083484 0.089144
2 0.753116 0.337751 0.084005 0.089947
2 0.753450 0.342783 0.083417 0.089130
2 0.754233 0.347547 0.083686 0.089419
2 0.754748 0.352318 0.083618 0.089487
2 0.755192 0.356695 0.083402 0.089058
2 0.755555 0.361182 0.083582 0.089228
2 0.755860 0.365526 0.083714 0.089497
2 0.755945 0.367508 0.083758 0.089606
2 0.756000 0.371997 0.083553 0.089365
2 0.756108 0.374103 0.083671 0.089543
2 0.756105 0.378046 0.083640 0.089505
2 0.756063 0.380066 0.083715 0.089595
2 0.755896 0.383462 0.083583 0.089397
2 0.755668 0.385554 0.083257 0.088889
2 0.755233 0.389122 0.083434 0.089094
2 0.755001 0.390886 0.083728 0.089573
2 0.754822 0.394429 0.083997 0.089951
2 0.754363 0.396225 0.083862 0.089742
2 0.753776 0.399047 0.083318 0.088976
2 0.753367 0.400751 0.083675 0.089530
2 0.752848 0.403580 0.083427 0.089243
2 0.752233 0.404872 0.083295 0.088933
2 0.751832 0.407483 0.083287 0.089045
2 0.751326 0.409433 0.083681 0.089537
2 0.750440 0.411536 0.083707 0.089471
2 0.750437 0.412190 0.083970 0.089831
2 0.749952 0.414168 0.084044 0.090020
2 0.749570 0.415966 0.083894 0.089749
2 0.749440 0.416343 0.083650 0.089410
2 0.749441 0.416902 0.083324 0.089010
2 0.749290 0.417424 0.083566 0.089273
2 0.749200 0.417884 0.083717 0.089446
2 0.749375 0.417730 0.083709 0.089453
2 0.749528 0.417724 0.083781 0.089593
2 0.749741 0.417778 0.083922 0.089878
2 0.749897 0.417818 0.083930 0.089904
2 0.750614 0.416717 0.083335 0.089065
2 0.750809 0.416487 0.083518 0.089258
2 0.751617 0.416021 0.084235 0.090268
