2 0.536719 0.466797 0.048438 0.042969
2 0.537215 0.471843 0.032984 0.030341
2 0.538459 0.477178 0.039494 0.037701
2 0.539022 0.482550 0.033480 0.031269
2 0.540288 0.487990 0.034313 0.030974
2 0.541361 0.493423 0.046274 0.041172
2 0.542362 0.498379 0.036193 0.034040
2 0.543734 0.503583 0.033288 0.030739
2 0.544863 0.508892 0.035016 0.032590
2 0.545896 0.513936 0.042088 0.037371
2 0.547415 0.519257 0.041081 0.036676
2 0.548585 0.523754 0.034224 0.032678
2 0.550069 0.528872 0.033680 0.030530
2 0.551446 0.533443 0.031412 0.030318
2 0.552959 0.538361 0.031669 0.029575
2 0.554423 0.542951 0.031975 0.030150
2 0.556034 0.547405 0.033728 0.033054
2 0.557550 0.551854 0.032210 0.030350
2 0.559099 0.556182 0.031718 0.029522
2 0.560673 0.560448 0.031953 0.030010
2 0.562106 0.564739 0.034713 0.033517
2 0.563763 0.569167 0.037848 0.036197
2 0.565256 0.573207 0.040176 0.037947
2 0.566688 0.577435 0.054263 0.050189
2 0.567722 0.581354 0.047185 0.043338
2 0.569219 0.585184 0.046567 0.042451
2 0.570199 0.588851 0.038343 0.035390
2 0.571709 0.592237 0.038785 0.035909
2 0.573059 0.596031 0.044142 0.039852
2 0.574568 0.600104 0.060981 0.054208
2 0.575483 0.603299 0.048880 0.043599
2 0.576691 0.606734 0.044629 0.040491
2 0.578163 0.610020 0.044866 0.041357
2 0.579323 0.613727 0.057122 0.051285
2 0.580796 0.617300 0.059435 0.053488
2 0.582404 0.620672 0.061070 0.054456
2 0.583222 0.623546 0.048188 0.043620
2 0.584516 0.626521 0.041560 0.038495
2 0.586046 0.629814 0.041636 0.039582
2 0.587511 0.632788 0.040419 0.037094
2 0.588989 0.635809 0.042008 0.039123
2 0.590446 0.638727 0.040658 0.036940
2 0.591898 0.641800 0.042871 0.039358
2 0.593468 0.644594 0.041306 0.037590
2 0.595050 0.647394 0.043717 0.041008
2 0.596578 0.650305 0.041960 0.037675
2 0.598072 0.653283 0.049264 0.045336
2 0.599542 0.655833 0.043059 0.038542
2 0.600934 0.658578 0.054889 0.049136
2 0.602437 0.660943 0.055022 0.049615
2 0.603967 0.663446 0.054628 0.048864
2 0.605269 0.665732 0.051234 0.046456
2 0.606460 0.667386 0.045105 0.041272
2 0.607739 0.668810 0.043471 0.040393
2 0.609014 0.669920 0.050136 0.047268
2 0.609736 0.670681 0.050805 0.047157
2 0.615895 0.674672 0.034375 0.031250
2 0.616747 0.679879 0.042188 0.039062
2 0.620798 0.678412 0.032813 0.031250
2 0.615790 0.680342 0.037500 0.035156
2 0.619177 0.679120 0.040625 0.037109
2 0.624031 0.680801 0.034375 0.031250
2 0.620190 0.676296 0.069627 0.061271
2 0.625908 0.680322 0.055849 0.047362
2 0.621939 0.677713 0.052072 0.046724
2 0.622695 0.675358 0.062275 0.051432
2 0.624792 0.679986 0.048710 0.045106
2 0.627004 0.677373 0.063025 0.050332
2 0.626491 0.680708 0.052338 0.049517
2 0.626773 0.679013 0.049432 0.044122
2 0.626919 0.676691 0.067882 0.057553
2 0.627914 0.678721 0.047150 0.041780
2 0.628647 0.678519 0.048027 0.042184
2 0.629058 0.679478 0.058918 0.054906
2 0.631863 0.677505 0.055651 0.044210
2 0.632812 0.676758 0.037500 0.029297
2 0.635156 0.676758 0.042188 0.029297
2 0.636719 0.673828 0.039062 0.035156
2 0.637500 0.673828 0.037500 0.023438
2 0.637500 0.670898 0.037500 0.033203
2 0.639062 0.667969 0.040625 0.035156
2 0.640625 0.666992 0.034375 0.033203
2 0.639844 0.666992 0.035937 0.033203
2 0.641406 0.665039 0.039062 0.029297
2 0.642188 0.664062 0.037500 0.031250
2 0.641406 0.661133 0.035937 0.025391
2 0.640625 0.656250 0.037500 0.035156
2 0.640625 0.654297 0.037500 0.031250
2 0.641406 0.652344 0.035937 0.035156
2 0.645312 0.648438 0.043750 0.027344
2 0.645312 0.643555 0.043750 0.037109
2 0.644531 0.640625 0.042188 0.031250
2 0.644531 0.638672 0.042188 0.035156
2 0.646094 0.636719 0.045312 0.031250
2 0.648438 0.630859 0.040625 0.042969
2 0.648438 0.627930 0.040625 0.037109
2 0.645312 0.626953 0.046875 0.039062
2 0.646875 0.625000 0.050000 0.035156
2 0.650000 0.625977 0.043750 0.033203
2 0.650781 0.625977 0.045312 0.033203
2 0.649219 0.619141 0.048438 0.046875
2 0.647656 0.617188 0.045312 0.042969
2 0.647656 0.618164 0.045312 0.041016
2 0.647656 0.618164 0.045312 0.041016
2 0.650000 0.616211 0.040625 0.044922
2 0.650781 0.613281 0.042188 0.039062
2 0.652344 0.612305 0.039062 0.041016
2 0.653906 0.610352 0.042188 0.037109
2 0.653906 0.609375 0.042188 0.039062
2 0.655469 0.608398 0.045312 0.037109
2 0.656250 0.608398 0.043750 0.037109
2 0.657813 0.608398 0.050000 0.037109
2 0.656250 0.607422 0.053125 0.035156
2 0.653906 0.607422 0.048438 0.035156
2 0.657813 0.607422 0.043750 0.035156
2 0.655469 0.609375 0.039062 0.039062
2 0.655469 0.609375 0.039062 0.035156
2 0.657813 0.608398 0.043750 0.033203
2 0.656891 0.607879 0.041906 0.039978
2 0.660156 0.608398 0.045312 0.037109
2 0.657031 0.609375 0.048438 0.035156
2 0.658594 0.610352 0.045312 0.033203
2 0.661719 0.613281 0.054688 0.039062
2 0.664062 0.614258 0.050000 0.037109
2 0.663281 0.614258 0.048438 0.037109
2 0.664062 0.616211 0.046875 0.033203
2 0.662500 0.619141 0.043750 0.039062
2 0.662500 0.618164 0.043750 0.041016
2 0.664844 0.619141 0.048438 0.042969
2 0.663281 0.622070 0.051562 0.037109
2 0.660156 0.625000 0.045312 0.042969
2 0.662500 0.627930 0.040625 0.037109
2 0.663281 0.626953 0.042188 0.035156
2 0.661719 0.626953 0.039062 0.035156
2 0.664062 0.632812 0.043750 0.046875
2 0.664062 0.634766 0.043750 0.042969
2 0.663281 0.631836 0.042188 0.041016
2 0.663281 0.634766 0.042188 0.035156
2 0.663281 0.636719 0.042188 0.039062
2 0.664844 0.641602 0.039062 0.029297
2 0.666406 0.644531 0.042188 0.035156
2 0.669531 0.643555 0.039062 0.037109
2 0.668750 0.644531 0.040625 0.042969
2 0.667969 0.643555 0.042188 0.044922
2 0.666406 0.642578 0.039062 0.042969
2 0.667187 0.643555 0.040625 0.037109
2 0.669531 0.646484 0.045312 0.042969
2 0.670312 0.647461 0.043750 0.041016
2 0.669531 0.646484 0.042188 0.039062
2 0.669531 0.648438 0.042188 0.035156
2 0.668750 0.651367 0.040625 0.041016
2 0.667969 0.652344 0.042188 0.039062
2 0.666406 0.651367 0.039062 0.037109
2 0.661719 0.648438 0.045312 0.039062
2 0.664062 0.651367 0.050000 0.044922
2 0.667187 0.652344 0.043750 0.042969
2 0.666406 0.650391 0.042188 0.039062
2 0.665625 0.648438 0.043750 0.042969
2 0.665625 0.647461 0.043750 0.041016
2 0.668750 0.649414 0.040625 0.037109
2 0.667969 0.650391 0.042188 0.042969
2 0.669531 0.649414 0.039062 0.041016
2 0.666406 0.648438 0.032813 0.039062
2 0.666406 0.650391 0.045312 0.035156
2 0.666131 0.646627 0.049195 0.029297
2 0.664959 0.643974 0.042167 0.040996
2 0.667302 0.644706 0.039824 0.039531
2 0.668473 0.643242 0.042167 0.030747
2 0.666716 0.641045 0.048023 0.043924
2 0.666716 0.642509 0.045681 0.040996
2 0.665545 0.640313 0.043338 0.036603
2 0.664374 0.635921 0.055051 0.036603
2 0.663689 0.636627 0.039509 0.045469
2 0.663323 0.634800 0.030648 0.035458
2 0.663035 0.632792 0.027951 0.032375
2 0.662675 0.631020 0.029906 0.034528
2 0.662548 0.629315 0.033377 0.038432
2 0.662119 0.627863 0.045047 0.051606
2 0.661728 0.625513 0.034640 0.039927
2 0.661443 0.623404 0.030457 0.035155
2 0.661407 0.621429 0.030303 0.034868
2 0.661005 0.619565 0.034792 0.039870
2 0.661065 0.617277 0.034049 0.038310
2 0.660548 0.615514 0.039958 0.044978
2 0.660251 0.612710 0.029972 0.033879
2 0.660084 0.610347 0.027283 0.031007
2 0.659869 0.607918 0.026046 0.029504
2 0.659768 0.605583 0.026493 0.029992
2 0.659552 0.603292 0.029130 0.032954
2 0.659387 0.601222 0.037997 0.042856
2 0.658901 0.598811 0.039456 0.044330
2 0.658670 0.595937 0.032409 0.036459
2 0.658286 0.593498 0.031231 0.035309
2 0.657763 0.591306 0.040103 0.045264
2 0.657546 0.588742 0.035142 0.038675
2 0.657467 0.585992 0.034272 0.037856
2 0.656954 0.583161 0.026266 0.029130
2 0.656892 0.580566 0.024006 0.025713
2 0.656631 0.577958 0.026867 0.028632
2 0.656229 0.575754 0.037175 0.039962
2 0.655886 0.572419 0.026234 0.027955
2 0.655341 0.569435 0.024026 0.026167
2 0.655155 0.566547 0.023775 0.025357
2 0.655068 0.564032 0.027510 0.029436
2 0.654388 0.561029 0.028902 0.031269
2 0.654075 0.557973 0.026597 0.028547
2 0.653416 0.555591 0.037612 0.040375
2 0.653111 0.553151 0.048948 0.052247
2 0.652812 0.549732 0.040396 0.043248
2 0.652382 0.546048 0.034055 0.036983
2 0.651922 0.543174 0.035545 0.038442
2 0.651478 0.540256 0.044952 0.048105
2 0.650809 0.536751 0.034175 0.037515
2 0.650755 0.533342 0.030805 0.033753
2 0.650159 0.530549 0.037753 0.041092
2 0.649826 0.527418 0.042779 0.046352
2 0.649217 0.523626 0.031201 0.034087
2 0.648874 0.520196 0.032030 0.035033
2 0.647948 0.517046 0.035874 0.039385
2 0.647696 0.513259 0.032350 0.035637
2 0.647278 0.509887 0.032907 0.035839
2 0.646564 0.506482 0.037339 0.040364
2 0.646087 0.502564 0.029390 0.032298
2 0.645487 0.499471 0.035350 0.038956
2 0.645015 0.496272 0.036219 0.039253
2 0.644606 0.492506 0.029319 0.031922
2 0.643865 0.489412 0.034958 0.037887
2 0.643060 0.486206 0.028759 0.031514
2 0.642415 0.483293 0.032610 0.035354
2 0.641675 0.480414 0.030519 0.033175
2 0.641295 0.477254 0.027680 0.030191
2 0.640667 0.475114 0.038419 0.040939
2 0.640138 0.472022 0.032257 0.035205
2 0.639845 0.469044 0.026588 0.028838
2 0.639224 0.467083 0.033190 0.035773
2 0.638758 0.464786 0.032983 0.035558
2 0.638062 0.462085 0.027825 0.030832
2 0.637399 0.460587 0.036577 0.039511
2 0.636926 0.458085 0.028242 0.031220
2 0.636294 0.456244 0.033566 0.037096
2 0.635948 0.454782 0.043033 0.046543
2 0.635432 0.452574 0.037835 0.041349
2 0.634851 0.451185 0.035892 0.038369
2 0.634563 0.449637 0.045002 0.048306
2 0.633829 0.447736 0.035680 0.038042
2 0.633181 0.446477 0.040713 0.043675
2 0.632593 0.445289 0.044973 0.048265
2 0.632016 0.443591 0.036686 0.039127
2 0.631614 0.442838 0.044629 0.047863
2 0.630616 0.441568 0.039234 0.041987
2 0.630247 0.440501 0.039722 0.042499
2 0.629450 0.439596 0.046856 0.050512
2 0.628723 0.438482 0.040089 0.042855
2 0.628148 0.438268 0.055847 0.060245
2 0.627221 0.436789 0.037985 0.040601
2 0.626498 0.436995 0.054085 0.057937
2 0.625800 0.435556 0.035554 0.037893
2 0.624995 0.435499 0.048924 0.052591
2 0.624612 0.434538 0.037231 0.039751
2 0.623818 0.434187 0.037062 0.039628
2 0.623094 0.434091 0.037478 0.040072
2 0.622371 0.433523 0.034936 0.037320
2 0.621568 0.433698 0.039606 0.042411
2 0.620875 0.433255 0.035360 0.037999
2 0.620427 0.433717 0.047107 0.050533
2 0.619588 0.433215 0.035580 0.038096
2 0.619199 0.433352 0.038453 0.041025
2 0.618370 0.433521 0.040668 0.043437
2 0.617963 0.433519 0.037368 0.039904
2 0.617345 0.434689 0.054206 0.058588
2 0.616854 0.434374 0.045864 0.049425
2 0.616485 0.434610 0.041288 0.044549
2 0.615747 0.435620 0.055096 0.059524
2 0.615624 0.436173 0.055396 0.059738
2 0.615184 0.435914 0.038294 0.041520
2 0.614853 0.436343 0.037441 0.040623
2 0.614518 0.437021 0.041590 0.045172
2 0.614387 0.438041 0.043971 0.047769
2 0.614349 0.438592 0.046071 0.049885
2 0.613931 0.439405 0.047510 0.051198
2 0.613916 0.440398 0.046765 0.050515
2 0.613890 0.441152 0.047198 0.050701
2 0.613878 0.442209 0.048177 0.051655
2 0.613883 0.442842 0.048437 0.052119
2 0.613900 0.443886 0.048716 0.052409
2 0.614327 0.444762 0.046782 0.050366
2 0.614665 0.445370 0.036923 0.039880
2 0.614707 0.446202 0.036109 0.039110
2 0.615091 0.447294 0.036588 0.039646
2 0.615440 0.448794 0.045167 0.048675
2 0.615875 0.449917 0.046244 0.049875
2 0.616310 0.450602 0.035934 0.038763
2 0.616705 0.451760 0.038736 0.041878
2 0.617195 0.453537 0.057884 0.062241
2 0.617970 0.454133 0.040491 0.043782
2 0.618308 0.455285 0.043844 0.047449
2 0.619044 0.456681 0.045751 0.049040
2 0.619727 0.457512 0.039437 0.042412
2 0.620494 0.459063 0.050502 0.054464
2 0.621096 0.459732 0.038337 0.041253
2 0.621493 0.461391 0.044043 0.047511
2 0.622259 0.462419 0.045388 0.048865
2 0.622734 0.463575 0.039549 0.042513
2 0.623385 0.465283 0.057039 0.061829
2 0.623663 0.466550 0.055587 0.060090
2 0.624541 0.467177 0.045661 0.049229
2 0.624880 0.468584 0.054810 0.059289
2 0.625533 0.469583 0.047553 0.051281
2 0.625856 0.470406 0.043825 0.047237
2 0.626037 0.471632 0.044211 0.047605
2 0.626575 0.473512 0.059547 0.064585
2 0.627282 0.473777 0.045598 0.049079
2 0.627498 0.474841 0.046388 0.050132
2 0.628449 0.476272 0.055208 0.059747
2 0.628733 0.476877 0.047699 0.051440
2 0.628784 0.477871 0.045469 0.048890
2 0.629138 0.479003 0.045737 0.049167
2 0.629492 0.480163 0.054480 0.058797
2 0.629867 0.481330 0.058775 0.063423
2 0.630093 0.481819 0.047946 0.051146
2 0.630162 0.482733 0.046360 0.049430
2 0.630469 0.483398 0.042188 0.044922
