2 0.304507 0.107163 0.047435 0.041658
2 0.304898 0.123840 0.046872 0.041854
2 0.304935 0.132177 0.046227 0.041252
2 0.304908 0.148661 0.045552 0.040658
2 0.304749 0.165105 0.047208 0.041896
2 0.304231 0.181772 0.047641 0.042243
2 0.303955 0.197971 0.046744 0.040541
2 0.303164 0.214120 0.046700 0.041715
2 0.302862 0.222006 0.046915 0.040639
2 0.301832 0.238041 0.045640 0.041248
2 0.301011 0.253741 0.047325 0.041746
2 0.300533 0.261162 0.045984 0.040889
2 0.299365 0.276415 0.047609 0.041328
2 0.298630 0.283989 0.046848 0.042295
2 0.297313 0.298615 0.045354 0.040491
2 0.296633 0.305934 0.047021 0.040768
2 0.295147 0.320116 0.045250 0.039200
2 0.293343 0.333853 0.046619 0.040734
2 0.292480 0.340458 0.046869 0.042806
2 0.290811 0.353667 0.045930 0.041813
2 0.289860 0.360054 0.046438 0.040412
2 0.288062 0.372366 0.046496 0.041167
2 0.287250 0.378507 0.046641 0.040862
2 0.285662 0.389154 0.046788 0.041169
2 0.284693 0.394391 0.045792 0.041005
2 0.283431 0.404333 0.044809 0.038975
2 0.282213 0.414358 0.046138 0.040480
2 0.281931 0.419142 0.047071 0.041928
2 0.280914 0.428132 0.045335 0.038980
2 0.281005 0.432211 0.046202 0.039725
2 0.280498 0.440669 0.047047 0.040846
2 0.280315 0.444555 0.047095 0.041361
2 0.280535 0.452893 0.046055 0.040153
2 0.280921 0.456546 0.046686 0.040852
2 0.282075 0.464215 0.046209 0.039873
2 0.283777 0.471701 0.046948 0.040663
2 0.284454 0.474997 0.046175 0.041321
2 0.286522 0.482220 0.045184 0.039665
2 0.287718 0.485877 0.045800 0.041012
2 0.290571 0.492178 0.045382 0.040066
2 0.291765 0.495406 0.046352 0.039951
2 0.295047 0.500697 0.046609 0.040519
2 0.296561 0.503685 0.045745 0.039623
2 0.299861 0.508238 0.046564 0.042782
2 0.301504 0.510560 0.049151 0.045949
2 0.304930 0.514963 0.047944 0.045472
2 0.308121 0.518921 0.048874 0.046456
2 0.309683 0.520579 0.050723 0.048419
2 0.312932 0.524532 0.051949 0.049608
2 0.314605 0.525885 0.051007 0.048387
2 0.317572 0.529350 0.048944 0.046206
2 0.320699 0.531790 0.050907 0.048190
2 0.323455 0.534623 0.049669 0.046513
2 0.324875 0.535453 0.049051 0.045459
2 0.327326 0.537809 0.050682 0.046963
2 0.330092 0.539443 0.049437 0.047369
2 0.331327 0.540596 0.048440 0.046303
2 0.333612 0.542653 0.048514 0.044704
2 0.334655 0.543043 0.048807 0.046823
2 0.336612 0.544594 0.048708 0.045542
2 0.337456 0.545060 0.048864 0.046433
2 0.339259 0.546052 0.050313 0.048596
2 0.340795 0.546824 0.048491 0.046675
2 0.341592 0.547337 0.049249 0.044733
2 0.343133 0.547889 0.050882 0.046510
2 0.343706 0.548423 0.048930 0.046301
2 0.344812 0.548361 0.048778 0.044115
2 0.345260 0.548447 0.048650 0.045829
2 0.346516 0.548645 0.048038 0.043311
2 0.347066 0.548352 0.049083 0.046842
2 0.348186 0.548497 0.048237 0.043958
2 0.349442 0.548177 0.049116 0.044048
2 0.350780 0.547816 0.051672 0.047831
2 0.351444 0.547287 0.049810 0.046105
2 0.353035 0.546284 0.050806 0.047350
2 0.353747 0.546002 0.052611 0.049621
2 0.355568 0.544606 0.049211 0.044661
2 0.356525 0.543995 0.052850 0.050701
2 0.358466 0.542582 0.050516 0.047486
2 0.359651 0.541739 0.054155 0.052550
2 0.361932 0.540346 0.050581 0.046101
2 0.362942 0.539116 0.051441 0.049440
2 0.365588 0.537282 0.051342 0.048721
2 0.366812 0.536346 0.051544 0.047187
2 0.369619 0.533901 0.052935 0.049457
2 0.371221 0.532735 0.050208 0.046155
2 0.374183 0.530121 0.053564 0.050869
2 0.377497 0.527254 0.049492 0.045195
2 0.379056 0.526056 0.052580 0.048643
2 0.382619 0.522594 0.052501 0.048797
2 0.384277 0.521058 0.050931 0.048061
2 0.388092 0.517502 0.050815 0.048311
2 0.391626 0.513690 0.049791 0.045455
2 0.393690 0.511807 0.051331 0.048591
2 0.397662 0.507821 0.050940 0.047435
2 0.401474 0.503934 0.051206 0.048410
2 0.403545 0.501671 0.051819 0.050079
2 0.405931 0.499812 0.050417 0.046259
2 0.410430 0.495535 0.051785 0.047544
2 0.415016 0.491066 0.054368 0.050736
2 0.419285 0.486171 0.052085 0.049983
2 0.421774 0.483736 0.052714 0.049971
2 0.426534 0.478895 0.053643 0.051774
2 0.428700 0.476352 0.051279 0.049366
2 0.433512 0.470876 0.051723 0.048595
2 0.438051 0.465596 0.055501 0.053619
2 0.442412 0.460183 0.053992 0.052140
2 0.444752 0.457111 0.051117 0.046817
2 0.449234 0.451650 0.053848 0.050859
2 0.453205 0.445700 0.053630 0.051581
2 0.455077 0.443275 0.051478 0.049571
2 0.458873 0.437403 0.051478 0.047371
2 0.460630 0.434575 0.054381 0.050495
2 0.464163 0.428798 0.053458 0.051471
2 0.466883 0.423523 0.051541 0.047649
2 0.468455 0.420746 0.054618 0.050638
2 0.470802 0.415198 0.052853 0.050874
2 0.473154 0.410250 0.051490 0.047803
2 0.474930 0.404572 0.051909 0.049609
2 0.476421 0.399911 0.050904 0.048325
2 0.477076 0.397226 0.053905 0.052182
2 0.478162 0.392210 0.050688 0.048887
2 0.478654 0.387154 0.052939 0.051099
2 0.479033 0.382427 0.051336 0.047660
2 0.479248 0.377650 0.053555 0.049533
2 0.479079 0.374794 0.050574 0.046544
2 0.478738 0.370072 0.054230 0.051956
2 0.478202 0.364532 0.052789 0.050605
2 0.478109 0.361755 0.053787 0.050484
2 0.477366 0.356435 0.054858 0.051304
2 0.476845 0.353546 0.052857 0.050479
2 0.476044 0.348077 0.054212 0.049641
2 0.475475 0.345043 0.054084 0.051796
2 0.474366 0.339097 0.054325 0.049971
2 0.473545 0.336213 0.053586 0.050902
2 0.472308 0.329996 0.052733 0.050256
2 0.470767 0.324103 0.052558 0.050051
2 0.470313 0.320823 0.055450 0.052259
2 0.468760 0.314603 0.052874 0.049547
2 0.467114 0.308170 0.052246 0.048741
2 0.466115 0.305128 0.053807 0.051512
2 0.464301 0.298306 0.052462 0.050195
2 0.463692 0.294979 0.051463 0.046585
2 0.461825 0.287730 0.053943 0.049674
2 0.461050 0.284215 0.054357 0.051433
2 0.458268 0.273408 0.051917 0.049019
2 0.457574 0.269845 0.052253 0.047296
2 0.455702 0.262417 0.054498 0.049705
2 0.454366 0.259042 0.053488 0.048087
2 0.452608 0.251833 0.051199 0.045739
2 0.451709 0.247893 0.051621 0.048701
2 0.450737 0.244596 0.053739 0.050119
2 0.448554 0.237297 0.054329 0.051447
2 0.446636 0.230317 0.050997 0.045627
2 0.445563 0.226683 0.052605 0.050089
2 0.443629 0.219291 0.054185 0.049485
2 0.442610 0.215653 0.055131 0.052677
2 0.439425 0.204634 0.052628 0.049926
2 0.437251 0.197870 0.055087 0.049854
2 0.435047 0.190571 0.054475 0.051019
2 0.433829 0.187371 0.052277 0.046920
2 0.431422 0.179998 0.054122 0.051485
2 0.428986 0.173336 0.052798 0.048340
2 0.427857 0.169917 0.052101 0.046849
2 0.425178 0.162718 0.055577 0.053433
2 0.424197 0.159436 0.053647 0.050254
2 0.421537 0.152682 0.053351 0.048465
2 0.418957 0.145414 0.055219 0.052893
2 0.417697 0.142074 0.052771 0.050068
2 0.415092 0.135172 0.053839 0.049007
2 0.412420 0.128347 0.053070 0.049205
2 0.411229 0.124832 0.052249 0.049718
2 0.408578 0.117792 0.055046 0.051668
2 0.407319 0.114855 0.052114 0.046798
2 0.404428 0.107996 0.054127 0.049078
2 0.401781 0.101698 0.052360 0.049786
2 0.400130 0.098436 0.054601 0.052052
2 0.398799 0.095271 0.052071 0.049877
2 0.396153 0.089692 0.051613 0.047577
2 0.394985 0.086727 0.054339 0.049222
2 0.392087 0.081407 0.052534 0.048447
2 0.389168 0.076020 0.052117 0.049282
2 0.387976 0.073697 0.052566 0.049835
2 0.385054 0.069243 0.055115 0.051654
2 0.383507 0.067071 0.055006 0.051458
2 0.380900 0.063150 0.054384 0.048655
2 0.378123 0.059137 0.054769 0.051135
2 0.376737 0.057401 0.055577 0.052606
2 0.373694 0.054476 0.052721 0.049705
2 0.372672 0.053076 0.053915 0.049653
2 0.369707 0.050745 0.051745 0.046203
2 0.368112 0.049821 0.055101 0.050198
2 0.365446 0.047699 0.055268 0.049654
2 0.363802 0.046788 0.051872 0.046425
2 0.360855 0.045654 0.055077 0.050322
2 0.357938 0.044276 0.052751 0.049532
2 0.356599 0.044321 0.052758 0.049721
2 0.353603 0.043711 0.054741 0.051645
2 0.351900 0.043806 0.054744 0.051775
2 0.350643 0.043924 0.054441 0.050666
2 0.347815 0.044271 0.052461 0.046968
2 0.344620 0.045180 0.051835 0.046500
2 0.343049 0.045430 0.053151 0.047645
2 0.340201 0.047011 0.051111 0.044307
2 0.337154 0.048385 0.051637 0.044889
2 0.335803 0.049239 0.052293 0.046169
2 0.332924 0.050854 0.052588 0.048177
2 0.330257 0.052606 0.052449 0.048260
2 0.329382 0.053972 0.052797 0.046546
2 0.326774 0.056202 0.053482 0.049866
2 0.325656 0.057488 0.056625 0.053226
2 0.323522 0.059742 0.054411 0.050428
2 0.322687 0.061160 0.054833 0.050367
2 0.320979 0.063621 0.054986 0.051506
2 0.320420 0.065244 0.056171 0.052839
2 0.319119 0.067706 0.053957 0.051033
2 0.318724 0.069552 0.053136 0.048891
2 0.318015 0.072471 0.051402 0.046504
2 0.317904 0.075890 0.051408 0.047090
2 0.317805 0.077748 0.052629 0.049079
2 0.317941 0.080704 0.055854 0.052405
2 0.318417 0.082979 0.053693 0.048132
2 0.319078 0.086422 0.056049 0.053606
2 0.319417 0.088383 0.054223 0.050621
2 0.320783 0.092824 0.053600 0.050599
2 0.322213 0.097045 0.050708 0.047146
2 0.322885 0.098961 0.049961 0.044059
2 0.324719 0.103297 0.049288 0.043457
2 0.325350 0.105400 0.050967 0.047372
2 0.327721 0.110657 0.050833 0.045098
2 0.328637 0.112456 0.052167 0.048796
2 0.331933 0.120013 0.052119 0.047789
2 0.334464 0.125076 0.049883 0.045966
2 0.336946 0.130704 0.047700 0.041028
2 0.339565 0.135833 0.051775 0.048327
2 0.341005 0.138542 0.049959 0.046544
2 0.343418 0.144570 0.047659 0.041116
2 0.344934 0.146949 0.048656 0.042143
2 0.347456 0.153845 0.049646 0.045480
2 0.349101 0.156601 0.050866 0.046611
2 0.351876 0.163091 0.052782 0.049844
2 0.354957 0.169673 0.050275 0.047034
2 0.356503 0.173178 0.051116 0.047935
2 0.359538 0.179985 0.051494 0.048209
2 0.361044 0.183591 0.050385 0.046841
2 0.364143 0.190859 0.050663 0.046973
2 0.365780 0.194871 0.050416 0.046963
2 0.368938 0.201967 0.053034 0.049819
2 0.370630 0.205908 0.053317 0.050282
2 0.373813 0.213595 0.053493 0.050403
2 0.375536 0.217488 0.053341 0.050001
2 0.378598 0.225727 0.051969 0.048470
2 0.380092 0.229328 0.053074 0.049655
2 0.382967 0.237062 0.053257 0.049439
2 0.384252 0.241486 0.051545 0.045122
2 0.386963 0.249088 0.052509 0.045995
2 0.389508 0.257060 0.051436 0.047514
2 0.392189 0.264829 0.051411 0.046261
2 0.393425 0.269296 0.049636 0.042758
2 0.395653 0.276892 0.050036 0.045778
2 0.397005 0.280778 0.049855 0.045094
2 0.399019 0.288926 0.049399 0.044361
2 0.400445 0.292761 0.049437 0.044676
2 0.402313 0.300714 0.049040 0.042814
2 0.403489 0.304339 0.049697 0.045326
2 0.405208 0.311731 0.050873 0.046085
2 0.406410 0.315541 0.051142 0.046004
2 0.408508 0.322814 0.050741 0.044961
2 0.409410 0.326253 0.048806 0.042992
2 0.411336 0.333993 0.049151 0.044539
2 0.412512 0.337488 0.048903 0.043172
2 0.414375 0.344455 0.051243 0.046783
2 0.416154 0.351694 0.049180 0.044164
2 0.416972 0.355303 0.050057 0.043566
2 0.418713 0.362536 0.050637 0.043690
2 0.420325 0.369143 0.048784 0.043198
2 0.422021 0.376162 0.050497 0.045574
2 0.423617 0.382989 0.049699 0.044162
2 0.424389 0.386514 0.051002 0.044584
2 0.425767 0.392665 0.049672 0.043191
2 0.427293 0.398638 0.049669 0.043313
2 0.428190 0.401620 0.050932 0.044911
2 0.429459 0.407584 0.051530 0.044700
2 0.429986 0.409961 0.049260 0.044123
2 0.431170 0.415524 0.049771 0.043034
2 0.432328 0.420423 0.051212 0.044303
2 0.432712 0.422795 0.052403 0.045505
2 0.433687 0.427228 0.050099 0.043380
2 0.434381 0.431816 0.049778 0.043641
2 0.434804 0.433720 0.050051 0.045033
2 0.435618 0.437758 0.050976 0.044383
2 0.435924 0.439672 0.050151 0.043952
2 0.436324 0.442738 0.050770 0.046193
2 0.436815 0.444748 0.050434 0.043942
2 0.437216 0.447583 0.050803 0.044002
2 0.437295 0.448986 0.050358 0.043571
2 0.437426 0.451465 0.050554 0.044048
2 0.437734 0.452803 0.050136 0.045435
2 0.437682 0.455114 0.050300 0.045237
2 0.437844 0.456206 0.052125 0.047310
2 0.437826 0.458276 0.051430 0.046602
2 0.437815 0.459820 0.053254 0.048298
2 0.437754 0.460818 0.050286 0.045167
2 0.437616 0.462299 0.051304 0.045667
2 0.437390 0.463355 0.051612 0.044482
2 0.437302 0.464211 0.052915 0.046183
2 0.437104 0.464932 0.052411 0.046280
2 0.436815 0.465235 0.051135 0.044009
2 0.436446 0.466198 0.051239 0.045819
2 0.436107 0.466441 0.050123 0.044190
2 0.435938 0.466797 0.050000 0.042969
