2 0.549327 0.669427 0.039062 0.033203
2 0.548782 0.668613 0.042188 0.035156
2 0.547240 0.669027 0.046875 0.041016
2 0.549583 0.673419 0.046875 0.041016
2 0.547161 0.671866 0.046875 0.041016
2 0.549905 0.669148 0.046875 0.041016
2 0.548469 0.669941 0.046875 0.041016
2 0.549700 0.665470 0.046875 0.041016
2 0.548436 0.665614 0.046875 0.041016
2 0.549608 0.665614 0.046875 0.041016
2 0.549970 0.667554 0.048438 0.041016
2 0.550364 0.668028 0.039062 0.031250
2 0.548382 0.668435 0.039062 0.031250
2 0.551613 0.669518 0.046875 0.039062
2 0.551810 0.667518 0.046875 0.037109
2 0.550748 0.668525 0.050000 0.042969
2 0.550950 0.663776 0.046875 0.041016
2 0.550692 0.664984 0.046875 0.041016
2 0.551432 0.665248 0.042188 0.033203
2 0.553108 0.659887 0.046875 0.041016
2 0.553679 0.659636 0.048438 0.041016
2 0.552852 0.661132 0.046875 0.039062
2 0.555461 0.659938 0.042188 0.035156
2 0.554289 0.661403 0.042188 0.035156
2 0.553634 0.660303 0.042188 0.033203
2 0.558669 0.655988 0.042188 0.035156
2 0.558669 0.660381 0.042188 0.035156
2 0.556593 0.654988 0.045312 0.035156
2 0.559382 0.657822 0.045312 0.035156
2 0.558211 0.654894 0.045312 0.035156
2 0.562125 0.654934 0.053125 0.046875
2 0.558416 0.656453 0.045312 0.037109
2 0.561036 0.649729 0.050000 0.042969
2 0.563721 0.650737 0.046875 0.039062
2 0.564450 0.650335 0.051562 0.046875
2 0.562327 0.648997 0.048438 0.039062
2 0.565011 0.647872 0.045312 0.039062
2 0.566815 0.643740 0.046875 0.039062
2 0.564239 0.650632 0.045312 0.039062
2 0.569071 0.647280 0.045312 0.037109
2 0.568119 0.645517 0.046875 0.039062
2 0.568764 0.641865 0.046875 0.041016
2 0.568203 0.641881 0.048438 0.042969
2 0.570474 0.641095 0.046875 0.039062
2 0.570853 0.639892 0.053125 0.046875
2 0.569967 0.641964 0.045312 0.037109
2 0.571727 0.636187 0.056250 0.048828
2 0.572106 0.636372 0.043750 0.035156
2 0.572958 0.634034 0.050000 0.042969
2 0.572315 0.636929 0.043750 0.035156
2 0.573272 0.634075 0.051562 0.042969
2 0.573695 0.632252 0.054688 0.044922
2 0.573771 0.628060 0.048438 0.041016
2 0.575351 0.627873 0.046875 0.039062
2 0.574309 0.619707 0.052786 0.046800
2 0.574822 0.618641 0.047303 0.038414
2 0.574833 0.617187 0.051238 0.041587
2 0.575077 0.616109 0.053815 0.047894
2 0.575107 0.614666 0.053069 0.047464
2 0.575315 0.613445 0.055114 0.044463
2 0.575344 0.612059 0.053963 0.046524
2 0.575359 0.610743 0.052737 0.046539
2 0.575408 0.609600 0.054924 0.045150
2 0.575515 0.608362 0.050891 0.044114
2 0.575595 0.606932 0.049590 0.042753
2 0.575591 0.605624 0.052270 0.042997
2 0.575614 0.604345 0.049738 0.042986
2 0.575674 0.602933 0.045459 0.038565
2 0.575717 0.601696 0.049944 0.042331
2 0.575686 0.600466 0.045461 0.038070
2 0.575807 0.598999 0.043209 0.035883
2 0.575735 0.597958 0.050819 0.045876
2 0.575840 0.596683 0.041740 0.034386
2 0.575857 0.595282 0.041511 0.033288
2 0.576142 0.594018 0.048398 0.043670
2 0.576277 0.592615 0.041930 0.033840
2 0.576479 0.590992 0.044603 0.037383
2 0.576348 0.590011 0.052373 0.047703
2 0.576854 0.588363 0.053548 0.046949
2 0.576995 0.586954 0.047733 0.040279
2 0.576976 0.585641 0.047806 0.038722
2 0.576999 0.584079 0.053248 0.046346
2 0.576984 0.582792 0.047212 0.037924
2 0.576974 0.581351 0.047357 0.039800
2 0.576881 0.580074 0.050850 0.043069
2 0.577089 0.578872 0.045582 0.036762
2 0.577222 0.577361 0.043757 0.036398
2 0.577375 0.575854 0.042953 0.035340
2 0.577295 0.574569 0.049862 0.044644
2 0.577321 0.573202 0.041630 0.033768
2 0.577372 0.571753 0.041579 0.033322
2 0.577341 0.570891 0.047987 0.042185
2 0.577402 0.569212 0.043457 0.035328
2 0.577646 0.568081 0.045053 0.037702
2 0.577818 0.566838 0.052605 0.047751
2 0.577899 0.565194 0.045847 0.038722
2 0.577878 0.564189 0.045805 0.038418
2 0.578313 0.562783 0.053515 0.047469
2 0.578764 0.561413 0.043790 0.035500
2 0.578667 0.560252 0.045233 0.037896
2 0.578489 0.559018 0.054462 0.049889
2 0.578717 0.557569 0.042729 0.035238
2 0.579319 0.556037 0.041062 0.033779
2 0.579371 0.554669 0.048875 0.044270
2 0.579374 0.553640 0.041575 0.034909
2 0.579371 0.552048 0.040413 0.032906
2 0.579588 0.551072 0.052294 0.048050
2 0.580587 0.549716 0.042113 0.035168
2 0.580692 0.548308 0.041920 0.034498
2 0.580795 0.546754 0.046352 0.040723
2 0.580909 0.545465 0.047838 0.042918
2 0.581439 0.544002 0.046511 0.038600
2 0.581582 0.542516 0.046372 0.038247
2 0.581708 0.541261 0.051855 0.045150
2 0.581649 0.539657 0.048262 0.039711
2 0.581714 0.538240 0.046272 0.038366
2 0.582109 0.536339 0.042791 0.034493
2 0.582180 0.534950 0.045507 0.038418
2 0.582315 0.533661 0.049263 0.043767
2 0.582377 0.531913 0.046936 0.040136
2 0.582363 0.530252 0.044020 0.036273
2 0.582621 0.528296 0.044250 0.035417
2 0.582637 0.527015 0.045670 0.036902
2 0.582556 0.525264 0.047910 0.040105
2 0.582671 0.523954 0.050807 0.043349
2 0.582771 0.521991 0.050907 0.042708
2 0.582805 0.520452 0.047283 0.039374
2 0.582866 0.518578 0.049329 0.041894
2 0.583109 0.516758 0.051192 0.044183
2 0.583032 0.515383 0.051061 0.042443
2 0.583139 0.513496 0.050198 0.041382
2 0.583143 0.511632 0.050484 0.041819
2 0.583139 0.509731 0.050668 0.041785
2 0.583174 0.507894 0.050829 0.041426
2 0.583099 0.506029 0.051430 0.041756
2 0.583130 0.504099 0.051201 0.041679
2 0.583052 0.502150 0.051695 0.042303
2 0.583002 0.500011 0.051279 0.043183
2 0.583246 0.498021 0.048287 0.041347
2 0.583105 0.496155 0.049462 0.041694
2 0.583105 0.493700 0.049730 0.045504
2 0.583034 0.491321 0.049608 0.046440
2 0.583112 0.489364 0.049720 0.046550
2 0.583229 0.487007 0.049732 0.045599
2 0.583265 0.484580 0.049477 0.042479
2 0.583239 0.482096 0.049800 0.045433
2 0.583317 0.479688 0.049018 0.046077
2 0.583267 0.477317 0.049502 0.046265
2 0.583258 0.474866 0.049221 0.043132
2 0.583144 0.471924 0.050075 0.047465
2 0.582590 0.469429 0.044016 0.039234
2 0.582881 0.466857 0.046562 0.039578
2 0.582862 0.464008 0.046577 0.043676
2 0.582888 0.461218 0.045942 0.038276
2 0.582960 0.458250 0.046498 0.043200
2 0.583043 0.455372 0.046544 0.039144
2 0.583093 0.452028 0.046962 0.043212
2 0.583410 0.448741 0.038419 0.033374
2 0.583439 0.445728 0.039257 0.032231
2 0.583513 0.442781 0.037026 0.031362
2 0.583807 0.439831 0.040450 0.035902
2 0.584021 0.436416 0.035071 0.028777
2 0.584075 0.432980 0.035981 0.030285
2 0.584306 0.429569 0.037581 0.030184
2 0.584356 0.426177 0.038982 0.031832
2 0.584321 0.422355 0.038833 0.031271
2 0.584742 0.418522 0.041460 0.034355
2 0.584704 0.414727 0.041651 0.034884
2 0.584682 0.410830 0.041563 0.034609
2 0.584638 0.406865 0.040687 0.032830
2 0.584701 0.402491 0.044907 0.038695
2 0.584897 0.398502 0.042648 0.036938
2 0.584928 0.394047 0.037437 0.030954
2 0.584888 0.389723 0.038113 0.032440
2 0.584811 0.385324 0.040494 0.033129
2 0.584850 0.380418 0.044069 0.038609
2 0.584685 0.375897 0.046686 0.042101
2 0.584670 0.371571 0.045996 0.037844
2 0.584541 0.366613 0.045831 0.040361
2 0.584068 0.362248 0.038037 0.031178
2 0.583979 0.357321 0.040323 0.034567
2 0.583616 0.352528 0.036066 0.029461
2 0.583377 0.347863 0.044577 0.038423
2 0.583143 0.343280 0.046581 0.041461
2 0.582780 0.338563 0.041746 0.035079
2 0.582281 0.334067 0.040319 0.035493
2 0.582073 0.329336 0.034816 0.028894
2 0.581777 0.325045 0.041830 0.036500
2 0.581247 0.320701 0.043807 0.035574
2 0.580821 0.316608 0.042139 0.037474
2 0.580524 0.312212 0.036605 0.030031
2 0.580057 0.308220 0.045890 0.040265
2 0.579624 0.304333 0.041692 0.035305
2 0.579314 0.300441 0.035494 0.028838
2 0.578665 0.296550 0.038903 0.032380
2 0.578268 0.293298 0.043363 0.035038
2 0.577631 0.289761 0.034628 0.028373
2 0.577324 0.286294 0.035101 0.029182
2 0.576780 0.282978 0.042432 0.035816
2 0.576249 0.279998 0.034717 0.028225
2 0.575814 0.276958 0.033814 0.027465
2 0.575187 0.274120 0.041679 0.035349
2 0.574675 0.271141 0.034863 0.028123
2 0.573931 0.268655 0.039372 0.034325
2 0.573621 0.266201 0.043494 0.036802
2 0.572811 0.263667 0.037694 0.032588
2 0.572431 0.261212 0.039684 0.033910
2 0.571578 0.259252 0.035867 0.029464
2 0.570951 0.257223 0.037023 0.031112
2 0.570425 0.255362 0.043413 0.037886
2 0.569782 0.253419 0.034167 0.027380
2 0.569079 0.252055 0.044861 0.036618
2 0.568250 0.250644 0.035694 0.030047
2 0.567576 0.249161 0.043709 0.038594
2 0.566770 0.248220 0.040532 0.036596
2 0.566081 0.247192 0.042067 0.037030
2 0.565213 0.246354 0.040063 0.035921
2 0.564505 0.245741 0.041724 0.035496
2 0.563652 0.245250 0.033781 0.027599
2 0.562951 0.244817 0.042158 0.035804
2 0.562015 0.244693 0.035648 0.029986
2 0.561283 0.244680 0.043428 0.036140
2 0.560134 0.244663 0.036539 0.030823
2 0.559304 0.244698 0.038822 0.031137
2 0.558280 0.245069 0.039895 0.034491
2 0.557365 0.245520 0.032936 0.026383
2 0.556452 0.246217 0.043698 0.035393
2 0.555601 0.247128 0.032326 0.025963
2 0.554590 0.248066 0.041411 0.034453
2 0.553635 0.249244 0.041048 0.035759
2 0.552562 0.250736 0.034565 0.027977
2 0.551730 0.252173 0.044854 0.035896
2 0.550630 0.253550 0.038319 0.031640
2 0.549695 0.255423 0.036868 0.030266
2 0.548635 0.257342 0.045135 0.039492
2 0.547511 0.259295 0.038604 0.032067
2 0.546648 0.261257 0.038063 0.031455
2 0.545525 0.263796 0.046507 0.037413
2 0.544640 0.266230 0.037715 0.031500
2 0.543497 0.268662 0.037993 0.031579
2 0.542627 0.271570 0.045348 0.036470
2 0.541507 0.274400 0.035324 0.028588
2 0.540368 0.277318 0.041586 0.035256
2 0.539663 0.280521 0.040522 0.034811
2 0.538767 0.283928 0.037584 0.030745
2 0.537772 0.287306 0.047583 0.038828
2 0.536665 0.290713 0.037876 0.030609
2 0.535858 0.294601 0.042818 0.036217
2 0.535086 0.298449 0.038556 0.031920
2 0.534208 0.302360 0.040805 0.034168
2 0.533468 0.306665 0.041925 0.034481
2 0.532614 0.310805 0.043160 0.036460
2 0.531884 0.315165 0.040609 0.033789
2 0.531327 0.319396 0.046776 0.041322
2 0.530543 0.323740 0.035932 0.029196
2 0.530191 0.328423 0.047327 0.037975
2 0.529625 0.333004 0.043853 0.038014
2 0.529179 0.337700 0.036889 0.030104
2 0.528781 0.342491 0.040593 0.033830
2 0.528531 0.347346 0.049652 0.043355
2 0.528384 0.352261 0.050466 0.044156
2 0.528257 0.357077 0.049263 0.043071
2 0.528132 0.362248 0.047115 0.041391
2 0.528062 0.367295 0.046347 0.037287
2 0.528053 0.372577 0.046723 0.040828
2 0.528229 0.377798 0.052480 0.046896
2 0.528437 0.383129 0.056175 0.047543
2 0.528764 0.388354 0.047761 0.041542
2 0.529070 0.393813 0.038316 0.033032
2 0.529650 0.399349 0.047972 0.042646
2 0.530222 0.404984 0.050557 0.044678
2 0.530784 0.410451 0.040144 0.033125
2 0.531454 0.416082 0.053527 0.045696
2 0.532125 0.421532 0.039875 0.033395
2 0.532959 0.427321 0.053660 0.048299
2 0.533698 0.433011 0.041089 0.034944
2 0.534646 0.438620 0.056303 0.052380
2 0.535573 0.444324 0.044683 0.039073
2 0.536453 0.449743 0.056545 0.049884
2 0.537133 0.455495 0.043934 0.035241
2 0.538276 0.461240 0.046069 0.037282
2 0.539355 0.466438 0.056595 0.052291
2 0.540063 0.471856 0.042444 0.036782
2 0.541135 0.477269 0.052633 0.047598
2 0.541831 0.482749 0.043647 0.036017
2 0.543040 0.487975 0.041747 0.034649
2 0.543913 0.493140 0.053671 0.048895
2 0.545155 0.498533 0.045508 0.038162
2 0.546522 0.503570 0.041136 0.034745
2 0.547620 0.508900 0.043058 0.037707
2 0.548576 0.513879 0.050942 0.041888
2 0.550088 0.519039 0.049958 0.044558
2 0.551233 0.523903 0.040511 0.032494
2 0.552744 0.528772 0.040386 0.034529
2 0.554135 0.533637 0.040188 0.032373
2 0.555620 0.538309 0.038820 0.033809
2 0.557098 0.543068 0.040565 0.033459
2 0.558670 0.547490 0.039103 0.032539
2 0.560170 0.551809 0.039956 0.035055
2 0.561754 0.556160 0.039236 0.033774
2 0.563281 0.560547 0.039062 0.031250
