2 0.452344 0.160156 0.039062 0.046875
2 0.449390 0.156929 0.039214 0.047145
2 0.448555 0.155747 0.040572 0.048794
2 0.446925 0.152911 0.040478 0.048756
2 0.446361 0.150563 0.039203 0.047091
2 0.446362 0.148616 0.039164 0.047044
2 0.446821 0.147884 0.040554 0.048770
2 0.447356 0.147729 0.039197 0.047059
2 0.448532 0.148055 0.040605 0.048810
2 0.449119 0.148848 0.038914 0.046766
2 0.450742 0.150660 0.038928 0.046769
2 0.451431 0.152365 0.040848 0.049151
2 0.453612 0.155881 0.039708 0.047685
2 0.455525 0.159930 0.039332 0.047212
2 0.456810 0.162576 0.039127 0.047041
2 0.459498 0.166945 0.040494 0.048753
2 0.462283 0.171375 0.040548 0.048746
2 0.463837 0.173367 0.040298 0.048429
2 0.466941 0.177721 0.040137 0.048254
2 0.468840 0.179662 0.040688 0.048943
2 0.472441 0.183181 0.039342 0.047223
2 0.474295 0.185022 0.039203 0.047052
2 0.478439 0.187812 0.039468 0.047468
2 0.480478 0.189299 0.039159 0.046993
2 0.485027 0.192146 0.038766 0.046592
2 0.489804 0.194506 0.038921 0.046734
2 0.492378 0.195853 0.039657 0.047734
2 0.497487 0.197681 0.038743 0.046575
2 0.500216 0.198398 0.039697 0.047722
2 0.505641 0.200145 0.038878 0.046715
2 0.508508 0.200642 0.039130 0.046964
2 0.514378 0.201309 0.039427 0.047392
2 0.520490 0.201855 0.039628 0.047708
2 0.526703 0.202556 0.040200 0.048311
2 0.529827 0.202996 0.040112 0.048203
2 0.536422 0.203048 0.039124 0.046965
2 0.542783 0.204054 0.038862 0.046708
2 0.546127 0.204134 0.038845 0.046671
2 0.552588 0.205002 0.039288 0.047171
2 0.555717 0.205479 0.039090 0.047010
2 0.562277 0.206066 0.040013 0.048151
2 0.568479 0.207551 0.039762 0.047864
2 0.574441 0.208568 0.039282 0.047156
2 0.580323 0.210168 0.039032 0.046882
2 0.585849 0.211614 0.040223 0.048451
2 0.588607 0.212615 0.039566 0.047518
2 0.593778 0.214643 0.040783 0.049053
2 0.598820 0.216546 0.039687 0.047679
2 0.601045 0.217767 0.039162 0.047090
2 0.605540 0.219956 0.039008 0.046857
2 0.607488 0.221342 0.039592 0.047673
2 0.611569 0.224228 0.039136 0.046994
2 0.613428 0.225633 0.038921 0.046789
2 0.616736 0.228482 0.039278 0.047206
2 0.618265 0.229952 0.039404 0.047335
2 0.621249 0.232946 0.038812 0.046681
2 0.623914 0.236222 0.039357 0.047277
2 0.625877 0.239578 0.039025 0.046861
2 0.626883 0.241472 0.039652 0.047651
2 0.628639 0.244866 0.038729 0.046568
2 0.629167 0.246755 0.038878 0.046761
2 0.630363 0.250723 0.038587 0.046395
2 0.630633 0.252591 0.038726 0.046573
2 0.631211 0.256938 0.040389 0.048614
2 0.631533 0.258944 0.039433 0.047412
2 0.631469 0.263236 0.039786 0.047803
2 0.631007 0.267255 0.039814 0.047838
2 0.630733 0.269187 0.039084 0.046928
2 0.629776 0.273879 0.039889 0.048023
2 0.629432 0.275779 0.039492 0.047524
2 0.628029 0.280291 0.039755 0.047838
2 0.626516 0.284930 0.040023 0.048108
2 0.624545 0.289704 0.038492 0.046299
2 0.623805 0.292155 0.039002 0.046872
2 0.621418 0.297474 0.038567 0.046389
2 0.620370 0.300305 0.040103 0.048205
2 0.617954 0.305652 0.038254 0.045974
2 0.615199 0.311600 0.039006 0.046882
2 0.612633 0.317916 0.040144 0.048238
2 0.609449 0.324414 0.039876 0.047978
2 0.607853 0.328001 0.040247 0.048371
2 0.604309 0.334657 0.039050 0.046993
2 0.600645 0.342101 0.038708 0.046546
2 0.598879 0.345906 0.038721 0.046545
2 0.594994 0.353220 0.039585 0.047550
2 0.593047 0.357150 0.038842 0.046619
2 0.589131 0.364479 0.040027 0.048144
2 0.587078 0.368338 0.039190 0.047092
2 0.582939 0.376170 0.040145 0.048274
2 0.580925 0.380134 0.039797 0.047812
2 0.576879 0.388176 0.039735 0.047719
2 0.574610 0.392051 0.039612 0.047558
2 0.570505 0.399710 0.040165 0.048268
2 0.568144 0.403145 0.038767 0.046598
2 0.563895 0.410019 0.040165 0.048261
2 0.559597 0.416048 0.039748 0.047776
2 0.557454 0.418924 0.039268 0.047219
2 0.553305 0.424332 0.039442 0.047469
2 0.551238 0.426914 0.039351 0.047306
2 0.547420 0.431249 0.038882 0.046660
2 0.545709 0.433360 0.039195 0.047063
2 0.542073 0.437216 0.040024 0.048101
2 0.540579 0.439129 0.040172 0.048287
2 0.537433 0.442404 0.039847 0.047962
2 0.534977 0.445442 0.038379 0.046097
2 0.533728 0.446981 0.038661 0.046407
2 0.531843 0.450429 0.038338 0.046019
2 0.530569 0.451751 0.038009 0.045675
2 0.529011 0.455191 0.038174 0.045827
2 0.527567 0.458116 0.038463 0.046191
2 0.527043 0.459886 0.038441 0.046188
2 0.526016 0.463235 0.038483 0.046248
2 0.525448 0.466359 0.038939 0.046731
2 0.525257 0.468392 0.039307 0.047194
2 0.524829 0.471844 0.039603 0.047616
2 0.524779 0.473566 0.039548 0.047591
2 0.524801 0.477310 0.039615 0.047690
2 0.525164 0.479137 0.039402 0.047425
2 0.525515 0.482713 0.038580 0.046366
2 0.526086 0.486376 0.038823 0.046635
2 0.526380 0.488126 0.039898 0.047956
2 0.527471 0.491493 0.038530 0.046246
2 0.528458 0.494900 0.038815 0.046685
2 0.529774 0.498520 0.039799 0.047923
2 0.530384 0.500081 0.038544 0.046275
2 0.531709 0.503511 0.039185 0.047027
2 0.533250 0.507003 0.039219 0.047122
2 0.533911 0.508919 0.039252 0.047175
2 0.535518 0.512276 0.039365 0.047373
2 0.537409 0.515666 0.040632 0.048888
2 0.538252 0.517140 0.039131 0.046962
2 0.539837 0.520654 0.038899 0.046714
2 0.541746 0.524061 0.039387 0.047386
2 0.542693 0.525540 0.039283 0.047208
2 0.544759 0.529136 0.039448 0.047369
2 0.546602 0.531944 0.040464 0.048740
2 0.548878 0.534713 0.040099 0.048168
2 0.549550 0.536085 0.039844 0.047933
2 0.551845 0.538343 0.040567 0.048794
2 0.552697 0.539488 0.039833 0.047933
2 0.554810 0.541426 0.041080 0.049501
2 0.555885 0.542311 0.040199 0.048327
2 0.557828 0.544140 0.041465 0.049946
2 0.558902 0.544987 0.039814 0.047859
2 0.560565 0.546378 0.040290 0.048427
2 0.561502 0.546833 0.039574 0.047545
2 0.563331 0.547865 0.039172 0.047085
2 0.564195 0.548350 0.041367 0.049774
2 0.565780 0.549025 0.041095 0.049495
2 0.567358 0.549731 0.040896 0.049267
2 0.568078 0.550158 0.039673 0.047661
2 0.569332 0.550601 0.039809 0.047819
2 0.569678 0.551090 0.039356 0.047327
2 0.570824 0.551613 0.039423 0.047421
2 0.571189 0.552063 0.039467 0.047404
2 0.572025 0.552569 0.041092 0.049426
2 0.572605 0.553149 0.038938 0.046821
2 0.572715 0.553307 0.038889 0.046763
2 0.573099 0.554219 0.040289 0.048412
2 0.573080 0.554696 0.040036 0.048125
2 0.573073 0.555159 0.039657 0.047734
2 0.573110 0.556185 0.040199 0.048308
2 0.573166 0.556178 0.040599 0.048809
2 0.572800 0.557173 0.038794 0.046643
2 0.572743 0.557719 0.038857 0.046670
2 0.572359 0.558528 0.039300 0.047190
2 0.571877 0.559553 0.040593 0.048867
2 0.571126 0.560502 0.038984 0.046797
2 0.570691 0.561116 0.037765 0.045390
2 0.569395 0.562780 0.037875 0.045525
2 0.569020 0.563072 0.037792 0.045420
2 0.567842 0.564736 0.037867 0.045521
2 0.566275 0.566175 0.039496 0.047544
2 0.565767 0.567234 0.038065 0.045744
2 0.564207 0.569192 0.038113 0.045802
2 0.563394 0.569720 0.039426 0.047450
2 0.561788 0.571656 0.039437 0.047464
2 0.559889 0.573599 0.039566 0.047633
2 0.557981 0.575648 0.039953 0.048079
2 0.557097 0.577014 0.038057 0.045753
2 0.555350 0.578925 0.038191 0.045921
2 0.554228 0.580039 0.039435 0.047439
2 0.552164 0.582108 0.039033 0.046960
2 0.551021 0.583230 0.039600 0.047653
2 0.548955 0.585570 0.040389 0.048643
2 0.548126 0.586464 0.037700 0.045276
2 0.545184 0.589464 0.040488 0.048731
2 0.544354 0.590625 0.038223 0.045961
2 0.539928 0.596023 0.038055 0.045746
2 0.539308 0.597077 0.040503 0.048779
2 0.537863 0.599215 0.040623 0.048931
2 0.536615 0.602152 0.037248 0.044737
2 0.536299 0.603117 0.040499 0.048775
2 0.535385 0.605634 0.038278 0.046004
2 0.535275 0.607089 0.040310 0.048538
2 0.534414 0.609982 0.037651 0.045216
2 0.533679 0.612876 0.040604 0.048902
2 0.533476 0.614187 0.038729 0.046573
2 0.533173 0.617018 0.040434 0.048682
2 0.532972 0.619936 0.038461 0.046222
2 0.532812 0.621261 0.039002 0.046883
2 0.532913 0.623747 0.038297 0.046028
2 0.532988 0.625118 0.039458 0.047476
2 0.533447 0.627609 0.038381 0.046158
2 0.533820 0.628860 0.040009 0.048175
2 0.534233 0.630872 0.039925 0.048041
2 0.535024 0.632321 0.041045 0.049461
2 0.535058 0.632816 0.039871 0.047992
2 0.536234 0.634808 0.040049 0.048203
2 0.537316 0.636262 0.041067 0.049467
2 0.538061 0.637148 0.038640 0.046460
2 0.539772 0.638180 0.041171 0.049609
2 0.540281 0.638695 0.040009 0.048140
2 0.542315 0.639680 0.039654 0.047695
2 0.543078 0.639723 0.039769 0.047856
2 0.544775 0.639822 0.040288 0.048504
2 0.546852 0.639956 0.040746 0.049046
2 0.547861 0.639960 0.040742 0.049070
2 0.550094 0.639536 0.039075 0.046982
2 0.551229 0.638886 0.039030 0.046931
2 0.553827 0.638094 0.040890 0.049264
2 0.554807 0.637626 0.038961 0.046848
2 0.557436 0.636097 0.040543 0.048814
2 0.558531 0.635204 0.038282 0.046026
2 0.561961 0.632710 0.040290 0.048493
2 0.564827 0.630349 0.040775 0.049104
2 0.566001 0.628850 0.040215 0.048403
2 0.568291 0.626531 0.041010 0.049385
2 0.570031 0.623474 0.037747 0.045321
2 0.571229 0.621627 0.037495 0.045024
2 0.572832 0.618312 0.039334 0.047318
2 0.574738 0.614539 0.039773 0.047857
2 0.575353 0.612692 0.040279 0.048496
2 0.576980 0.608062 0.037301 0.044821
2 0.577169 0.606118 0.037404 0.044946
2 0.577923 0.601718 0.038181 0.045886
2 0.579158 0.596258 0.037073 0.044539
2 0.579297 0.593743 0.038649 0.046495
2 0.580041 0.588529 0.037324 0.044853
2 0.580331 0.585537 0.039580 0.047651
2 0.580600 0.579817 0.039427 0.047462
2 0.580568 0.577000 0.037619 0.045218
2 0.580529 0.571037 0.037330 0.044863
2 0.580582 0.568089 0.039780 0.047907
2 0.580461 0.561434 0.037714 0.045343
2 0.580497 0.558054 0.040079 0.048277
2 0.580484 0.551370 0.037262 0.044778
2 0.580385 0.547880 0.038569 0.046402
2 0.580416 0.540632 0.040566 0.048885
2 0.580438 0.537155 0.039002 0.046931
2 0.580396 0.529806 0.037413 0.044954
2 0.580407 0.525958 0.037519 0.045086
2 0.580445 0.518647 0.039117 0.047076
2 0.580801 0.511343 0.040310 0.048546
2 0.580784 0.504619 0.037757 0.045370
2 0.580927 0.501686 0.040200 0.048400
2 0.581281 0.495421 0.040041 0.048191
2 0.581459 0.492853 0.037753 0.045377
2 0.581777 0.487468 0.039531 0.047598
2 0.581826 0.484967 0.037572 0.045167
2 0.582484 0.481015 0.037292 0.044780
2 0.582516 0.479004 0.037360 0.044863
2 0.583383 0.475567 0.038593 0.046432
2 0.583938 0.472626 0.039214 0.047176
2 0.583973 0.471300 0.037180 0.044638
2 0.584460 0.469380 0.037453 0.044976
2 0.585149 0.468484 0.040196 0.048404
2 0.585966 0.467296 0.037764 0.045347
2 0.585977 0.466644 0.040003 0.048118
2 0.586618 0.465735 0.037958 0.045609
2 0.586591 0.465718 0.037917 0.045568
2 0.587324 0.465281 0.037180 0.044616
2 0.588120 0.464677 0.039614 0.047682
2 0.588158 0.464554 0.039830 0.047950
2 0.588909 0.464088 0.039092 0.047011
2 0.588991 0.463784 0.038288 0.046014
2 0.589491 0.463249 0.037690 0.045293
2 0.589647 0.462934 0.039140 0.047095
2 0.589919 0.461563 0.037714 0.045311
2 0.590281 0.460156 0.039542 0.047577
2 0.590348 0.459588 0.037885 0.045505
2 0.590468 0.457675 0.038012 0.045658
2 0.590508 0.456666 0.040482 0.048736
2 0.590478 0.454257 0.039529 0.047552
2 0.590438 0.453289 0.038890 0.046754
2 0.590007 0.450835 0.040310 0.048536
2 0.589890 0.449435 0.038635 0.046454
2 0.589369 0.446860 0.040408 0.048650
2 0.588922 0.445394 0.039209 0.047141
2 0.587871 0.442592 0.039754 0.047843
2 0.587435 0.441177 0.040064 0.048207
2 0.586591 0.438071 0.038028 0.045698
2 0.586325 0.436292 0.038372 0.046121
2 0.584838 0.433440 0.039895 0.048019
2 0.583698 0.431992 0.038192 0.045889
2 0.582129 0.429119 0.039806 0.047899
2 0.581022 0.427725 0.039249 0.047188
2 0.579336 0.424797 0.038606 0.046394
2 0.576808 0.422499 0.038011 0.045660
2 0.575642 0.420996 0.038904 0.046775
2 0.572853 0.418980 0.038511 0.046283
2 0.570054 0.416662 0.037837 0.045419
2 0.568524 0.415697 0.039898 0.047978
2 0.565409 0.413699 0.039863 0.047939
2 0.561585 0.411705 0.039830 0.047926
2 0.559617 0.410767 0.037755 0.045336
2 0.555706 0.408904 0.037656 0.045208
2 0.553816 0.407864 0.039738 0.047797
2 0.549060 0.405600 0.039282 0.047234
2 0.546482 0.404252 0.039018 0.046885
2 0.541859 0.401887 0.039659 0.047686
2 0.538959 0.400922 0.037653 0.045193
2 0.533600 0.397952 0.039585 0.047619
2 0.530925 0.396390 0.039194 0.047110
2 0.525014 0.393402 0.037974 0.045589
2 0.522183 0.391874 0.039844 0.047928
2 0.516184 0.388214 0.040233 0.048429
2 0.513341 0.386378 0.040095 0.048255
2 0.507023 0.382062 0.039287 0.047259
2 0.501459 0.377530 0.037449 0.044943
2 0.495979 0.372695 0.040047 0.048198
2 0.493249 0.370071 0.038253 0.045961
2 0.488114 0.364664 0.039725 0.047803
2 0.485470 0.362023 0.037376 0.044873
2 0.480899 0.356091 0.037226 0.044686
2 0.478855 0.352960 0.039969 0.048119
2 0.474590 0.346460 0.037562 0.045099
2 0.470700 0.339210 0.039505 0.047533
2 0.469255 0.335898 0.039086 0.047013
