2 0.801563 0.567383 0.050000 0.041016
2 0.791009 0.574543 0.046017 0.037967
2 0.785911 0.578097 0.044652 0.036808
2 0.775497 0.583755 0.047744 0.039757
2 0.765472 0.588939 0.052172 0.042799
2 0.760720 0.591340 0.055127 0.045278
2 0.750372 0.595347 0.044762 0.037339
2 0.745687 0.597171 0.047630 0.039767
2 0.736713 0.600767 0.052295 0.043841
2 0.731846 0.601791 0.043763 0.037491
2 0.723247 0.604097 0.042334 0.035386
2 0.718938 0.605221 0.039328 0.033107
2 0.710599 0.606979 0.052381 0.044461
2 0.702547 0.607548 0.039390 0.032627
2 0.698550 0.607964 0.041930 0.034541
2 0.690675 0.607915 0.037944 0.032606
2 0.679539 0.607113 0.032080 0.027412
2 0.676093 0.606736 0.040149 0.034336
2 0.665442 0.605111 0.040782 0.034835
2 0.662089 0.604842 0.051449 0.042978
2 0.654967 0.603155 0.045017 0.037943
2 0.651564 0.602271 0.046505 0.039338
2 0.645023 0.600660 0.052689 0.045079
2 0.641389 0.599533 0.046178 0.041227
2 0.634658 0.597730 0.042081 0.036589
2 0.628264 0.595790 0.040541 0.034753
2 0.624943 0.595298 0.044483 0.036988
2 0.618489 0.593448 0.042935 0.035382
2 0.615255 0.592431 0.044692 0.036848
2 0.609062 0.590736 0.049225 0.040512
2 0.602863 0.589203 0.055843 0.045998
2 0.599621 0.588297 0.044784 0.036775
2 0.593492 0.586280 0.044726 0.037048
2 0.590594 0.585659 0.051603 0.042895
2 0.584857 0.583567 0.055886 0.048040
2 0.579617 0.581496 0.054556 0.046993
2 0.574813 0.578691 0.049123 0.043464
2 0.572431 0.578050 0.056366 0.051333
2 0.568695 0.575840 0.058807 0.051764
2 0.566483 0.574132 0.054885 0.051771
2 0.563305 0.571083 0.052337 0.049752
2 0.561892 0.569149 0.051567 0.047709
2 0.559363 0.565138 0.050257 0.046426
2 0.557652 0.561189 0.049520 0.045518
2 0.556695 0.558991 0.054413 0.054480
2 0.555527 0.555192 0.051036 0.049090
2 0.554806 0.552811 0.050450 0.047672
2 0.553871 0.548447 0.064706 0.062141
2 0.553082 0.543651 0.052111 0.048555
2 0.552823 0.541126 0.052148 0.048520
2 0.552091 0.537211 0.060845 0.058653
2 0.551393 0.532078 0.053244 0.049124
2 0.551138 0.529969 0.053205 0.049548
2 0.550427 0.525815 0.055660 0.053369
2 0.549675 0.521599 0.053533 0.049836
2 0.549392 0.519711 0.053345 0.050188
2 0.548706 0.515742 0.055391 0.051981
2 0.548278 0.513845 0.051510 0.047986
2 0.547496 0.510335 0.057183 0.055266
2 0.546861 0.508666 0.053072 0.049635
2 0.545874 0.506022 0.058525 0.056887
2 0.544803 0.502466 0.050857 0.047906
2 0.544384 0.501720 0.069371 0.067064
2 0.543105 0.498344 0.050343 0.047805
2 0.542411 0.497076 0.055611 0.052602
2 0.541181 0.494998 0.055181 0.052951
2 0.540545 0.493962 0.058301 0.054184
2 0.539517 0.491726 0.063717 0.060698
2 0.538896 0.490569 0.046977 0.043594
2 0.537732 0.488446 0.049331 0.046609
2 0.537273 0.487459 0.054929 0.050400
2 0.536568 0.485685 0.061716 0.059014
2 0.536019 0.484546 0.049140 0.045624
2 0.535460 0.482476 0.049879 0.046602
2 0.535523 0.481645 0.057601 0.053665
2 0.535197 0.479547 0.055539 0.053014
2 0.535045 0.478449 0.057384 0.055164
2 0.535453 0.476329 0.060673 0.056982
2 0.535694 0.474802 0.048540 0.043800
2 0.536252 0.472820 0.052280 0.049021
2 0.537387 0.470748 0.051297 0.047056
2 0.538681 0.468814 0.052813 0.049140
2 0.539365 0.467457 0.053460 0.050776
2 0.540840 0.465484 0.053476 0.049801
2 0.542498 0.463395 0.053889 0.050840
2 0.543615 0.462799 0.065705 0.059673
2 0.544916 0.461012 0.060875 0.057443
2 0.546691 0.459041 0.057705 0.053692
2 0.547403 0.458312 0.064826 0.062918
2 0.549102 0.456558 0.069503 0.067732
2 0.549724 0.455370 0.056707 0.053671
2 0.551385 0.453635 0.055997 0.053412
2 0.551937 0.452686 0.069796 0.065830
2 0.553549 0.451363 0.070691 0.067042
2 0.554204 0.450173 0.061428 0.058373
2 0.555563 0.448489 0.067165 0.065349
2 0.556148 0.447699 0.057027 0.053821
2 0.557547 0.445867 0.057032 0.053753
2 0.557919 0.445501 0.063479 0.059688
2 0.559108 0.443806 0.058045 0.055101
2 0.559549 0.443153 0.071333 0.066570
2 0.560769 0.441756 0.059461 0.056249
2 0.561458 0.440248 0.064782 0.065336
2 0.562896 0.439442 0.072412 0.067423
2 0.563338 0.438449 0.062903 0.061052
2 0.564918 0.437404 0.076464 0.073553
2 0.565641 0.436812 0.063923 0.060121
2 0.566315 0.436076 0.062344 0.063190
2 0.568245 0.434769 0.064300 0.062628
2 0.570421 0.433823 0.063443 0.061271
2 0.572798 0.432581 0.061625 0.061435
2 0.574242 0.432144 0.062111 0.062817
2 0.577429 0.431370 0.073292 0.073274
2 0.578725 0.430331 0.063432 0.066260
2 0.582399 0.429371 0.070212 0.067211
2 0.583879 0.428261 0.057990 0.056804
2 0.587761 0.427111 0.064923 0.063250
2 0.589673 0.426416 0.061726 0.063284
2 0.593889 0.424664 0.059366 0.058308
2 0.598380 0.423447 0.066874 0.062545
2 0.602900 0.421795 0.067561 0.063592
2 0.607234 0.420023 0.067226 0.065222
2 0.609483 0.418650 0.055281 0.053660
2 0.614345 0.417342 0.064321 0.060731
2 0.616670 0.416216 0.057549 0.055125
2 0.621453 0.414211 0.056467 0.053690
2 0.624006 0.414004 0.071781 0.069639
2 0.629205 0.411824 0.069304 0.065806
2 0.631416 0.410700 0.056009 0.054715
2 0.636664 0.408782 0.058473 0.058186
2 0.641974 0.406856 0.055445 0.053202
2 0.644743 0.406460 0.059210 0.057768
2 0.650287 0.404454 0.059068 0.057896
2 0.656037 0.402626 0.054697 0.051852
2 0.661867 0.400913 0.055861 0.054280
2 0.664993 0.400581 0.068588 0.066185
2 0.670733 0.398648 0.068390 0.067830
2 0.676746 0.396723 0.063569 0.059858
2 0.679836 0.396046 0.068759 0.063113
2 0.685923 0.394165 0.069616 0.062041
2 0.691830 0.392769 0.069936 0.063809
2 0.697979 0.391126 0.061172 0.056714
2 0.703665 0.390049 0.067870 0.061839
2 0.709385 0.388682 0.070736 0.063697
2 0.711983 0.387896 0.067421 0.061891
2 0.717114 0.386857 0.067706 0.061104
2 0.719561 0.386616 0.075641 0.068820
2 0.724017 0.385726 0.065668 0.059726
2 0.726382 0.385300 0.062057 0.055790
2 0.730706 0.385315 0.065273 0.059040
2 0.732908 0.385008 0.064026 0.057295
2 0.736952 0.385079 0.068266 0.061794
2 0.738709 0.385287 0.059965 0.053394
2 0.742355 0.385298 0.058674 0.051935
2 0.745628 0.386241 0.067038 0.059316
2 0.748822 0.386957 0.063344 0.056886
2 0.750299 0.387168 0.059306 0.052714
2 0.753306 0.388056 0.065614 0.057254
2 0.754757 0.388445 0.069637 0.060612
2 0.757016 0.389210 0.066385 0.060411
2 0.757991 0.389295 0.058652 0.052414
2 0.760437 0.390900 0.079059 0.068725
2 0.761725 0.390230 0.073007 0.063588
2 0.764192 0.390067 0.067282 0.057796
2 0.765392 0.390026 0.074794 0.064196
2 0.767159 0.389161 0.063614 0.053739
2 0.769581 0.388801 0.073346 0.061883
2 0.771697 0.388627 0.080482 0.068096
2 0.773269 0.387166 0.064145 0.054396
2 0.774080 0.387049 0.064473 0.054342
2 0.775857 0.385771 0.070668 0.061272
2 0.776738 0.385104 0.060759 0.051115
2 0.778508 0.384443 0.069925 0.058351
2 0.779455 0.383780 0.069920 0.060524
2 0.781028 0.382340 0.075843 0.065399
2 0.781426 0.381242 0.061528 0.051210
2 0.782862 0.379388 0.062076 0.051971
2 0.784037 0.377652 0.074045 0.063586
2 0.784576 0.375883 0.062332 0.051937
2 0.785781 0.373524 0.070648 0.060904
2 0.786175 0.372253 0.064713 0.053697
2 0.787534 0.369399 0.068787 0.057912
2 0.787635 0.367777 0.059226 0.049278
2 0.789168 0.365419 0.078546 0.064875
2 0.789214 0.363649 0.063238 0.052379
2 0.790429 0.361091 0.080161 0.065981
2 0.790678 0.358456 0.064637 0.053114
2 0.791258 0.355405 0.065364 0.053669
2 0.792612 0.351492 0.066856 0.055024
2 0.793228 0.347662 0.076662 0.064308
2 0.793936 0.342985 0.063511 0.052848
2 0.793958 0.340544 0.055142 0.045485
2 0.794564 0.336662 0.068111 0.060560
2 0.795576 0.331947 0.060963 0.051276
2 0.796055 0.327615 0.068979 0.059419
2 0.796670 0.325186 0.063844 0.054843
2 0.797262 0.320881 0.059085 0.050992
2 0.798222 0.316587 0.065199 0.056739
2 0.798459 0.312782 0.057220 0.048969
2 0.799259 0.309064 0.067579 0.060218
2 0.799856 0.305405 0.058224 0.049835
2 0.799976 0.303811 0.059493 0.050290
2 0.800835 0.300698 0.069307 0.060430
2 0.801077 0.297737 0.065562 0.058057
2 0.801080 0.296082 0.066840 0.058877
2 0.801218 0.293652 0.061492 0.053145
2 0.801126 0.291244 0.063129 0.054817
2 0.801095 0.289915 0.063000 0.054954
2 0.801084 0.288291 0.065900 0.056697
2 0.801020 0.287406 0.065067 0.056642
2 0.800626 0.285297 0.060043 0.051426
2 0.800706 0.284654 0.063319 0.052594
2 0.800470 0.282698 0.062281 0.052408
2 0.799864 0.281946 0.053541 0.044767
2 0.799474 0.281158 0.066999 0.056923
2 0.799058 0.279990 0.057096 0.049631
2 0.798644 0.279003 0.057725 0.047809
2 0.798209 0.278472 0.058792 0.048497
2 0.797277 0.277091 0.056666 0.046489
2 0.796552 0.275888 0.052592 0.045281
2 0.796202 0.275709 0.062166 0.055494
2 0.795501 0.274620 0.058241 0.048568
2 0.795005 0.274042 0.053836 0.046355
2 0.794108 0.273070 0.058054 0.047896
2 0.793516 0.272730 0.060981 0.051240
2 0.792071 0.271496 0.046643 0.038526
2 0.791537 0.271199 0.063016 0.053003
2 0.790829 0.269842 0.047678 0.039137
2 0.789814 0.269580 0.057065 0.048950
2 0.788997 0.267785 0.045941 0.038121
2 0.788519 0.267403 0.064180 0.054842
2 0.787288 0.266236 0.049006 0.040229
2 0.786537 0.264984 0.057320 0.047380
2 0.786085 0.264761 0.055086 0.046783
2 0.784861 0.263567 0.052228 0.043542
2 0.784098 0.262346 0.050377 0.041354
2 0.781914 0.260009 0.053493 0.045136
2 0.781423 0.259495 0.049768 0.041876
2 0.780791 0.258162 0.052986 0.044213
2 0.779898 0.257373 0.059789 0.051477
2 0.779406 0.256453 0.051722 0.042738
2 0.778871 0.255362 0.061964 0.051912
2 0.778272 0.255290 0.060785 0.052332
2 0.777622 0.254041 0.060668 0.052788
2 0.776933 0.253417 0.058539 0.048995
2 0.776126 0.252428 0.054957 0.047459
2 0.774851 0.251823 0.050384 0.041564
2 0.774697 0.251669 0.065488 0.055585
2 0.773268 0.251298 0.060879 0.050963
2 0.773002 0.251208 0.065756 0.057184
2 0.771382 0.250950 0.061782 0.054790
2 0.770712 0.250470 0.054091 0.047521
2 0.769292 0.250863 0.057353 0.049610
2 0.768786 0.250776 0.053097 0.044679
2 0.767157 0.251268 0.057728 0.047467
2 0.766297 0.251260 0.060179 0.049768
2 0.765091 0.251904 0.067017 0.057043
2 0.763964 0.251878 0.053497 0.044653
2 0.762196 0.252547 0.055172 0.046934
2 0.760649 0.253828 0.067922 0.058504
2 0.758940 0.254118 0.058111 0.050598
2 0.756965 0.255502 0.062053 0.051492
2 0.755743 0.256125 0.064486 0.057265
2 0.754217 0.257003 0.066298 0.058295
2 0.751559 0.258351 0.052811 0.045004
2 0.750982 0.259478 0.071930 0.061945
2 0.748346 0.260171 0.055087 0.047518
2 0.746519 0.262081 0.068718 0.061291
2 0.745234 0.262890 0.062083 0.052251
2 0.742716 0.264407 0.058359 0.050135
2 0.741961 0.265570 0.065686 0.056520
2 0.739399 0.266987 0.060973 0.050816
2 0.737077 0.268643 0.063928 0.055333
2 0.735652 0.269800 0.057051 0.049436
2 0.733079 0.271495 0.052758 0.043882
2 0.732314 0.272402 0.065378 0.057003
2 0.729545 0.273804 0.049653 0.040913
2 0.728603 0.275179 0.054329 0.044857
2 0.726460 0.277092 0.057107 0.047520
2 0.724251 0.278865 0.063431 0.052723
2 0.722972 0.280048 0.060750 0.053407
2 0.720901 0.281573 0.054717 0.046441
2 0.719926 0.282473 0.063763 0.054244
2 0.718256 0.284316 0.063708 0.054284
2 0.717134 0.285029 0.051565 0.043371
2 0.715929 0.286924 0.051089 0.042636
2 0.714293 0.288588 0.060951 0.053970
2 0.713713 0.289551 0.056939 0.048761
2 0.712606 0.291271 0.049921 0.041304
2 0.712076 0.292221 0.066900 0.057822
2 0.711225 0.293624 0.052881 0.044755
2 0.710774 0.294719 0.057452 0.047168
2 0.710197 0.296118 0.061886 0.051443
2 0.709464 0.297397 0.050911 0.043323
2 0.709131 0.299052 0.051192 0.042868
2 0.708902 0.299829 0.063650 0.055999
2 0.708805 0.301312 0.064142 0.057010
2 0.708846 0.301929 0.066210 0.057481
2 0.708518 0.303044 0.058297 0.050247
2 0.708776 0.304743 0.068824 0.059056
2 0.708497 0.305107 0.062893 0.055109
2 0.709100 0.306819 0.069760 0.061244
2 0.709032 0.307612 0.066535 0.058136
2 0.709340 0.308088 0.069323 0.058229
2 0.709274 0.308830 0.056528 0.047083
2 0.709376 0.309539 0.059538 0.048859
2 0.709397 0.310486 0.058341 0.048277
2 0.709549 0.310693 0.054075 0.045306
2 0.710061 0.311967 0.066214 0.056927
2 0.710161 0.312630 0.062785 0.052731
2 0.710567 0.313802 0.071892 0.061282
2 0.710814 0.314289 0.075938 0.063484
2 0.711161 0.315161 0.056676 0.047577
2 0.711623 0.316106 0.068207 0.057238
2 0.711444 0.316541 0.057594 0.048106
2 0.712259 0.318305 0.075349 0.063279
2 0.712389 0.318311 0.065844 0.054288
2 0.712403 0.319107 0.059713 0.050321
2 0.712974 0.319765 0.069214 0.061525
2 0.713073 0.320723 0.057257 0.047235
2 0.713279 0.321493 0.066067 0.056629
2 0.713580 0.322787 0.070731 0.061219
2 0.713999 0.323100 0.060455 0.049791
2 0.714456 0.324135 0.062210 0.052441
2 0.714395 0.324584 0.056072 0.046000
2 0.715336 0.326453 0.075258 0.065565
2 0.715582 0.326521 0.059506 0.050304
2 0.716518 0.327661 0.069902 0.057845
2 0.716618 0.328870 0.077814 0.070064
