2 0.649937 0.483475 0.062165 0.069344
2 0.649982 0.483045 0.062997 0.070160
2 0.649912 0.482887 0.062669 0.069736
2 0.649635 0.482435 0.061073 0.067900
2 0.649535 0.482323 0.060706 0.067530
2 0.649392 0.481839 0.060836 0.067896
2 0.649226 0.481665 0.061982 0.069229
2 0.648795 0.481110 0.063759 0.071191
2 0.648723 0.481017 0.063782 0.071215
2 0.648742 0.480553 0.062899 0.070257
2 0.648079 0.480554 0.061621 0.068599
2 0.648067 0.480077 0.060691 0.067674
2 0.647717 0.479593 0.061866 0.069038
2 0.647719 0.479250 0.062410 0.069545
2 0.647221 0.479215 0.063368 0.070790
2 0.646544 0.478881 0.061969 0.068986
2 0.646423 0.478895 0.061893 0.068897
2 0.645941 0.478516 0.062149 0.069397
2 0.645253 0.478511 0.062176 0.069455
2 0.644841 0.478113 0.060689 0.067807
2 0.644391 0.478127 0.061489 0.068841
2 0.643768 0.478051 0.061840 0.069317
2 0.643431 0.477537 0.061791 0.068928
2 0.642677 0.477515 0.063003 0.070477
2 0.641929 0.477459 0.062096 0.069283
2 0.641447 0.477204 0.062487 0.069672
2 0.640570 0.477135 0.062990 0.070302
2 0.639806 0.477137 0.062653 0.069857
2 0.638726 0.477147 0.062018 0.069038
2 0.637626 0.477134 0.063651 0.071129
2 0.636503 0.477126 0.063333 0.070729
2 0.635493 0.477047 0.061908 0.068923
2 0.634422 0.477066 0.063452 0.070879
2 0.632992 0.477106 0.063630 0.071111
2 0.631461 0.477283 0.063666 0.071164
2 0.630224 0.477266 0.063354 0.070760
2 0.628486 0.477402 0.063772 0.071335
2 0.626572 0.477846 0.062722 0.070234
2 0.624670 0.478306 0.060548 0.067445
2 0.623076 0.478396 0.059939 0.066710
2 0.621045 0.478911 0.061452 0.068455
2 0.618834 0.479358 0.061955 0.069163
2 0.616897 0.479480 0.060115 0.066877
2 0.615087 0.479843 0.058813 0.065413
2 0.613050 0.480287 0.059761 0.066487
2 0.610987 0.480594 0.060434 0.067201
2 0.609126 0.480986 0.059955 0.066448
2 0.606826 0.481614 0.059660 0.066395
2 0.604870 0.481869 0.059100 0.065774
2 0.603033 0.482236 0.059100 0.065642
2 0.600921 0.482663 0.059596 0.066028
2 0.599037 0.483147 0.060133 0.066703
2 0.597629 0.483643 0.058001 0.064128
2 0.596161 0.484250 0.057705 0.063580
2 0.594635 0.484810 0.058622 0.064564
2 0.593189 0.485303 0.057847 0.063647
2 0.592417 0.486196 0.059492 0.065886
2 0.591135 0.486511 0.059737 0.066089
2 0.590310 0.487444 0.057446 0.063234
2 0.590066 0.488569 0.057795 0.063558
2 0.589064 0.488688 0.059650 0.065955
2 0.588802 0.489919 0.057466 0.063382
2 0.588379 0.490339 0.058160 0.064144
2 0.588275 0.491157 0.058649 0.064847
2 0.588207 0.491617 0.058013 0.064213
2 0.588257 0.492600 0.058469 0.064445
2 0.588390 0.492884 0.057726 0.063533
2 0.588712 0.493472 0.056463 0.062161
2 0.589385 0.494280 0.059743 0.066179
2 0.589614 0.494481 0.059497 0.065797
2 0.590862 0.495673 0.059189 0.065587
2 0.591393 0.496038 0.057585 0.063303
2 0.592542 0.496750 0.059310 0.065251
2 0.593583 0.497527 0.056949 0.062547
2 0.594778 0.498064 0.056615 0.061933
2 0.596045 0.498616 0.057856 0.063288
2 0.597710 0.499523 0.055550 0.060285
2 0.598914 0.499614 0.057859 0.063256
2 0.600860 0.500688 0.056147 0.060891
2 0.602538 0.501146 0.054952 0.059514
2 0.604986 0.502244 0.057421 0.062505
2 0.606883 0.502910 0.056034 0.060659
2 0.609251 0.503791 0.055344 0.059870
2 0.611531 0.504275 0.056739 0.061569
2 0.613897 0.505185 0.055638 0.060304
2 0.615910 0.505696 0.056568 0.061536
2 0.618912 0.506405 0.058230 0.063433
2 0.621359 0.506915 0.056497 0.061298
2 0.624093 0.507431 0.056987 0.062042
2 0.626783 0.507391 0.057749 0.063007
2 0.628930 0.507197 0.056534 0.061440
2 0.631477 0.506667 0.058381 0.063689
2 0.633444 0.506024 0.057218 0.062272
2 0.635179 0.505222 0.055572 0.060331
2 0.636927 0.504065 0.055195 0.059776
2 0.638438 0.502829 0.055693 0.060454
2 0.639489 0.501742 0.056991 0.062201
2 0.640677 0.500162 0.056828 0.061951
2 0.640683 0.499832 0.056488 0.061573
2 0.641196 0.498835 0.056605 0.061651
2 0.641199 0.497723 0.055548 0.060483
2 0.641073 0.496669 0.055283 0.060261
2 0.640903 0.495353 0.054315 0.059273
2 0.640412 0.494363 0.052925 0.057274
2 0.639936 0.492553 0.052734 0.057071
2 0.639301 0.491477 0.054155 0.059030
2 0.638672 0.490119 0.052568 0.056807
2 0.637772 0.488508 0.055680 0.060583
2 0.636571 0.486935 0.055197 0.059952
2 0.635618 0.485623 0.053400 0.057785
2 0.634803 0.483914 0.055063 0.059896
2 0.633693 0.482264 0.054139 0.058709
2 0.632640 0.480857 0.054916 0.059561
2 0.631453 0.479109 0.056290 0.061306
2 0.630378 0.477649 0.055261 0.060055
2 0.629212 0.475966 0.054066 0.058547
2 0.628136 0.474544 0.055267 0.059975
2 0.626993 0.473181 0.056234 0.061155
2 0.625831 0.471777 0.054789 0.059400
2 0.624460 0.470376 0.053772 0.058098
2 0.623711 0.468908 0.055617 0.060393
2 0.622720 0.467521 0.055095 0.059730
2 0.621826 0.466316 0.054082 0.058499
2 0.620687 0.464918 0.055175 0.059830
2 0.619547 0.463557 0.055265 0.059943
2 0.619217 0.462634 0.054735 0.059307
2 0.618250 0.461378 0.054559 0.058989
2 0.617796 0.460604 0.053529 0.057781
2 0.616838 0.459237 0.053740 0.057914
2 0.615752 0.457944 0.054303 0.058747
2 0.615111 0.457038 0.053165 0.057204
2 0.614505 0.455749 0.054695 0.059209
2 0.613447 0.454626 0.053052 0.057169
2 0.613180 0.453851 0.054718 0.059227
2 0.612438 0.452685 0.053184 0.057266
2 0.611757 0.451739 0.054308 0.058543
2 0.611396 0.450860 0.053583 0.057590
2 0.611272 0.449843 0.054403 0.058433
2 0.610566 0.449010 0.054562 0.058986
2 0.609971 0.448117 0.054883 0.059096
2 0.609844 0.447412 0.055045 0.059316
2 0.609846 0.446918 0.054845 0.059202
2 0.609700 0.445818 0.055327 0.059619
2 0.609735 0.445258 0.055102 0.059494
2 0.609772 0.444558 0.054907 0.059280
2 0.609715 0.443504 0.055406 0.059821
2 0.609703 0.442924 0.055174 0.059679
2 0.609658 0.441867 0.055814 0.060280
2 0.609514 0.440951 0.055734 0.060455
2 0.609467 0.439866 0.056374 0.061078
2 0.609312 0.439051 0.056021 0.060908
2 0.609316 0.437929 0.056397 0.061195
2 0.609082 0.437031 0.055993 0.060954
2 0.608804 0.435953 0.056461 0.061344
2 0.608250 0.435319 0.055939 0.060677
2 0.608250 0.433995 0.056496 0.061110
2 0.607462 0.433509 0.056426 0.061431
2 0.607836 0.432311 0.056837 0.061698
2 0.607528 0.431447 0.056324 0.061291
2 0.607454 0.430523 0.056899 0.061868
2 0.606342 0.429521 0.056204 0.061020
2 0.606244 0.428594 0.056825 0.061720
2 0.605807 0.427665 0.056380 0.061418
2 0.604969 0.426596 0.056487 0.061175
2 0.604268 0.425844 0.056496 0.061514
2 0.603572 0.424880 0.056045 0.060660
2 0.602684 0.423926 0.056520 0.061554
2 0.601934 0.423049 0.055940 0.060564
2 0.601215 0.422085 0.056628 0.061661
2 0.600429 0.421195 0.055837 0.060491
2 0.599339 0.419836 0.056140 0.061108
2 0.598270 0.419037 0.056566 0.061589
2 0.597856 0.418191 0.056419 0.061400
2 0.596385 0.417290 0.056215 0.061310
2 0.595047 0.416271 0.056708 0.061736
2 0.594610 0.415304 0.056005 0.060932
2 0.593139 0.414292 0.056316 0.061208
2 0.592004 0.413391 0.056131 0.061070
2 0.590908 0.412248 0.056147 0.060704
2 0.590047 0.411289 0.056153 0.061053
2 0.588950 0.409948 0.056076 0.060927
2 0.587852 0.409017 0.056174 0.060645
2 0.586679 0.408100 0.055482 0.060059
2 0.586088 0.407193 0.056021 0.060570
2 0.585081 0.406130 0.055373 0.059893
2 0.584692 0.405527 0.055205 0.059585
2 0.583646 0.404715 0.056144 0.060824
2 0.583202 0.404036 0.055224 0.059630
2 0.582908 0.403040 0.056233 0.060823
2 0.582831 0.402402 0.055909 0.060589
2 0.582814 0.401649 0.055274 0.059909
2 0.582820 0.400760 0.056104 0.060805
2 0.582834 0.399849 0.055263 0.059951
2 0.583075 0.398882 0.055625 0.060113
2 0.583370 0.397800 0.054727 0.059160
2 0.583769 0.396390 0.055325 0.060071
2 0.584024 0.394870 0.055582 0.060255
2 0.585178 0.393102 0.054990 0.059390
2 0.585360 0.391492 0.054772 0.059136
2 0.586145 0.389604 0.054418 0.058450
2 0.586384 0.387704 0.054276 0.058236
2 0.586647 0.385795 0.054116 0.058061
2 0.587481 0.383778 0.054625 0.058697
2 0.588040 0.381343 0.054979 0.058970
2 0.588780 0.379251 0.055165 0.059472
2 0.588976 0.376856 0.054608 0.058781
2 0.589415 0.374543 0.053997 0.057895
2 0.590334 0.372350 0.054501 0.058848
2 0.590907 0.369906 0.055012 0.058988
2 0.591682 0.367482 0.055335 0.059673
2 0.592145 0.365136 0.054947 0.059133
2 0.592999 0.362815 0.054380 0.058495
2 0.593187 0.360404 0.054775 0.058930
2 0.594142 0.358014 0.056459 0.060854
2 0.594294 0.356013 0.056394 0.060758
2 0.595065 0.353644 0.055204 0.059329
2 0.595564 0.351697 0.055840 0.060027
2 0.596169 0.349849 0.054986 0.058928
2 0.596263 0.347999 0.055237 0.059354
2 0.596740 0.346548 0.055355 0.059481
2 0.597423 0.344980 0.055077 0.059091
2 0.597938 0.343703 0.055395 0.059677
2 0.598247 0.342396 0.055608 0.059712
2 0.598787 0.341113 0.055692 0.059881
2 0.599102 0.339983 0.055727 0.059844
2 0.599482 0.339181 0.055059 0.059363
2 0.599590 0.338230 0.055778 0.060099
2 0.599809 0.337417 0.055255 0.059587
2 0.600435 0.336388 0.056757 0.061147
2 0.600500 0.335603 0.055501 0.059649
2 0.600764 0.335115 0.054766 0.058693
2 0.601239 0.334218 0.055612 0.059933
2 0.601397 0.333795 0.055230 0.059461
2 0.601773 0.333469 0.056125 0.060447
2 0.601966 0.333150 0.056408 0.060800
2 0.602173 0.333095 0.055906 0.060120
2 0.602289 0.333278 0.054741 0.058673
2 0.602518 0.333760 0.055397 0.059787
2 0.602942 0.334576 0.056020 0.060401
2 0.603354 0.335579 0.054895 0.058826
2 0.603647 0.336831 0.055368 0.059371
2 0.603899 0.338263 0.055385 0.059511
2 0.604307 0.339817 0.055741 0.060290
2 0.604840 0.341536 0.054877 0.058830
2 0.605384 0.343504 0.054740 0.058770
2 0.606054 0.345133 0.055381 0.059882
2 0.606694 0.346750 0.055333 0.059438
2 0.607299 0.348114 0.055513 0.059991
2 0.607988 0.349313 0.054945 0.058922
2 0.608719 0.350655 0.054900 0.059109
2 0.609470 0.351518 0.054871 0.058790
2 0.610102 0.352049 0.054957 0.058892
2 0.610927 0.352145 0.055212 0.059260
2 0.611722 0.352136 0.054924 0.058909
2 0.612441 0.351781 0.055284 0.059423
2 0.613213 0.351275 0.054583 0.058534
2 0.613970 0.350356 0.055268 0.059414
2 0.614750 0.349434 0.054639 0.058546
2 0.615303 0.348047 0.055500 0.059875
2 0.616133 0.346627 0.055702 0.059828
2 0.616843 0.344779 0.055347 0.059753
2 0.617576 0.342743 0.055888 0.060045
2 0.618176 0.340268 0.055401 0.059683
2 0.618625 0.337835 0.055373 0.059637
2 0.619248 0.335279 0.054965 0.058931
2 0.619931 0.332354 0.055533 0.059910
2 0.620430 0.329824 0.054964 0.058959
2 0.620989 0.327228 0.054936 0.058942
2 0.621490 0.324671 0.055620 0.060036
2 0.622083 0.322189 0.055082 0.059061
2 0.622636 0.319737 0.054862 0.059019
2 0.623242 0.317365 0.055486 0.059855
2 0.623886 0.314964 0.055548 0.059652
2 0.624425 0.312840 0.055765 0.060256
2 0.625530 0.310745 0.055564 0.059753
2 0.626420 0.308850 0.055756 0.060079
2 0.627549 0.307227 0.055992 0.060477
2 0.628667 0.305702 0.054911 0.058996
2 0.630309 0.304480 0.054576 0.058573
2 0.631909 0.302891 0.054669 0.058600
2 0.634121 0.301383 0.056172 0.060655
2 0.636497 0.299998 0.054835 0.058924
2 0.639170 0.298537 0.054681 0.058673
2 0.642168 0.296886 0.055022 0.059105
2 0.645551 0.295213 0.055495 0.059715
2 0.649261 0.293212 0.054653 0.058662
2 0.653472 0.290918 0.054904 0.058992
2 0.658119 0.288251 0.054828 0.058914
2 0.662957 0.284949 0.054692 0.058723
2 0.668141 0.280998 0.054403 0.058521
2 0.673651 0.276374 0.055189 0.059312
2 0.679126 0.271141 0.054370 0.058499
2 0.684933 0.265142 0.054464 0.058453
2 0.690767 0.258365 0.055262 0.059349
2 0.696865 0.251215 0.054205 0.058094
2 0.703041 0.243411 0.054427 0.058390
2 0.709613 0.234959 0.055621 0.059792
2 0.716336 0.226020 0.054438 0.058359
2 0.723387 0.216302 0.054538 0.058499
2 0.730640 0.205942 0.054876 0.058931
2 0.738231 0.195106 0.054601 0.058519
2 0.746094 0.183594 0.054688 0.058594
