2 0.685938 0.729492 0.100000 0.052734
2 0.679688 0.752930 0.112500 0.052734
2 0.679688 0.751953 0.103125 0.050781
2 0.689844 0.767578 0.098437 0.054688
2 0.682813 0.771484 0.109375 0.050781
2 0.686719 0.780273 0.089063 0.048828
2 0.689844 0.791016 0.095312 0.054688
2 0.692187 0.792969 0.106250 0.054688
2 0.693750 0.802734 0.093750 0.046875
2 0.694531 0.807617 0.101562 0.048828
2 0.696875 0.811523 0.109375 0.060547
2 0.699219 0.814453 0.104688 0.046875
2 0.700781 0.820312 0.095312 0.058594
2 0.707812 0.824219 0.093750 0.050781
2 0.709375 0.824219 0.100000 0.054688
2 0.714063 0.827148 0.100000 0.060547
2 0.711719 0.827148 0.095312 0.048828
2 0.721094 0.831055 0.114062 0.056641
2 0.728125 0.835938 0.100000 0.050781
2 0.735938 0.837891 0.109375 0.066406
2 0.740625 0.838867 0.100000 0.064453
2 0.740625 0.836914 0.100000 0.060547
2 0.745312 0.834961 0.090625 0.064453
2 0.753906 0.832031 0.107813 0.058594
2 0.756250 0.832031 0.103125 0.058594
2 0.764844 0.833984 0.120313 0.062500
2 0.772656 0.827148 0.104688 0.076172
2 0.775781 0.831055 0.110937 0.083984
2 0.785937 0.833008 0.090625 0.080078
2 0.789844 0.830078 0.098437 0.074219
2 0.794531 0.827148 0.089063 0.080078
2 0.800000 0.829102 0.103125 0.087891
2 0.807812 0.832031 0.087500 0.082031
2 0.817969 0.829102 0.107813 0.076172
2 0.827344 0.826172 0.089063 0.082031
2 0.829688 0.826172 0.093750 0.082031
2 0.834375 0.824219 0.084375 0.085938
2 0.843750 0.820312 0.103125 0.078125
2 0.848437 0.817383 0.093750 0.083984
2 0.857031 0.816406 0.110937 0.082031
2 0.861719 0.812500 0.101562 0.089844
2 0.862500 0.811523 0.103125 0.087891
2 0.866406 0.808594 0.095312 0.093750
2 0.875000 0.810547 0.112500 0.089844
2 0.882812 0.814453 0.096875 0.082031
2 0.889062 0.813477 0.109375 0.080078
2 0.891406 0.811523 0.104688 0.083984
2 0.897656 0.817383 0.117188 0.095703
2 0.903125 0.813477 0.106250 0.103516
2 0.902344 0.820312 0.104688 0.117188
2 0.906250 0.824219 0.096875 0.109375
2 0.907031 0.827148 0.098437 0.115234
2 0.909375 0.832031 0.093750 0.105469
2 0.908594 0.833008 0.092188 0.111328
2 0.903906 0.833984 0.101562 0.109375
2 0.903125 0.833008 0.100000 0.107422
2 0.908594 0.838867 0.092188 0.119141
2 0.907031 0.842773 0.089063 0.126953
2 0.903125 0.847656 0.096875 0.117188
2 0.900781 0.851562 0.092188 0.125000
2 0.901562 0.861328 0.090625 0.105469
2 0.897656 0.858398 0.082812 0.099609
2 0.889844 0.865234 0.098437 0.085938
2 0.888281 0.867188 0.095312 0.089844
2 0.883594 0.867188 0.104688 0.089844
2 0.875781 0.871094 0.089063 0.097656
2 0.870313 0.879883 0.100000 0.080078
2 0.866406 0.881836 0.092188 0.083984
2 0.857812 0.879883 0.109375 0.087891
2 0.855469 0.885742 0.104688 0.099609
2 0.847656 0.889648 0.120313 0.091797
2 0.832812 0.887695 0.090625 0.087891
2 0.823438 0.891602 0.109375 0.080078
2 0.820312 0.891602 0.103125 0.080078
2 0.815625 0.894531 0.112500 0.074219
2 0.805469 0.892578 0.092188 0.070312
2 0.794531 0.894531 0.114062 0.066406
2 0.783594 0.895508 0.095312 0.072266
2 0.776563 0.894531 0.109375 0.074219
2 0.766406 0.893555 0.089063 0.076172
2 0.752344 0.892578 0.117188 0.078125
2 0.743750 0.889648 0.100000 0.072266
2 0.736719 0.893555 0.114062 0.064453
2 0.730469 0.891602 0.101562 0.068359
2 0.718750 0.884766 0.125000 0.082031
2 0.705469 0.878906 0.098437 0.070312
2 0.701562 0.878906 0.106250 0.070312
2 0.694531 0.873047 0.092188 0.058594
2 0.684375 0.868164 0.112500 0.068359
2 0.678906 0.868164 0.101562 0.068359
2 0.672656 0.864258 0.117188 0.076172
2 0.660937 0.857422 0.093750 0.062500
2 0.657031 0.854492 0.101562 0.068359
2 0.649219 0.846680 0.085938 0.052734
2 0.637500 0.833008 0.109375 0.080078
2 0.631250 0.824219 0.096875 0.062500
2 0.617969 0.806641 0.092188 0.054688
2 0.618750 0.808594 0.093750 0.058594
2 0.611719 0.797852 0.107813 0.080078
2 0.602344 0.785156 0.089063 0.054688
2 0.592969 0.775391 0.107813 0.074219
2 0.588281 0.764648 0.098437 0.056641
2 0.583594 0.756836 0.107813 0.072266
2 0.578125 0.749023 0.096875 0.056641
2 0.565625 0.740234 0.121875 0.074219
2 0.560937 0.730469 0.112500 0.054688
2 0.561719 0.718750 0.114062 0.078125
2 0.557031 0.708008 0.104688 0.056641
2 0.551563 0.696289 0.115625 0.080078
2 0.554857 0.682773 0.117130 0.077599
2 0.547467 0.668273 0.124881 0.098379
2 0.531612 0.665269 0.152652 0.135857
2 0.528887 0.658829 0.153316 0.136722
2 0.525071 0.646450 0.153203 0.136541
2 0.521497 0.633325 0.153528 0.136913
2 0.515618 0.615460 0.152593 0.136180
2 0.510142 0.598544 0.152189 0.134819
2 0.508721 0.594150 0.151105 0.133230
2 0.505593 0.582945 0.150649 0.132123
2 0.502862 0.573565 0.150207 0.131022
2 0.500591 0.564361 0.150223 0.130759
2 0.498976 0.559772 0.149833 0.130216
2 0.497085 0.551043 0.150425 0.130870
2 0.495770 0.546062 0.150078 0.130659
2 0.494053 0.538578 0.149567 0.130296
2 0.492906 0.529956 0.149758 0.130359
2 0.491548 0.523488 0.148616 0.128850
2 0.490737 0.519503 0.146975 0.127007
2 0.489729 0.513272 0.145877 0.125837
2 0.489168 0.510581 0.144324 0.124366
2 0.488317 0.505152 0.143454 0.123707
2 0.487604 0.501297 0.143579 0.123792
2 0.486854 0.496958 0.144097 0.124941
2 0.486388 0.495794 0.143954 0.124927
2 0.486296 0.494886 0.143615 0.124991
2 0.485880 0.492686 0.143994 0.125748
2 0.485565 0.491093 0.144521 0.126231
2 0.485420 0.491095 0.145533 0.127761
2 0.485110 0.490820 0.145477 0.127338
2 0.485312 0.491911 0.144842 0.127275
2 0.485283 0.491804 0.144879 0.127317
2 0.485276 0.493774 0.144489 0.126495
2 0.485394 0.494029 0.142873 0.124372
2 0.485359 0.496300 0.143819 0.125604
2 0.485353 0.496912 0.145288 0.128105
2 0.485367 0.499331 0.148055 0.131454
2 0.485792 0.502023 0.149713 0.135041
2 0.486055 0.503211 0.151623 0.138468
2 0.486158 0.505012 0.151248 0.138516
2 0.486549 0.506842 0.151264 0.138540
2 0.487012 0.509370 0.149462 0.136292
2 0.487147 0.510699 0.147458 0.132989
2 0.487795 0.514473 0.144613 0.128254
2 0.487942 0.516404 0.143386 0.127002
2 0.488127 0.521252 0.143066 0.126276
2 0.488328 0.523129 0.143826 0.127529
2 0.488307 0.528678 0.145339 0.129427
2 0.488693 0.530721 0.145936 0.130916
2 0.488560 0.535789 0.146905 0.132998
2 0.488990 0.541605 0.145463 0.131637
2 0.489257 0.543683 0.143578 0.129587
2 0.489377 0.549231 0.141124 0.126092
2 0.489801 0.551509 0.139791 0.124217
2 0.489953 0.557039 0.138293 0.121912
2 0.489965 0.559737 0.137014 0.119769
2 0.490501 0.568032 0.134253 0.115809
2 0.490996 0.570589 0.133944 0.115636
2 0.491882 0.577444 0.133729 0.115947
2 0.493170 0.583348 0.133553 0.115711
2 0.493561 0.586739 0.132912 0.115045
2 0.494824 0.592421 0.131728 0.113348
2 0.496439 0.599093 0.131952 0.114219
2 0.497027 0.602506 0.132927 0.114983
2 0.498700 0.609227 0.134134 0.117217
2 0.499602 0.612587 0.133607 0.115823
2 0.501289 0.619089 0.133411 0.116211
2 0.502424 0.622382 0.134123 0.117257
2 0.504021 0.627783 0.132889 0.115716
2 0.505475 0.630947 0.131963 0.114738
2 0.507290 0.636162 0.130388 0.112621
2 0.509124 0.641249 0.130924 0.112585
2 0.510127 0.643320 0.130914 0.113213
2 0.512154 0.647788 0.131518 0.113485
2 0.513193 0.649547 0.131269 0.113229
2 0.515196 0.652676 0.131345 0.114472
2 0.517383 0.654644 0.131872 0.115775
2 0.518251 0.655453 0.131808 0.116560
2 0.520313 0.656465 0.130061 0.115078
2 0.521957 0.656462 0.129480 0.114460
2 0.522722 0.656196 0.128527 0.113328
2 0.524424 0.654725 0.126741 0.111302
2 0.525108 0.654198 0.125945 0.110357
2 0.526833 0.652701 0.124939 0.109246
2 0.527492 0.651566 0.123712 0.107199
2 0.528874 0.648764 0.122771 0.106715
2 0.529704 0.647257 0.122023 0.105470
2 0.531553 0.642324 0.119942 0.103650
2 0.532495 0.640315 0.119940 0.104064
2 0.533765 0.635761 0.118241 0.101968
2 0.534932 0.634079 0.118109 0.101933
2 0.536142 0.628567 0.116052 0.099757
2 0.536885 0.626460 0.116557 0.100339
2 0.538224 0.620472 0.116519 0.101003
2 0.539637 0.614621 0.115726 0.100276
2 0.540652 0.611992 0.114776 0.099591
2 0.542751 0.605913 0.111816 0.096455
2 0.544408 0.600875 0.110660 0.095433
2 0.545391 0.598102 0.109825 0.094708
2 0.547380 0.593000 0.108478 0.093469
2 0.549018 0.588177 0.107408 0.092306
2 0.549723 0.585267 0.107684 0.092860
2 0.551672 0.579567 0.108505 0.094720
2 0.552188 0.576445 0.107478 0.094037
2 0.554459 0.571131 0.107258 0.094455
2 0.556090 0.565894 0.106479 0.094338
2 0.557570 0.560284 0.104542 0.092009
2 0.558857 0.555912 0.102533 0.089356
2 0.560126 0.553152 0.101468 0.088597
2 0.562160 0.547363 0.099947 0.086613
2 0.563627 0.544114 0.099151 0.085602
2 0.564414 0.540196 0.099198 0.086202
2 0.565610 0.538199 0.098168 0.085072
2 0.566573 0.534462 0.097334 0.084421
2 0.567319 0.532624 0.096882 0.083751
2 0.568717 0.528660 0.096509 0.083142
2 0.569467 0.524488 0.095758 0.082788
2 0.569725 0.522584 0.095815 0.083017
2 0.570963 0.517763 0.096359 0.084256
2 0.571620 0.516659 0.096082 0.084190
2 0.573011 0.511952 0.095979 0.084424
2 0.574173 0.508156 0.096061 0.084858
2 0.574609 0.505968 0.096657 0.085753
2 0.575735 0.501432 0.096637 0.086285
2 0.576454 0.499381 0.095392 0.084935
2 0.577973 0.494885 0.095419 0.084998
2 0.578705 0.492938 0.095383 0.085195
2 0.580469 0.488414 0.094090 0.083977
2 0.582047 0.483671 0.094455 0.084517
2 0.582930 0.481610 0.093968 0.084066
2 0.584772 0.477731 0.093728 0.084124
2 0.586798 0.472868 0.094486 0.085431
2 0.587899 0.470933 0.093067 0.083537
2 0.590015 0.467078 0.092374 0.082675
2 0.592180 0.462776 0.090807 0.080971
2 0.593334 0.461086 0.089951 0.079845
2 0.595546 0.457253 0.087971 0.077045
2 0.596872 0.455134 0.086603 0.075301
2 0.598935 0.452474 0.086314 0.074428
2 0.601207 0.450190 0.085240 0.073987
2 0.602105 0.449041 0.084498 0.073280
2 0.603680 0.447747 0.084655 0.073760
2 0.604894 0.447496 0.085049 0.074411
2 0.606431 0.447917 0.084855 0.074978
2 0.607164 0.448296 0.084949 0.075359
2 0.608231 0.449228 0.084255 0.074880
2 0.608551 0.449875 0.084009 0.074893
2 0.609681 0.453125 0.083687 0.074505
2 0.609770 0.455070 0.083705 0.074540
2 0.609609 0.456989 0.083088 0.073537
2 0.609367 0.461622 0.082718 0.073350
2 0.609437 0.463292 0.082834 0.073503
2 0.608654 0.468705 0.082412 0.072911
2 0.608083 0.473970 0.081836 0.072293
2 0.607646 0.476688 0.081944 0.072346
2 0.606407 0.482711 0.081646 0.072216
2 0.605254 0.488708 0.081669 0.072007
2 0.604750 0.491985 0.081071 0.071379
2 0.603176 0.498605 0.081072 0.071249
2 0.601766 0.505941 0.080150 0.069935
2 0.600122 0.512565 0.079776 0.069582
2 0.597771 0.519526 0.079755 0.068947
2 0.595757 0.526599 0.079531 0.068792
2 0.594452 0.529545 0.079609 0.068490
2 0.592221 0.536517 0.079359 0.068291
2 0.590688 0.538563 0.079253 0.068141
2 0.588840 0.545300 0.079433 0.068450
2 0.586404 0.550568 0.078690 0.067640
2 0.583725 0.556303 0.078742 0.067808
2 0.580989 0.563637 0.078421 0.067754
2 0.578406 0.569393 0.078662 0.068251
2 0.577214 0.573244 0.078796 0.068299
2 0.574121 0.579528 0.078542 0.067977
2 0.572940 0.583484 0.078214 0.067609
2 0.569963 0.590409 0.077573 0.066905
2 0.566743 0.598198 0.077710 0.066967
2 0.565316 0.602082 0.077542 0.066907
2 0.562150 0.609366 0.077679 0.066890
2 0.560963 0.613466 0.077557 0.066760
2 0.557746 0.620591 0.077512 0.066628
2 0.554552 0.629325 0.077631 0.066931
2 0.553487 0.632105 0.077753 0.066820
2 0.550561 0.640116 0.077755 0.066934
2 0.549374 0.643134 0.077380 0.066618
2 0.546722 0.650031 0.077273 0.066492
2 0.544924 0.652942 0.077100 0.066380
2 0.542438 0.660215 0.077547 0.066824
2 0.539453 0.665396 0.077877 0.067413
2 0.537875 0.669757 0.077684 0.067077
2 0.535044 0.673897 0.077506 0.066795
2 0.531669 0.679200 0.077354 0.066834
2 0.528618 0.684714 0.077670 0.067303
2 0.525503 0.688069 0.077264 0.066997
2 0.523707 0.690033 0.077450 0.067176
2 0.521835 0.690931 0.077492 0.067243
2 0.518704 0.694754 0.076993 0.066472
2 0.515262 0.696741 0.076758 0.066302
2 0.513816 0.698224 0.076304 0.065796
2 0.510211 0.699798 0.075797 0.065291
2 0.506151 0.699902 0.075682 0.065127
2 0.504914 0.700607 0.075313 0.064885
2 0.501563 0.700195 0.075000 0.064453
