2 0.378125 0.656250 0.028125 0.039062
2 0.379688 0.657227 0.031250 0.037109
2 0.380000 0.655859 0.030938 0.037891
2 0.380312 0.654492 0.030625 0.038672
2 0.380625 0.653125 0.030313 0.039453
2 0.380937 0.651758 0.030000 0.040234
2 0.381250 0.650391 0.029688 0.041016
2 0.381562 0.649023 0.029375 0.041797
2 0.381875 0.647656 0.029063 0.042578
2 0.382187 0.646289 0.028750 0.043359
2 0.382500 0.644922 0.028438 0.044141
2 0.382812 0.643555 0.028125 0.044922
2 0.383147 0.643229 0.028348 0.045201
2 0.383482 0.642904 0.028571 0.045480
2 0.383817 0.642578 0.028795 0.045759
2 0.384152 0.642253 0.029018 0.046038
2 0.384487 0.641927 0.029241 0.046317
2 0.384821 0.641602 0.029464 0.046596
2 0.385156 0.641276 0.029688 0.046875
2 0.385491 0.640951 0.029911 0.047154
2 0.385826 0.640625 0.030134 0.047433
2 0.386161 0.640299 0.030357 0.047712
2 0.386496 0.639974 0.030580 0.047991
2 0.386830 0.639648 0.030804 0.048270
2 0.387165 0.639323 0.031027 0.048549
2 0.387500 0.638997 0.031250 0.048828
2 0.387835 0.638672 0.031473 0.049107
2 0.388170 0.638346 0.031696 0.049386
2 0.388504 0.638021 0.031920 0.049665
2 0.388839 0.637695 0.032143 0.049944
2 0.389174 0.637370 0.032366 0.050223
2 0.389509 0.637044 0.032589 0.050502
2 0.389844 0.636719 0.032813 0.050781
2 0.390128 0.636674 0.032670 0.050515
2 0.390412 0.636630 0.032528 0.050249
2 0.390696 0.636586 0.032386 0.049982
2 0.390980 0.636541 0.032244 0.049716
2 0.391264 0.636497 0.032102 0.049450
2 0.391548 0.636452 0.031960 0.049183
2 0.391832 0.636408 0.031818 0.048917
2 0.392116 0.636364 0.031676 0.048651
2 0.392401 0.636319 0.031534 0.048384
2 0.392685 0.636275 0.031392 0.048118
2 0.392969 0.636230 0.031250 0.047852
2 0.393253 0.636186 0.031108 0.047585
2 0.393537 0.636142 0.030966 0.047319
2 0.393821 0.636097 0.030824 0.047053
2 0.394105 0.636053 0.030682 0.046786
2 0.394389 0.636009 0.030540 0.046520
2 0.394673 0.635964 0.030398 0.046254
2 0.394957 0.635920 0.030256 0.045987
2 0.395241 0.635875 0.030114 0.045721
2 0.395526 0.635831 0.029972 0.045455
2 0.395810 0.635787 0.029830 0.045188
2 0.396094 0.635742 0.029687 0.044922
2 0.396240 0.635559 0.029785 0.045044
2 0.396387 0.635376 0.029883 0.045166
2 0.396533 0.635193 0.029980 0.045288
2 0.396680 0.635010 0.030078 0.045410
2 0.396826 0.634827 0.030176 0.045532
2 0.396973 0.634644 0.030273 0.045654
2 0.397119 0.634460 0.030371 0.045776
2 0.397266 0.634277 0.030469 0.045898
2 0.397412 0.634094 0.030566 0.046021
2 0.397559 0.633911 0.030664 0.046143
2 0.397705 0.633728 0.030762 0.046265
2 0.397852 0.633545 0.030859 0.046387
2 0.397998 0.633362 0.030957 0.046509
2 0.398145 0.633179 0.031055 0.046631
2 0.398291 0.632996 0.031152 0.046753
2 0.398438 0.632812 0.031250 0.046875
2 0.398475 0.632719 0.031324 0.046503
2 0.398512 0.632626 0.031399 0.046131
2 0.398549 0.632533 0.031473 0.045759
2 0.398586 0.632440 0.031548 0.045387
2 0.398624 0.632347 0.031622 0.045015
2 0.398661 0.632254 0.031696 0.044643
2 0.398698 0.632161 0.031771 0.044271
2 0.398735 0.632068 0.031845 0.043899
2 0.398772 0.631975 0.031920 0.043527
2 0.398810 0.631882 0.031994 0.043155
2 0.398847 0.631789 0.032068 0.042783
2 0.398884 0.631696 0.032143 0.042411
2 0.398921 0.631603 0.032217 0.042039
2 0.398958 0.631510 0.032292 0.041667
2 0.398996 0.631417 0.032366 0.041295
2 0.399033 0.631324 0.032440 0.040923
2 0.399070 0.631231 0.032515 0.040551
2 0.399107 0.631138 0.032589 0.040179
2 0.399144 0.631045 0.032664 0.039807
2 0.399182 0.630952 0.032738 0.039435
2 0.399219 0.630859 0.032813 0.039062
2 0.398918 0.630709 0.033173 0.039062
2 0.398618 0.630559 0.033534 0.039062
2 0.398317 0.630409 0.033894 0.039062
2 0.398017 0.630258 0.034255 0.039062
2 0.397716 0.630108 0.034615 0.039062
2 0.397416 0.629958 0.034976 0.039062
2 0.397115 0.629808 0.035337 0.039062
2 0.396815 0.629657 0.035697 0.039062
2 0.396514 0.629507 0.036058 0.039062
2 0.396214 0.629357 0.036418 0.039062
2 0.395913 0.629207 0.036779 0.039062
2 0.395613 0.629056 0.037139 0.039062
2 0.395313 0.628906 0.037500 0.039062
2 0.395384 0.628906 0.037358 0.039062
2 0.395455 0.628906 0.037216 0.039062
2 0.395526 0.628906 0.037074 0.039062
2 0.395597 0.628906 0.036932 0.039062
2 0.395668 0.628906 0.036790 0.039062
2 0.395739 0.628906 0.036648 0.039062
2 0.395810 0.628906 0.036506 0.039062
2 0.395881 0.628906 0.036364 0.039062
2 0.395952 0.628906 0.036222 0.039062
2 0.396023 0.628906 0.036080 0.039062
2 0.396094 0.628906 0.035937 0.039062
2 0.395526 0.628817 0.035653 0.038885
2 0.394957 0.628729 0.035369 0.038707
2 0.394389 0.628640 0.035085 0.038530
2 0.393821 0.628551 0.034801 0.038352
2 0.393253 0.628462 0.034517 0.038175
2 0.392685 0.628374 0.034233 0.037997
2 0.392116 0.628285 0.033949 0.037820
2 0.391548 0.628196 0.033665 0.037642
2 0.390980 0.628107 0.033381 0.037464
2 0.390412 0.628018 0.033097 0.037287
2 0.389844 0.627930 0.032813 0.037109
2 0.389609 0.628027 0.032969 0.037305
2 0.389375 0.628125 0.033125 0.037500
2 0.389141 0.628223 0.033281 0.037695
2 0.388906 0.628320 0.033437 0.037891
2 0.388672 0.628418 0.033594 0.038086
2 0.388438 0.628516 0.033750 0.038281
2 0.388203 0.628613 0.033906 0.038477
2 0.387969 0.628711 0.034062 0.038672
2 0.387734 0.628809 0.034219 0.038867
2 0.387500 0.628906 0.034375 0.039062
2 0.387266 0.629004 0.034531 0.039258
2 0.387031 0.629102 0.034687 0.039453
2 0.386797 0.629199 0.034844 0.039648
2 0.386563 0.629297 0.035000 0.039844
2 0.386328 0.629395 0.035156 0.040039
2 0.386094 0.629492 0.035312 0.040234
2 0.385859 0.629590 0.035469 0.040430
2 0.385625 0.629687 0.035625 0.040625
2 0.385391 0.629785 0.035781 0.040820
2 0.385156 0.629883 0.035937 0.041016
2 0.384961 0.629822 0.035352 0.040894
2 0.384766 0.629761 0.034766 0.040771
2 0.384570 0.629700 0.034180 0.040649
2 0.384375 0.629639 0.033594 0.040527
2 0.384180 0.629578 0.033008 0.040405
2 0.383984 0.629517 0.032422 0.040283
2 0.383789 0.629456 0.031836 0.040161
2 0.383594 0.629395 0.031250 0.040039
2 0.383398 0.629333 0.030664 0.039917
2 0.383203 0.629272 0.030078 0.039795
2 0.383008 0.629211 0.029492 0.039673
2 0.382812 0.629150 0.028906 0.039551
2 0.382617 0.629089 0.028320 0.039429
2 0.382422 0.629028 0.027734 0.039307
2 0.382227 0.628967 0.027148 0.039185
2 0.382031 0.628906 0.026562 0.039062
2 0.381727 0.628961 0.027170 0.039171
2 0.381424 0.629015 0.027778 0.039280
2 0.381120 0.629069 0.028385 0.039388
2 0.380816 0.629123 0.028993 0.039497
2 0.380512 0.629178 0.029601 0.039605
2 0.380208 0.629232 0.030208 0.039714
2 0.379905 0.629286 0.030816 0.039822
2 0.379601 0.629340 0.031424 0.039931
2 0.379297 0.629395 0.032031 0.040039
2 0.378993 0.629449 0.032639 0.040148
2 0.378689 0.629503 0.033247 0.040256
2 0.378385 0.629557 0.033854 0.040365
2 0.378082 0.629612 0.034462 0.040473
2 0.377778 0.629666 0.035069 0.040582
2 0.377474 0.629720 0.035677 0.040690
2 0.377170 0.629774 0.036285 0.040799
2 0.376866 0.629829 0.036892 0.040907
2 0.376562 0.629883 0.037500 0.041016
2 0.376259 0.629883 0.037240 0.041016
2 0.375955 0.629883 0.036979 0.041016
2 0.375651 0.629883 0.036719 0.041016
2 0.375347 0.629883 0.036458 0.041016
2 0.375043 0.629883 0.036198 0.041016
2 0.374740 0.629883 0.035938 0.041016
2 0.374436 0.629883 0.035677 0.041016
2 0.374132 0.629883 0.035417 0.041016
2 0.373828 0.629883 0.035156 0.041016
2 0.373524 0.629883 0.034896 0.041016
2 0.373220 0.629883 0.034635 0.041016
2 0.372917 0.629883 0.034375 0.041016
2 0.372613 0.629883 0.034115 0.041016
2 0.372309 0.629883 0.033854 0.041016
2 0.372005 0.629883 0.033594 0.041016
2 0.371701 0.629883 0.033333 0.041016
2 0.371398 0.629883 0.033073 0.041016
2 0.371094 0.629883 0.032813 0.041016
2 0.370801 0.630005 0.032813 0.041260
2 0.370508 0.630127 0.032813 0.041504
2 0.370215 0.630249 0.032813 0.041748
2 0.369922 0.630371 0.032813 0.041992
2 0.369629 0.630493 0.032813 0.042236
2 0.369336 0.630615 0.032813 0.042480
2 0.369043 0.630737 0.032813 0.042725
2 0.368750 0.630859 0.032813 0.042969
2 0.368457 0.630981 0.032813 0.043213
2 0.368164 0.631104 0.032813 0.043457
2 0.367871 0.631226 0.032813 0.043701
2 0.367578 0.631348 0.032813 0.043945
2 0.367285 0.631470 0.032813 0.044189
2 0.366992 0.631592 0.032813 0.044434
2 0.366699 0.631714 0.032813 0.044678
2 0.366406 0.631836 0.032813 0.044922
2 0.366276 0.631890 0.032552 0.044596
2 0.366146 0.631944 0.032292 0.044271
2 0.366016 0.631999 0.032031 0.043945
2 0.365885 0.632053 0.031771 0.043620
2 0.365755 0.632107 0.031510 0.043294
2 0.365625 0.632161 0.031250 0.042969
2 0.365495 0.632216 0.030990 0.042643
2 0.365365 0.632270 0.030729 0.042318
2 0.365234 0.632324 0.030469 0.041992
2 0.365104 0.632378 0.030208 0.041667
2 0.364974 0.632433 0.029948 0.041341
2 0.364844 0.632487 0.029688 0.041016
2 0.364714 0.632541 0.029427 0.040690
2 0.364583 0.632595 0.029167 0.040365
2 0.364453 0.632650 0.028906 0.040039
2 0.364323 0.632704 0.028646 0.039714
2 0.364193 0.632758 0.028385 0.039388
2 0.364062 0.632812 0.028125 0.039062
2 0.364062 0.632682 0.028125 0.039062
2 0.364062 0.632552 0.028125 0.039062
2 0.364062 0.632422 0.028125 0.039062
2 0.364062 0.632292 0.028125 0.039062
2 0.364062 0.632161 0.028125 0.039062
2 0.364062 0.632031 0.028125 0.039062
2 0.364062 0.631901 0.028125 0.039062
2 0.364062 0.631771 0.028125 0.039062
2 0.364062 0.631641 0.028125 0.039062
2 0.364062 0.631510 0.028125 0.039062
2 0.364062 0.631380 0.028125 0.039062
2 0.364062 0.631250 0.028125 0.039062
2 0.364062 0.631120 0.028125 0.039062
2 0.364062 0.630990 0.028125 0.039062
2 0.364062 0.630859 0.028125 0.039062
2 0.363849 0.630859 0.027699 0.038707
2 0.363636 0.630859 0.027273 0.038352
2 0.363423 0.630859 0.026847 0.037997
2 0.363210 0.630859 0.026420 0.037642
2 0.362997 0.630859 0.025994 0.037287
2 0.362784 0.630859 0.025568 0.036932
2 0.362571 0.630859 0.025142 0.036577
2 0.362358 0.630859 0.024716 0.036222
2 0.362145 0.630859 0.024290 0.035866
2 0.361932 0.630859 0.023864 0.035511
2 0.361719 0.630859 0.023438 0.035156
2 0.361621 0.630859 0.023828 0.035400
2 0.361523 0.630859 0.024219 0.035645
2 0.361426 0.630859 0.024609 0.035889
2 0.361328 0.630859 0.025000 0.036133
2 0.361230 0.630859 0.025391 0.036377
2 0.361133 0.630859 0.025781 0.036621
2 0.361035 0.630859 0.026172 0.036865
2 0.360938 0.630859 0.026562 0.037109
2 0.360840 0.630859 0.026953 0.037354
2 0.360742 0.630859 0.027344 0.037598
2 0.360645 0.630859 0.027734 0.037842
2 0.360547 0.630859 0.028125 0.038086
2 0.360449 0.630859 0.028516 0.038330
2 0.360352 0.630859 0.028906 0.038574
2 0.360254 0.630859 0.029297 0.038818
2 0.360156 0.630859 0.029687 0.039062
2 0.360026 0.630819 0.029557 0.038981
2 0.359896 0.630778 0.029427 0.038900
2 0.359766 0.630737 0.029297 0.038818
2 0.359635 0.630697 0.029167 0.038737
2 0.359505 0.630656 0.029036 0.038656
2 0.359375 0.630615 0.028906 0.038574
2 0.359245 0.630575 0.028776 0.038493
2 0.359115 0.630534 0.028646 0.038411
2 0.358984 0.630493 0.028516 0.038330
2 0.358854 0.630452 0.028385 0.038249
2 0.358724 0.630412 0.028255 0.038167
2 0.358594 0.630371 0.028125 0.038086
2 0.358464 0.630330 0.027995 0.038005
2 0.358333 0.630290 0.027865 0.037923
2 0.358203 0.630249 0.027734 0.037842
2 0.358073 0.630208 0.027604 0.037760
2 0.357943 0.630168 0.027474 0.037679
2 0.357812 0.630127 0.027344 0.037598
2 0.357682 0.630086 0.027214 0.037516
2 0.357552 0.630046 0.027083 0.037435
2 0.357422 0.630005 0.026953 0.037354
2 0.357292 0.629964 0.026823 0.037272
2 0.357161 0.629924 0.026693 0.037191
2 0.357031 0.629883 0.026562 0.037109
2 0.357099 0.629840 0.026698 0.037194
2 0.357167 0.629798 0.026834 0.037279
2 0.357235 0.629755 0.026970 0.037364
2 0.357303 0.629713 0.027106 0.037449
2 0.357371 0.629671 0.027242 0.037534
2 0.357439 0.629628 0.027378 0.037619
2 0.357507 0.629586 0.027514 0.037704
2 0.357575 0.629543 0.027649 0.037789
2 0.357643 0.629501 0.027785 0.037874
2 0.357711 0.629458 0.027921 0.037959
2 0.357779 0.629416 0.028057 0.038043
2 0.357846 0.629373 0.028193 0.038128
2 0.357914 0.629331 0.028329 0.038213
2 0.357982 0.629288 0.028465 0.038298
2 0.358050 0.629246 0.028601 0.038383
2 0.358118 0.629203 0.028736 0.038468
2 0.358186 0.629161 0.028872 0.038553
2 0.358254 0.629119 0.029008 0.038638
2 0.358322 0.629076 0.029144 0.038723
2 0.358390 0.629034 0.029280 0.038808
2 0.358458 0.628991 0.029416 0.038893
2 0.358526 0.628949 0.029552 0.038978
2 0.358594 0.628906 0.029687 0.039062
