2 0.428484 0.055277 0.037416 0.045139
2 0.428942 0.056126 0.044510 0.042460
2 0.426599 0.059786 0.042167 0.040996
2 0.425930 0.061787 0.045515 0.053782
2 0.429527 0.069303 0.050366 0.045388
2 0.428356 0.072231 0.045681 0.042460
2 0.430113 0.078088 0.049195 0.048316
2 0.430699 0.083212 0.048023 0.046852
2 0.430699 0.086141 0.048023 0.046852
2 0.433627 0.091997 0.051537 0.040996
2 0.432456 0.094925 0.051537 0.040996
2 0.435384 0.102019 0.045681 0.046398
2 0.435135 0.108614 0.052211 0.037109
2 0.440069 0.107370 0.045681 0.042460
2 0.442412 0.113227 0.045681 0.042460
2 0.438241 0.123478 0.044367 0.046875
2 0.442997 0.123122 0.049195 0.044681
2 0.444261 0.131992 0.055425 0.064511
2 0.445023 0.137266 0.042818 0.047300
2 0.446124 0.142098 0.062065 0.069358
2 0.446331 0.144913 0.042525 0.046933
2 0.447050 0.149943 0.051706 0.055220
2 0.446958 0.154786 0.041715 0.046339
2 0.447496 0.159794 0.060782 0.066534
2 0.447349 0.162029 0.052206 0.058170
2 0.447132 0.166742 0.044256 0.050503
2 0.447125 0.168924 0.043249 0.048838
2 0.447013 0.173320 0.047731 0.051414
2 0.447017 0.175722 0.046349 0.049850
2 0.446695 0.180135 0.042433 0.045346
2 0.446641 0.182042 0.044320 0.046987
2 0.446444 0.185748 0.053570 0.057048
2 0.446475 0.187717 0.060485 0.066104
2 0.445949 0.191596 0.072840 0.079622
2 0.445480 0.195644 0.067337 0.070249
2 0.445409 0.197589 0.068296 0.070490
2 0.444889 0.201678 0.077128 0.082950
2 0.444431 0.203708 0.071892 0.076329
2 0.444100 0.207834 0.068141 0.070752
2 0.443952 0.210280 0.073737 0.075738
2 0.443602 0.214756 0.080355 0.084227
2 0.442719 0.219169 0.066517 0.069331
2 0.442427 0.223708 0.065122 0.066657
2 0.442409 0.225756 0.069089 0.069779
2 0.442251 0.230734 0.069849 0.070541
2 0.442035 0.233186 0.063918 0.065060
2 0.442466 0.237757 0.088398 0.089998
2 0.442230 0.240587 0.073865 0.075169
2 0.442431 0.245370 0.076864 0.078377
2 0.442651 0.250789 0.068284 0.069129
2 0.443299 0.252855 0.080498 0.082328
2 0.443795 0.258177 0.080233 0.081472
2 0.443919 0.260863 0.080222 0.082191
2 0.444887 0.265755 0.092260 0.094218
2 0.445502 0.268639 0.082565 0.085242
2 0.446726 0.273798 0.085215 0.086959
2 0.447371 0.276398 0.082908 0.085882
2 0.448845 0.282115 0.080816 0.083930
2 0.450087 0.284466 0.094283 0.096177
2 0.452068 0.290210 0.086801 0.090298
2 0.453456 0.293234 0.093574 0.097131
2 0.456028 0.298291 0.100996 0.103853
2 0.457194 0.301324 0.083128 0.085820
2 0.460229 0.307086 0.086014 0.089493
2 0.463878 0.312516 0.105582 0.108706
2 0.467601 0.318190 0.112065 0.115069
2 0.469186 0.321071 0.089471 0.092044
2 0.473178 0.326285 0.094546 0.095649
2 0.477382 0.332028 0.099063 0.102561
2 0.481256 0.337580 0.101617 0.102849
2 0.482717 0.340375 0.079443 0.080261
2 0.486325 0.345955 0.085709 0.087931
2 0.488011 0.348862 0.084733 0.086461
2 0.491285 0.354807 0.094644 0.098513
2 0.494326 0.361063 0.117142 0.123072
2 0.496706 0.367049 0.118230 0.123940
2 0.497629 0.370326 0.097769 0.102447
2 0.499415 0.377464 0.091787 0.094882
2 0.501384 0.384696 0.116993 0.122515
2 0.502728 0.392203 0.113684 0.119001
2 0.503006 0.395913 0.099273 0.102356
2 0.503544 0.403890 0.098316 0.102599
2 0.503471 0.411897 0.099835 0.103870
2 0.503182 0.416116 0.088036 0.090564
2 0.502095 0.424448 0.076997 0.079275
2 0.501610 0.428369 0.075755 0.077510
2 0.500993 0.432792 0.080965 0.082392
2 0.499328 0.441776 0.081308 0.083469
2 0.497008 0.454986 0.100957 0.104760
2 0.495825 0.459194 0.086073 0.089497
2 0.493598 0.467849 0.073510 0.074712
2 0.492601 0.472042 0.085890 0.089128
2 0.490657 0.480294 0.097765 0.100459
2 0.489185 0.484865 0.074074 0.075793
2 0.487010 0.493667 0.090112 0.092278
2 0.486321 0.497732 0.100387 0.104346
2 0.483588 0.506616 0.072244 0.072873
2 0.482572 0.510862 0.079708 0.080801
2 0.480387 0.519583 0.094292 0.097845
2 0.477873 0.528010 0.073174 0.074612
2 0.475801 0.536880 0.096984 0.100471
2 0.473176 0.545327 0.072958 0.074158
2 0.471975 0.549419 0.068283 0.069640
2 0.469687 0.557912 0.078188 0.079006
2 0.467557 0.566217 0.092510 0.095247
2 0.466235 0.570173 0.090807 0.093424
2 0.463217 0.578637 0.069714 0.070964
2 0.460795 0.586577 0.067394 0.068281
2 0.459492 0.590654 0.066251 0.066874
2 0.456759 0.598162 0.068046 0.068895
2 0.455312 0.602146 0.068413 0.069692
2 0.452529 0.609761 0.075900 0.080211
2 0.451067 0.613404 0.081666 0.085416
2 0.448402 0.621139 0.082678 0.083904
2 0.446945 0.624403 0.086484 0.087596
2 0.443515 0.631481 0.070710 0.072915
2 0.440529 0.637438 0.071752 0.074795
2 0.438941 0.640900 0.075006 0.077322
2 0.435776 0.646616 0.076190 0.079475
2 0.433821 0.649127 0.073291 0.079157
2 0.430638 0.654577 0.075243 0.080949
2 0.429045 0.657255 0.080709 0.085736
2 0.426052 0.661546 0.088511 0.092210
2 0.422957 0.665941 0.082061 0.086504
2 0.421207 0.668149 0.071566 0.075532
2 0.418075 0.672248 0.065986 0.069817
2 0.416616 0.674010 0.064724 0.067737
2 0.414057 0.677065 0.062381 0.063633
2 0.410869 0.680292 0.054009 0.055031
2 0.409728 0.680945 0.063205 0.064295
2 0.407139 0.683380 0.077777 0.079801
2 0.405066 0.685319 0.075324 0.076325
2 0.402536 0.687043 0.079842 0.082731
2 0.401303 0.687829 0.059180 0.061160
2 0.399359 0.688510 0.067478 0.071986
2 0.398477 0.689471 0.066503 0.067392
2 0.396795 0.689793 0.062242 0.064261
2 0.395964 0.689530 0.073074 0.074485
2 0.394319 0.690192 0.065322 0.067311
2 0.393634 0.690020 0.063779 0.065093
2 0.392557 0.689503 0.075822 0.076709
2 0.391130 0.688103 0.063181 0.065383
2 0.390853 0.687628 0.071607 0.072558
2 0.389593 0.686235 0.065030 0.067769
2 0.388927 0.684428 0.063683 0.065823
2 0.388940 0.683385 0.085012 0.087499
2 0.388298 0.680863 0.074505 0.077073
2 0.388023 0.679655 0.076369 0.077172
2 0.387681 0.677057 0.072317 0.073579
2 0.387722 0.673744 0.079012 0.080019
2 0.387427 0.672068 0.067614 0.069879
2 0.387209 0.668298 0.069412 0.072545
2 0.387127 0.664220 0.076162 0.080036
2 0.387182 0.659893 0.089770 0.093838
2 0.386817 0.655140 0.074706 0.079399
2 0.386509 0.653075 0.065813 0.068611
2 0.386500 0.647837 0.074446 0.075271
2 0.386012 0.643099 0.064581 0.066852
2 0.386167 0.640576 0.077661 0.078686
2 0.385229 0.635119 0.071703 0.076314
2 0.384583 0.629946 0.064858 0.066007
2 0.384300 0.627167 0.069820 0.071619
2 0.383172 0.621907 0.065406 0.067247
2 0.383094 0.618958 0.083365 0.084666
2 0.381800 0.613338 0.075690 0.076454
2 0.381156 0.610493 0.072345 0.074175
2 0.379912 0.604720 0.068674 0.069787
2 0.379010 0.601891 0.070798 0.073892
2 0.377621 0.595966 0.070953 0.074153
2 0.376177 0.589992 0.069404 0.070762
2 0.374915 0.583806 0.080294 0.081403
2 0.373730 0.580608 0.063189 0.064224
2 0.372364 0.574601 0.062906 0.063436
2 0.371025 0.567847 0.074216 0.075458
2 0.369467 0.561652 0.065790 0.067377
2 0.368977 0.558449 0.078596 0.080447
2 0.367450 0.551733 0.060989 0.061790
2 0.366232 0.545349 0.063579 0.064892
2 0.364858 0.535349 0.066380 0.067359
2 0.364461 0.531766 0.057145 0.057831
2 0.364218 0.525023 0.073825 0.075578
2 0.363967 0.517620 0.069158 0.070273
2 0.363947 0.513822 0.062154 0.062911
2 0.364193 0.506435 0.053158 0.054351
2 0.364730 0.502173 0.060134 0.062215
2 0.365766 0.493778 0.064505 0.065395
2 0.366402 0.489743 0.064839 0.066166
2 0.367499 0.480873 0.052157 0.052671
2 0.369586 0.472501 0.069711 0.070476
2 0.371428 0.463460 0.054048 0.054780
2 0.372722 0.458909 0.068970 0.069865
2 0.374921 0.449803 0.052419 0.053317
2 0.376471 0.444804 0.063633 0.064804
2 0.379214 0.435503 0.066900 0.067773
2 0.382057 0.425427 0.069884 0.070568
2 0.383382 0.420680 0.052502 0.053763
2 0.386669 0.410799 0.055947 0.058439
2 0.388316 0.405616 0.061890 0.063081
2 0.391918 0.396030 0.062281 0.062842
2 0.393134 0.391025 0.055779 0.058490
2 0.396461 0.381322 0.053648 0.055358
2 0.399634 0.371140 0.060940 0.061473
2 0.402933 0.361344 0.063919 0.064909
2 0.406050 0.351436 0.066020 0.066915
2 0.407263 0.346464 0.052109 0.054563
2 0.409944 0.336983 0.054547 0.057657
2 0.412612 0.327527 0.052010 0.052484
2 0.413800 0.322914 0.047509 0.048540
2 0.415959 0.313913 0.054341 0.054878
2 0.417065 0.309461 0.045174 0.045742
2 0.419318 0.300756 0.061203 0.062337
2 0.420260 0.296297 0.055132 0.056331
2 0.421845 0.287876 0.047762 0.048473
2 0.423577 0.279510 0.059636 0.062264
2 0.424485 0.275468 0.067410 0.070047
2 0.425710 0.267873 0.064632 0.067581
2 0.426343 0.263829 0.065835 0.068654
2 0.427199 0.256074 0.060556 0.062732
2 0.427738 0.252193 0.055551 0.057008
2 0.428437 0.244656 0.051772 0.053139
2 0.429179 0.237406 0.050890 0.051636
2 0.429636 0.233870 0.058264 0.059888
2 0.429897 0.226925 0.055835 0.057762
2 0.430379 0.219797 0.051540 0.052148
2 0.430715 0.216284 0.060954 0.062260
2 0.430736 0.209881 0.049830 0.051022
2 0.430855 0.206327 0.053160 0.054607
2 0.430891 0.200042 0.049575 0.050948
2 0.431033 0.193322 0.065995 0.068599
2 0.430246 0.186979 0.058210 0.060428
2 0.430064 0.183963 0.054605 0.056477
2 0.429557 0.177280 0.058993 0.061225
2 0.429205 0.174623 0.048380 0.049873
2 0.428402 0.168458 0.050042 0.051730
2 0.428179 0.165481 0.054206 0.056354
2 0.427163 0.159520 0.051692 0.052741
2 0.426701 0.156608 0.051256 0.052894
2 0.425520 0.150707 0.050279 0.051072
2 0.425228 0.148168 0.061130 0.063481
2 0.423896 0.142715 0.057405 0.059439
2 0.421701 0.135470 0.047157 0.048623
2 0.421113 0.132963 0.053578 0.054028
2 0.419672 0.128823 0.060340 0.061159
2 0.418785 0.126626 0.059198 0.060969
2 0.417300 0.122836 0.060001 0.061705
2 0.416498 0.121310 0.051975 0.052773
2 0.414511 0.117776 0.047218 0.048391
2 0.412803 0.114939 0.059268 0.060643
2 0.411995 0.113392 0.054131 0.055434
2 0.410132 0.110978 0.060169 0.061758
2 0.409112 0.109962 0.046739 0.048021
2 0.407030 0.108061 0.048906 0.051731
2 0.406134 0.107776 0.049893 0.051101
2 0.404109 0.106572 0.052010 0.054196
2 0.401827 0.105999 0.048515 0.050037
2 0.399765 0.105840 0.050783 0.051438
2 0.398724 0.105508 0.057050 0.058060
2 0.396746 0.105612 0.054035 0.055099
2 0.395336 0.105918 0.050433 0.051897
2 0.393053 0.106221 0.054809 0.058770
2 0.392210 0.106962 0.057345 0.058107
2 0.389800 0.107891 0.054411 0.057704
2 0.387755 0.109085 0.059653 0.060434
2 0.386489 0.109913 0.050415 0.052361
2 0.384842 0.111342 0.056304 0.057130
2 0.383132 0.112240 0.046255 0.047352
2 0.382745 0.112924 0.056576 0.057657
2 0.381100 0.114357 0.044008 0.044399
2 0.380870 0.115106 0.058921 0.060001
2 0.379584 0.116392 0.045298 0.045929
2 0.379454 0.116799 0.057031 0.057716
2 0.378605 0.118553 0.052839 0.053562
2 0.378493 0.119221 0.057440 0.058828
2 0.378023 0.120844 0.061922 0.063386
2 0.377805 0.121392 0.052443 0.053291
2 0.377645 0.123309 0.054746 0.056312
2 0.377587 0.125304 0.053165 0.054362
2 0.377457 0.125952 0.047420 0.048394
2 0.377689 0.128009 0.047724 0.049233
2 0.378196 0.128731 0.064504 0.067081
2 0.378786 0.131060 0.056071 0.057313
2 0.378932 0.132000 0.049792 0.050379
2 0.379983 0.133989 0.051561 0.052876
2 0.380540 0.135453 0.048576 0.049211
2 0.382426 0.139102 0.052637 0.053802
2 0.383311 0.140157 0.061712 0.062995
2 0.384904 0.142384 0.069157 0.070500
2 0.385737 0.143983 0.060105 0.061561
2 0.387524 0.146955 0.054234 0.055776
2 0.388613 0.147916 0.063766 0.064411
2 0.390360 0.151303 0.051577 0.052466
2 0.391746 0.152546 0.058773 0.059250
2 0.393948 0.155774 0.063184 0.064824
2 0.394851 0.157188 0.053108 0.054202
2 0.396961 0.160850 0.053540 0.055306
2 0.399653 0.163821 0.070339 0.071095
2 0.400903 0.165757 0.070073 0.070744
2 0.403085 0.169229 0.057684 0.059432
2 0.404176 0.170881 0.050866 0.051519
2 0.406692 0.174778 0.050998 0.051716
2 0.409201 0.178721 0.051173 0.052262
2 0.410170 0.180667 0.052466 0.053776
2 0.412495 0.184468 0.049725 0.050770
2 0.414979 0.188778 0.054679 0.055306
2 0.416099 0.190927 0.062529 0.064486
2 0.418463 0.195269 0.068515 0.070893
2 0.418802 0.197820 0.053529 0.055623
2 0.420746 0.202387 0.054236 0.056116
2 0.421922 0.204544 0.059743 0.062327
2 0.423496 0.209373 0.057154 0.059480
2 0.424293 0.211663 0.050029 0.051169
2 0.425857 0.216682 0.069995 0.072340
2 0.427046 0.221559 0.050055 0.051224
2 0.427664 0.224115 0.059943 0.060980
2 0.428906 0.229492 0.048438 0.048828
