2 0.750781 0.409180 0.032813 0.029297
2 0.750480 0.408998 0.033670 0.031492
2 0.750417 0.408924 0.033679 0.031532
2 0.750281 0.408891 0.034129 0.033063
2 0.750092 0.408705 0.035457 0.035397
2 0.750054 0.408551 0.037807 0.038529
2 0.749467 0.408455 0.040042 0.038615
2 0.749344 0.408657 0.037933 0.034968
2 0.749023 0.408612 0.038435 0.035999
2 0.749035 0.408605 0.038302 0.035796
2 0.749031 0.408612 0.038313 0.035231
2 0.748946 0.408560 0.038910 0.036385
2 0.748907 0.408535 0.039087 0.037786
2 0.748634 0.408435 0.040093 0.040208
2 0.748634 0.408435 0.040093 0.040208
2 0.748592 0.408202 0.040299 0.041374
2 0.748629 0.407947 0.045046 0.046794
2 0.748608 0.407919 0.044773 0.046765
2 0.748582 0.407875 0.044770 0.047008
2 0.748383 0.407788 0.038656 0.039585
2 0.748526 0.407797 0.039748 0.040952
2 0.748533 0.407746 0.040355 0.042947
2 0.748506 0.407657 0.035065 0.035301
2 0.748569 0.407551 0.032021 0.031496
2 0.748549 0.407576 0.032471 0.031522
2 0.748659 0.407444 0.031833 0.030219
2 0.748829 0.407433 0.032013 0.029963
2 0.748932 0.407430 0.032099 0.029314
2 0.749029 0.407380 0.032152 0.029098
2 0.749178 0.407332 0.032773 0.029504
2 0.749159 0.407329 0.032439 0.029081
2 0.749240 0.407272 0.032304 0.029226
2 0.749491 0.407201 0.032352 0.029774
2 0.749657 0.407065 0.032286 0.030506
2 0.749756 0.406780 0.035693 0.034347
2 0.749756 0.406780 0.035693 0.034347
2 0.749873 0.406754 0.035969 0.034214
2 0.749893 0.406760 0.036929 0.034324
2 0.749914 0.406681 0.038014 0.035664
2 0.750078 0.406537 0.039694 0.036522
2 0.750154 0.406307 0.045850 0.043257
2 0.750154 0.406307 0.045850 0.043257
2 0.750128 0.406311 0.045516 0.042571
2 0.750144 0.406289 0.049344 0.045819
2 0.750147 0.406149 0.047825 0.043986
2 0.750107 0.406156 0.047996 0.043836
2 0.750078 0.406186 0.047580 0.043348
2 0.749562 0.406417 0.056209 0.053780
2 0.749556 0.406187 0.054099 0.053346
2 0.749209 0.405919 0.049187 0.048752
2 0.749194 0.405897 0.046506 0.045371
2 0.748411 0.405789 0.040957 0.038744
2 0.748460 0.405740 0.040884 0.038708
2 0.748428 0.405593 0.040574 0.038564
2 0.748220 0.405785 0.045130 0.044191
2 0.748138 0.405758 0.044962 0.043992
2 0.748096 0.405816 0.047600 0.046990
2 0.747889 0.405881 0.054620 0.056117
2 0.747343 0.405483 0.043475 0.042515
2 0.746713 0.405467 0.042263 0.040751
2 0.746713 0.405467 0.042263 0.040751
2 0.746724 0.405499 0.042037 0.039845
2 0.746395 0.405610 0.045868 0.045123
2 0.745407 0.405649 0.037438 0.034194
2 0.745406 0.405632 0.038122 0.034805
2 0.745129 0.405783 0.041681 0.038353
2 0.745125 0.405864 0.042702 0.039542
2 0.744993 0.406350 0.053188 0.048644
2 0.744396 0.406315 0.049613 0.045276
2 0.744155 0.406324 0.049071 0.044860
2 0.744135 0.406552 0.048077 0.044412
2 0.744001 0.406766 0.048702 0.046212
2 0.743823 0.407052 0.046278 0.045026
2 0.743671 0.407583 0.047352 0.048070
2 0.742965 0.408078 0.054243 0.055282
2 0.742930 0.408060 0.054292 0.053436
2 0.743179 0.408146 0.055481 0.050440
2 0.743099 0.408179 0.055462 0.050297
2 0.742923 0.408242 0.056208 0.051199
2 0.742530 0.409036 0.050852 0.049127
2 0.742528 0.409109 0.052813 0.052165
2 0.742404 0.409402 0.052345 0.052283
2 0.742373 0.409645 0.049892 0.049955
2 0.742414 0.409875 0.052227 0.050960
2 0.742499 0.409880 0.052443 0.051490
2 0.742386 0.410530 0.056171 0.052439
2 0.742289 0.411056 0.054372 0.054223
2 0.742273 0.411336 0.052917 0.053755
2 0.742299 0.411686 0.052608 0.053101
2 0.742407 0.411933 0.053660 0.052176
2 0.742469 0.412962 0.053693 0.053084
2 0.742523 0.412967 0.053848 0.053359
2 0.742496 0.413486 0.052650 0.053418
2 0.742638 0.414872 0.056199 0.055394
2 0.742706 0.415607 0.057512 0.058585
2 0.742711 0.415616 0.058001 0.059144
2 0.743046 0.416706 0.066724 0.066214
2 0.743019 0.416938 0.066508 0.068331
2 0.744175 0.418187 0.065522 0.065079
2 0.744076 0.418885 0.061418 0.063190
2 0.744189 0.419770 0.059956 0.062850
2 0.744238 0.420092 0.063609 0.065154
2 0.744267 0.421854 0.063903 0.067562
2 0.744488 0.422015 0.069099 0.071984
2 0.744851 0.423490 0.075680 0.082218
2 0.745113 0.424100 0.085598 0.095029
2 0.745592 0.424640 0.074948 0.078577
2 0.745660 0.425929 0.064837 0.066329
2 0.745939 0.426383 0.063338 0.062821
2 0.747126 0.427854 0.063678 0.064425
2 0.747342 0.428321 0.063609 0.062798
2 0.747383 0.429740 0.062294 0.062304
2 0.747296 0.430868 0.060693 0.062808
2 0.748846 0.432080 0.060665 0.058000
2 0.749034 0.433585 0.060764 0.060150
2 0.749208 0.433705 0.061983 0.058293
2 0.750106 0.435705 0.066357 0.063586
2 0.750178 0.436278 0.062108 0.061580
2 0.750919 0.439153 0.065850 0.071035
2 0.751647 0.440044 0.069908 0.071040
2 0.751889 0.441114 0.061479 0.065402
2 0.752354 0.443302 0.068704 0.074374
2 0.753270 0.445059 0.064365 0.069081
2 0.753496 0.445191 0.063452 0.067605
2 0.754838 0.447294 0.066729 0.071107
2 0.754920 0.448949 0.061790 0.065766
2 0.754179 0.454316 0.053479 0.048211
2 0.754078 0.453733 0.048995 0.047044
2 0.755469 0.455078 0.039062 0.035156
2 0.754687 0.456055 0.040625 0.033203
2 0.758594 0.459961 0.048438 0.041016
2 0.758594 0.461914 0.048438 0.037109
2 0.757812 0.463867 0.046875 0.041016
2 0.760937 0.464844 0.040625 0.039062
2 0.759375 0.464844 0.037500 0.039062
2 0.758594 0.464844 0.039062 0.039062
2 0.760156 0.468750 0.042188 0.046875
2 0.759375 0.469727 0.043750 0.044922
2 0.760156 0.470703 0.045312 0.046875
2 0.759375 0.473633 0.046875 0.041016
2 0.760156 0.473633 0.048438 0.041016
2 0.759375 0.472656 0.050000 0.042969
2 0.758594 0.477539 0.048438 0.052734
2 0.761719 0.481445 0.042188 0.044922
2 0.763281 0.481445 0.045312 0.044922
2 0.763281 0.481445 0.045312 0.044922
2 0.761719 0.481445 0.042188 0.044922
2 0.757031 0.480469 0.051562 0.046875
2 0.758594 0.485352 0.057813 0.060547
2 0.762500 0.487305 0.050000 0.056641
2 0.762500 0.489258 0.053125 0.064453
2 0.761719 0.492188 0.054688 0.058594
2 0.761719 0.489258 0.054688 0.056641
2 0.762500 0.490234 0.053125 0.054688
2 0.764844 0.494141 0.057813 0.062500
2 0.761719 0.493164 0.064062 0.064453
2 0.762500 0.493164 0.065625 0.068359
2 0.766406 0.499023 0.057813 0.056641
2 0.766406 0.500977 0.057813 0.060547
2 0.767969 0.500000 0.054688 0.062500
2 0.768750 0.498047 0.056250 0.058594
2 0.766406 0.500977 0.060937 0.052734
2 0.765625 0.503906 0.059375 0.058594
2 0.770313 0.508789 0.050000 0.048828
2 0.770313 0.509766 0.053125 0.050781
2 0.768750 0.507812 0.056250 0.054688
2 0.768750 0.505859 0.056250 0.054688
2 0.768750 0.507812 0.056250 0.050781
2 0.769531 0.509766 0.057813 0.054688
2 0.767969 0.506836 0.064062 0.060547
2 0.768750 0.510742 0.065625 0.068359
2 0.771094 0.515625 0.060937 0.058594
2 0.771094 0.516602 0.060937 0.060547
2 0.768750 0.512695 0.065625 0.068359
2 0.768750 0.514648 0.065625 0.072266
2 0.771875 0.517578 0.059375 0.066406
2 0.770312 0.512695 0.059375 0.060547
2 0.774219 0.518555 0.051562 0.048828
2 0.770312 0.517578 0.043750 0.046875
2 0.771875 0.520508 0.040625 0.041016
2 0.770313 0.517578 0.037500 0.035156
2 0.770313 0.517578 0.037500 0.035156
2 0.773438 0.519531 0.043750 0.039062
2 0.770313 0.514648 0.050000 0.048828
2 0.771094 0.516602 0.051562 0.052734
2 0.773438 0.520508 0.046875 0.044922
2 0.773438 0.520508 0.046875 0.044922
2 0.774219 0.519531 0.045312 0.046875
2 0.776563 0.521484 0.050000 0.050781
2 0.778125 0.521484 0.046875 0.050781
2 0.775781 0.521484 0.042188 0.046875
2 0.774219 0.523438 0.051562 0.054688
2 0.772656 0.523438 0.054688 0.054688
2 0.776563 0.527344 0.053125 0.062500
2 0.775781 0.529297 0.054688 0.058594
2 0.775781 0.528320 0.054688 0.056641
2 0.766406 0.521484 0.051562 0.058594
2 0.769531 0.525391 0.057813 0.066406
2 0.774219 0.530273 0.048438 0.056641
2 0.774219 0.528320 0.048438 0.052734
2 0.775781 0.530273 0.045312 0.048828
2 0.775000 0.531250 0.043750 0.050781
2 0.773438 0.531250 0.046875 0.050781
2 0.772656 0.531250 0.045312 0.050781
2 0.772656 0.533203 0.045312 0.046875
2 0.775000 0.535156 0.050000 0.050781
2 0.775000 0.537109 0.050000 0.046875
2 0.774219 0.538086 0.048438 0.048828
2 0.775781 0.541016 0.045312 0.042969
2 0.778125 0.544922 0.050000 0.050781
2 0.775781 0.545898 0.054688 0.048828
2 0.769531 0.547852 0.042188 0.052734
2 0.769531 0.548828 0.042188 0.050781
2 0.767969 0.546875 0.039062 0.046875
2 0.771094 0.543945 0.032813 0.048828
2 0.773438 0.544922 0.037500 0.050781
2 0.770312 0.551758 0.043750 0.037109
2 0.771094 0.552734 0.045312 0.039062
2 0.767969 0.548828 0.051562 0.046875
2 0.768750 0.552734 0.053125 0.054688
2 0.768750 0.555664 0.056250 0.048828
2 0.766406 0.554688 0.051562 0.046875
2 0.767969 0.556641 0.048438 0.042969
2 0.767969 0.560547 0.048438 0.050781
2 0.767188 0.560547 0.050000 0.050781
2 0.764844 0.559570 0.045312 0.048828
2 0.764062 0.561523 0.046875 0.044922
2 0.765625 0.565430 0.050000 0.052734
2 0.762500 0.564453 0.056250 0.054688
2 0.763281 0.564453 0.057813 0.054688
2 0.764062 0.565430 0.056250 0.052734
2 0.764844 0.565430 0.057813 0.052734
2 0.764844 0.564453 0.057813 0.054688
2 0.764844 0.565430 0.057813 0.056641
2 0.767969 0.566406 0.054688 0.054688
2 0.768750 0.571289 0.056250 0.064453
2 0.766406 0.574219 0.064062 0.058594
2 0.763281 0.573242 0.057813 0.056641
2 0.764062 0.572266 0.056250 0.058594
2 0.764062 0.569336 0.056250 0.052734
2 0.763281 0.570312 0.057813 0.050781
2 0.764844 0.571289 0.060937 0.052734
2 0.765625 0.571289 0.059375 0.052734
2 0.764062 0.572266 0.056250 0.054688
2 0.764062 0.573242 0.056250 0.052734
2 0.765625 0.569336 0.059375 0.044922
2 0.765625 0.567383 0.059375 0.048828
2 0.766406 0.571289 0.060937 0.056641
2 0.766406 0.570312 0.060937 0.058594
2 0.764062 0.569336 0.056250 0.056641
2 0.761719 0.565430 0.060937 0.064453
2 0.762500 0.563477 0.062500 0.060547
2 0.767188 0.567383 0.053125 0.052734
2 0.762500 0.563477 0.043750 0.044922
2 0.761719 0.565430 0.045312 0.041016
2 0.764844 0.563477 0.051562 0.037109
2 0.763281 0.558594 0.054688 0.046875
2 0.763281 0.561523 0.054688 0.052734
2 0.760937 0.560547 0.059375 0.054688
2 0.757812 0.558594 0.053125 0.050781
2 0.757031 0.554688 0.060937 0.062500
2 0.760938 0.552734 0.053125 0.050781
2 0.760156 0.551758 0.051562 0.048828
2 0.758594 0.545898 0.054688 0.060547
2 0.759375 0.544922 0.056250 0.058594
2 0.761719 0.545898 0.051562 0.056641
2 0.760156 0.548828 0.048438 0.062500
2 0.755469 0.546875 0.051562 0.054688
2 0.755469 0.543945 0.051562 0.052734
2 0.756250 0.544922 0.050000 0.050781
2 0.756250 0.541016 0.050000 0.042969
2 0.758594 0.540039 0.045312 0.044922
2 0.757812 0.540039 0.043750 0.044922
2 0.756250 0.541016 0.046875 0.042969
2 0.755469 0.540039 0.045312 0.041016
2 0.754687 0.535156 0.046875 0.050781
2 0.757031 0.537109 0.051562 0.054688
2 0.754687 0.534180 0.056250 0.060547
2 0.753906 0.530273 0.054688 0.052734
2 0.756250 0.530273 0.053125 0.052734
2 0.753906 0.530273 0.048438 0.052734
2 0.754687 0.530273 0.046875 0.052734
2 0.753125 0.527344 0.043750 0.046875
2 0.751563 0.525391 0.046875 0.050781
2 0.752344 0.523438 0.048438 0.046875
2 0.753125 0.522461 0.053125 0.048828
2 0.752344 0.524414 0.051562 0.052734
2 0.750781 0.522461 0.054688 0.056641
2 0.753125 0.523438 0.059375 0.058594
2 0.753125 0.516602 0.059375 0.072266
2 0.748437 0.511719 0.050000 0.062500
2 0.747656 0.512695 0.051562 0.060547
2 0.750000 0.513672 0.056250 0.062500
2 0.750000 0.514648 0.046875 0.056641
2 0.746094 0.510742 0.054688 0.064453
2 0.746094 0.511719 0.054688 0.066406
2 0.746875 0.511719 0.053125 0.066406
2 0.744531 0.505859 0.048438 0.054688
2 0.743750 0.505859 0.050000 0.054688
2 0.743750 0.505859 0.050000 0.054688
2 0.745313 0.505859 0.046875 0.054688
2 0.745313 0.503906 0.046875 0.050781
2 0.742969 0.501953 0.051562 0.054688
2 0.740625 0.500000 0.046875 0.050781
2 0.739844 0.498047 0.048438 0.054688
2 0.742188 0.496094 0.053125 0.050781
2 0.740625 0.496094 0.056250 0.050781
2 0.739844 0.496094 0.057813 0.058594
2 0.741406 0.495117 0.054688 0.060547
2 0.741406 0.496094 0.054688 0.058594
2 0.740625 0.493164 0.053125 0.052734
2 0.744531 0.495117 0.045312 0.048828
2 0.746094 0.491211 0.048438 0.041016
2 0.744531 0.482422 0.054688 0.058594
2 0.745312 0.484375 0.056250 0.062500
2 0.748437 0.487305 0.056250 0.056641
2 0.749219 0.484375 0.057813 0.050781
2 0.750781 0.481445 0.039062 0.044922
2 0.750000 0.480469 0.043750 0.046875
2 0.754688 0.481445 0.053125 0.048828
2 0.756250 0.476562 0.050000 0.058594
2 0.754687 0.475586 0.046875 0.056641
2 0.757812 0.475586 0.043750 0.056641
2 0.757031 0.469727 0.042188 0.044922
2 0.760156 0.469727 0.039062 0.048828
