2 0.725000 0.107422 0.065625 0.050781
2 0.729273 0.127455 0.065914 0.051121
2 0.731310 0.138096 0.065682 0.050939
2 0.731312 0.138095 0.065694 0.050959
2 0.734637 0.153845 0.065682 0.051104
2 0.737304 0.164050 0.066160 0.051682
2 0.737285 0.164054 0.066155 0.051681
2 0.741072 0.179840 0.065859 0.051444
2 0.743851 0.190525 0.066201 0.051590
2 0.743848 0.190527 0.066197 0.051589
2 0.748499 0.205721 0.066240 0.051719
2 0.751993 0.216304 0.065901 0.051522
2 0.751997 0.216301 0.065894 0.051508
2 0.759502 0.235763 0.066072 0.051638
2 0.761436 0.240083 0.065945 0.051587
2 0.761439 0.240087 0.065944 0.051586
2 0.770443 0.259761 0.065986 0.051316
2 0.772928 0.264165 0.065986 0.051240
2 0.772930 0.264168 0.066000 0.051247
2 0.782673 0.282697 0.066045 0.051379
2 0.785239 0.288012 0.066037 0.051270
2 0.785238 0.288012 0.066034 0.051265
2 0.793314 0.302209 0.066255 0.051432
2 0.799194 0.311143 0.065749 0.050885
2 0.799194 0.311141 0.065756 0.050889
2 0.807870 0.324579 0.065922 0.051153
2 0.813946 0.333715 0.065883 0.051148
2 0.813949 0.333715 0.065883 0.051145
2 0.823203 0.347352 0.066129 0.051568
2 0.829423 0.356219 0.066336 0.052061
2 0.829424 0.356233 0.066334 0.052061
2 0.838589 0.370357 0.066086 0.051859
2 0.844749 0.379655 0.066363 0.052353
2 0.844746 0.379647 0.066353 0.052345
2 0.853596 0.394324 0.066171 0.052251
2 0.859472 0.404740 0.066107 0.052343
2 0.859481 0.404740 0.066104 0.052343
2 0.867486 0.420247 0.066050 0.052510
2 0.872966 0.430934 0.066231 0.052731
2 0.872969 0.430934 0.066227 0.052726
2 0.882281 0.454180 0.065943 0.052395
2 0.884633 0.459789 0.065492 0.051915
2 0.884626 0.459792 0.065499 0.051924
2 0.890428 0.478237 0.065762 0.052140
2 0.894174 0.491457 0.065445 0.051833
2 0.894174 0.491468 0.065450 0.051838
2 0.898856 0.511317 0.065561 0.051995
2 0.901701 0.524013 0.065261 0.051721
2 0.901695 0.524010 0.065269 0.051730
2 0.904983 0.544697 0.065115 0.051507
2 0.906952 0.559183 0.065500 0.051997
2 0.906949 0.559179 0.065499 0.051997
2 0.909010 0.580645 0.065647 0.052109
2 0.910346 0.595269 0.065458 0.051835
2 0.910350 0.595274 0.065464 0.051840
2 0.911108 0.617216 0.064911 0.051103
2 0.911175 0.631143 0.064695 0.050720
2 0.911180 0.631141 0.064704 0.050730
2 0.911288 0.652602 0.064465 0.050372
2 0.910919 0.667283 0.064801 0.050730
2 0.910918 0.667288 0.064804 0.050742
2 0.910128 0.693833 0.064624 0.050234
2 0.909690 0.707059 0.064154 0.049655
2 0.909690 0.707057 0.064168 0.049664
2 0.908786 0.724720 0.064599 0.050054
2 0.907969 0.735397 0.064385 0.049959
2 0.907970 0.735392 0.064384 0.049961
2 0.907241 0.750652 0.064606 0.050029
2 0.906453 0.760097 0.064103 0.049790
2 0.906453 0.760108 0.064110 0.049799
2 0.905966 0.773584 0.064489 0.050070
2 0.905536 0.777860 0.064239 0.049875
2 0.905539 0.777860 0.064216 0.049851
2 0.904818 0.793452 0.063529 0.049558
2 0.904488 0.796298 0.063594 0.049411
2 0.904491 0.796298 0.063595 0.049412
2 0.904013 0.808346 0.063533 0.049332
2 0.903536 0.811341 0.063083 0.049446
2 0.903537 0.811326 0.063055 0.049425
2 0.902833 0.819972 0.070865 0.060881
2 0.902628 0.821810 0.067865 0.056810
2 0.902636 0.821811 0.067932 0.056962
2 0.901942 0.826271 0.051261 0.046693
2 0.901671 0.828045 0.046779 0.045162
2 0.901663 0.828043 0.046711 0.044976
2 0.901378 0.829984 0.041201 0.039935
2 0.901249 0.830954 0.038373 0.038075
2 0.901249 0.830955 0.037990 0.037519
2 0.901234 0.831779 0.039532 0.036420
2 0.901477 0.831626 0.042926 0.040827
2 0.901472 0.831621 0.042522 0.040278
2 0.901616 0.832041 0.044450 0.044133
2 0.902219 0.832528 0.037911 0.036706
2 0.902223 0.832521 0.037959 0.036760
2 0.902668 0.832607 0.036352 0.034600
2 0.902742 0.832260 0.037689 0.035522
2 0.902727 0.832245 0.037920 0.035853
2 0.903271 0.832270 0.044484 0.045923
2 0.903414 0.832788 0.043490 0.045477
2 0.903435 0.832794 0.043506 0.045524
2 0.903715 0.833171 0.039866 0.039287
2 0.903786 0.833055 0.039468 0.039078
2 0.903791 0.833020 0.039292 0.038909
2 0.903757 0.833353 0.041793 0.040240
2 0.903672 0.833732 0.043959 0.041878
2 0.903669 0.833747 0.043993 0.041974
2 0.903320 0.833936 0.046716 0.047613
2 0.902889 0.834041 0.041118 0.040345
2 0.902896 0.834040 0.041195 0.040468
2 0.902374 0.834315 0.036892 0.036675
2 0.901892 0.834534 0.042973 0.046472
2 0.901865 0.834522 0.042979 0.046465
2 0.901161 0.834878 0.037036 0.037588
2 0.900802 0.834739 0.036038 0.036420
2 0.900809 0.834741 0.036086 0.036486
2 0.899251 0.835162 0.037429 0.037166
2 0.898827 0.835162 0.043406 0.045811
2 0.898869 0.835161 0.042595 0.044674
2 0.897369 0.835093 0.043178 0.045745
2 0.896448 0.834958 0.038996 0.040582
2 0.896441 0.834953 0.038769 0.040275
2 0.894825 0.834755 0.038328 0.040526
2 0.893461 0.834306 0.040452 0.043247
2 0.893462 0.834306 0.040334 0.043085
2 0.891634 0.833905 0.039425 0.038957
2 0.890126 0.834045 0.040047 0.039798
2 0.890122 0.834061 0.039633 0.039219
2 0.888364 0.833592 0.041475 0.040101
2 0.886885 0.833110 0.039325 0.039962
2 0.886885 0.833110 0.039325 0.039962
2 0.883769 0.832725 0.038506 0.039883
2 0.882423 0.831896 0.041635 0.041523
2 0.882422 0.831900 0.041722 0.041671
2 0.880261 0.831115 0.043349 0.045212
2 0.879538 0.831436 0.045987 0.047458
2 0.879535 0.831433 0.046009 0.047549
2 0.877297 0.830609 0.040356 0.043135
2 0.875843 0.829455 0.040801 0.042056
2 0.875840 0.829458 0.040784 0.041957
2 0.871896 0.827768 0.050842 0.056473
2 0.870790 0.827249 0.047515 0.052665
2 0.870796 0.827249 0.047800 0.053046
2 0.868068 0.825367 0.043973 0.043376
2 0.866825 0.824633 0.044697 0.044781
2 0.866822 0.824632 0.044660 0.044730
2 0.863768 0.820917 0.047233 0.044960
2 0.863129 0.820399 0.051270 0.049177
2 0.863125 0.820381 0.051287 0.049234
2 0.860425 0.817148 0.045245 0.042249
2 0.858909 0.814718 0.046062 0.042334
2 0.858906 0.814724 0.045997 0.042233
2 0.856153 0.811164 0.050229 0.049483
2 0.854591 0.808926 0.050374 0.049210
2 0.854591 0.808926 0.050374 0.049210
2 0.852219 0.805155 0.048513 0.047395
2 0.850672 0.802906 0.049441 0.047225
2 0.850672 0.802900 0.049544 0.047353
2 0.848178 0.799139 0.047434 0.044131
2 0.846892 0.796127 0.054494 0.052028
2 0.846894 0.796125 0.054450 0.051928
2 0.844943 0.791442 0.045879 0.042682
2 0.844125 0.788840 0.056823 0.054546
2 0.844125 0.788840 0.056823 0.054546
2 0.842676 0.783703 0.051254 0.051679
2 0.841848 0.780364 0.047844 0.044930
2 0.841853 0.780362 0.047921 0.045017
2 0.841114 0.774989 0.056428 0.054166
2 0.840681 0.771185 0.055004 0.051746
2 0.840683 0.771187 0.055017 0.051718
2 0.840390 0.765421 0.049717 0.044690
2 0.840319 0.761530 0.048940 0.043547
2 0.840308 0.761555 0.048560 0.043044
2 0.840488 0.754823 0.049006 0.047028
2 0.840761 0.750094 0.054003 0.053207
2 0.840770 0.750091 0.054118 0.053384
2 0.841536 0.743308 0.047171 0.043660
2 0.842070 0.738641 0.049479 0.048004
2 0.842057 0.738639 0.049373 0.047984
2 0.842937 0.731372 0.047510 0.045447
2 0.843505 0.727028 0.047481 0.045598
2 0.843498 0.727053 0.047216 0.045220
2 0.844067 0.720416 0.057271 0.055931
2 0.844365 0.715957 0.051512 0.050210
2 0.844368 0.715958 0.051183 0.049735
2 0.844700 0.710032 0.045635 0.042148
2 0.844754 0.708097 0.045510 0.041815
2 0.844751 0.708108 0.045750 0.041936
2 0.844761 0.702310 0.045996 0.041902
2 0.844810 0.698883 0.047638 0.041397
2 0.844809 0.698882 0.047713 0.041531
2 0.843818 0.692191 0.051047 0.050807
2 0.843467 0.690841 0.048560 0.043484
2 0.843467 0.690840 0.048462 0.043419
2 0.841926 0.685077 0.048937 0.043731
2 0.841048 0.682205 0.050951 0.051624
2 0.841048 0.682206 0.050932 0.051589
2 0.839086 0.678409 0.050447 0.050298
2 0.837512 0.675967 0.050886 0.049963
2 0.837508 0.675959 0.050753 0.049774
2 0.835265 0.672069 0.045997 0.042123
2 0.833650 0.669495 0.048502 0.043371
2 0.833653 0.669496 0.048334 0.042998
2 0.830845 0.666093 0.045687 0.040948
2 0.829211 0.663847 0.047287 0.041161
2 0.829201 0.663844 0.047378 0.041298
2 0.826341 0.659932 0.048496 0.043023
2 0.824188 0.657094 0.045814 0.043423
2 0.824188 0.657094 0.045814 0.043423
2 0.821389 0.653207 0.044297 0.040856
2 0.819312 0.650671 0.048282 0.046986
2 0.819312 0.650670 0.048355 0.047027
2 0.816286 0.646775 0.046617 0.044078
2 0.815415 0.645281 0.045765 0.043024
2 0.815408 0.645291 0.045617 0.042794
2 0.812309 0.641698 0.046701 0.043368
2 0.810511 0.638674 0.044942 0.039157
2 0.810511 0.638671 0.045101 0.039393
2 0.807421 0.634608 0.046094 0.039577
2 0.805517 0.632407 0.047049 0.041087
2 0.805509 0.632435 0.047117 0.041023
2 0.802692 0.628138 0.044386 0.039251
2 0.800965 0.625209 0.043530 0.038669
2 0.800955 0.625216 0.043589 0.038775
2 0.798328 0.621072 0.048050 0.044127
2 0.796726 0.617359 0.047708 0.044692
2 0.796741 0.617341 0.047878 0.044724
2 0.794461 0.613000 0.049853 0.045188
2 0.793593 0.611610 0.047434 0.044448
2 0.793613 0.611599 0.047654 0.044897
2 0.790943 0.606616 0.054504 0.053882
2 0.789337 0.603247 0.055585 0.053647
2 0.789336 0.603254 0.055681 0.053798
2 0.787430 0.599437 0.051277 0.047134
2 0.786070 0.596897 0.054510 0.053290
2 0.786061 0.596918 0.054472 0.053281
2 0.784291 0.593152 0.051693 0.047323
2 0.783044 0.591152 0.055971 0.054270
2 0.783044 0.591152 0.055971 0.054270
2 0.781481 0.587459 0.056609 0.054325
2 0.780018 0.584845 0.053822 0.054369
2 0.780000 0.584853 0.054071 0.054722
2 0.778469 0.581434 0.056450 0.055237
2 0.777687 0.580588 0.045236 0.041675
2 0.777685 0.580603 0.045293 0.041820
2 0.775808 0.576201 0.048413 0.044473
2 0.774985 0.575112 0.051169 0.049695
2 0.774983 0.575137 0.051329 0.049943
2 0.773442 0.572264 0.052795 0.050483
2 0.772746 0.570404 0.047024 0.042698
2 0.772746 0.570403 0.047080 0.042855
2 0.771131 0.567464 0.046988 0.043289
2 0.770484 0.565434 0.053597 0.053083
2 0.770484 0.565434 0.053597 0.053083
2 0.769306 0.563094 0.048752 0.047543
2 0.768631 0.562195 0.050672 0.045492
2 0.768654 0.562196 0.050710 0.045598
2 0.767451 0.558786 0.052968 0.052845
2 0.767026 0.558432 0.049816 0.044151
2 0.767026 0.558432 0.049816 0.044151
2 0.765745 0.555503 0.051912 0.050960
2 0.765011 0.554082 0.048454 0.042610
2 0.765011 0.554082 0.048454 0.042610
2 0.764202 0.552065 0.054524 0.051637
2 0.763826 0.552108 0.049115 0.043458
2 0.763828 0.552109 0.049020 0.043393
2 0.762702 0.548650 0.056302 0.054359
2 0.762291 0.548745 0.049988 0.044476
2 0.762285 0.548750 0.049880 0.044246
2 0.761901 0.547316 0.045698 0.041358
2 0.761884 0.546325 0.048886 0.042905
2 0.761879 0.546317 0.049194 0.043382
2 0.761362 0.545750 0.054200 0.054843
2 0.761286 0.545829 0.055706 0.056428
2 0.761282 0.545860 0.055868 0.056475
2 0.760421 0.545993 0.047439 0.042931
2 0.760094 0.544982 0.050247 0.046987
2 0.760094 0.544982 0.050247 0.046987
2 0.759190 0.544304 0.050844 0.046082
2 0.759182 0.543499 0.047518 0.045017
2 0.759182 0.543499 0.047518 0.045017
2 0.758791 0.542221 0.048389 0.043720
2 0.758637 0.542762 0.050619 0.045597
2 0.758637 0.542762 0.050619 0.045597
2 0.757694 0.541511 0.050003 0.048236
2 0.757177 0.540100 0.049132 0.045680
2 0.757177 0.540100 0.049132 0.045680
2 0.756261 0.538607 0.054995 0.051310
2 0.755147 0.538298 0.056361 0.055526
2 0.755147 0.538298 0.056361 0.055526
2 0.754311 0.536493 0.050767 0.046299
2 0.753332 0.536181 0.057312 0.057124
2 0.753332 0.536181 0.057312 0.057124
2 0.751606 0.534161 0.056629 0.056564
2 0.750102 0.532174 0.057391 0.058594
2 0.750102 0.532174 0.057391 0.058594
2 0.748492 0.529917 0.055366 0.057309
2 0.746749 0.529268 0.053557 0.052044
2 0.746749 0.529268 0.053557 0.052044
2 0.744598 0.527269 0.052468 0.049580
2 0.744217 0.525700 0.056790 0.059117
2 0.744217 0.525700 0.056790 0.059117
2 0.740672 0.523822 0.056595 0.058540
