2 0.434375 0.533203 0.084375 0.062500
2 0.428776 0.539710 0.085129 0.064709
2 0.424081 0.545224 0.085733 0.065677
2 0.422876 0.546431 0.085286 0.064958
2 0.420615 0.549167 0.086203 0.066058
2 0.418814 0.551236 0.086283 0.066133
2 0.417718 0.553393 0.085873 0.065817
2 0.417277 0.554267 0.086037 0.065411
2 0.416770 0.555665 0.085870 0.065346
2 0.416667 0.557513 0.085616 0.064810
2 0.417352 0.559272 0.085972 0.064246
2 0.418598 0.561344 0.085828 0.063866
2 0.419759 0.563082 0.085908 0.065116
2 0.421757 0.565982 0.087517 0.067715
2 0.422638 0.566936 0.086927 0.067552
2 0.424070 0.569279 0.087203 0.068245
2 0.425460 0.572229 0.087607 0.068828
2 0.426201 0.573478 0.088100 0.069553
2 0.427579 0.576773 0.087461 0.068831
2 0.429064 0.580224 0.087340 0.068591
2 0.429585 0.582117 0.088058 0.069176
2 0.430902 0.586114 0.088009 0.068964
2 0.432127 0.590178 0.086890 0.067738
2 0.432543 0.592603 0.087784 0.068575
2 0.433966 0.597383 0.087135 0.067693
2 0.435217 0.602284 0.085969 0.066141
2 0.435809 0.604632 0.086930 0.066653
2 0.437154 0.610007 0.085761 0.064961
2 0.437914 0.612735 0.085535 0.064646
2 0.439411 0.617869 0.085514 0.063948
2 0.440945 0.623192 0.085731 0.064693
2 0.442700 0.628479 0.085583 0.064455
2 0.444559 0.633666 0.085912 0.064850
2 0.447512 0.642150 0.085964 0.065623
2 0.450453 0.651202 0.086816 0.066858
2 0.452309 0.657687 0.086409 0.066779
2 0.454147 0.664272 0.086916 0.067335
2 0.454920 0.667821 0.087089 0.067392
2 0.456591 0.674609 0.086797 0.066855
2 0.458175 0.681766 0.086799 0.066954
2 0.458784 0.685285 0.086401 0.066313
2 0.460239 0.692578 0.085987 0.065512
2 0.461472 0.699669 0.086514 0.066209
2 0.461980 0.703585 0.086430 0.065854
2 0.463111 0.710972 0.086289 0.065840
2 0.463941 0.718707 0.087289 0.066969
2 0.464763 0.726519 0.086240 0.065970
2 0.465151 0.730568 0.086459 0.066127
2 0.465835 0.738634 0.087056 0.066845
2 0.466385 0.746887 0.086282 0.065826
2 0.466483 0.751055 0.086073 0.065395
2 0.466851 0.759741 0.087130 0.067034
2 0.466960 0.768162 0.087905 0.068182
2 0.466856 0.776352 0.088678 0.069574
2 0.466432 0.784919 0.089482 0.070099
2 0.465962 0.792937 0.090920 0.071709
2 0.465688 0.797009 0.091670 0.072563
2 0.465025 0.804832 0.092849 0.073919
2 0.464081 0.812228 0.094451 0.076073
2 0.464081 0.816009 0.078477 0.068814
2 0.464666 0.824794 0.074963 0.057101
2 0.460156 0.832031 0.070312 0.046875
2 0.458594 0.837891 0.073438 0.035156
2 0.455469 0.845703 0.067187 0.050781
2 0.454687 0.853516 0.068750 0.035156
2 0.457812 0.858398 0.075000 0.044922
2 0.455469 0.862305 0.079687 0.033203
2 0.450781 0.870117 0.070312 0.052734
2 0.453906 0.883789 0.064062 0.037109
2 0.448437 0.888672 0.059375 0.042969
2 0.449219 0.888672 0.060937 0.042969
2 0.442969 0.901367 0.051562 0.037109
2 0.446094 0.904297 0.057813 0.042969
2 0.442969 0.907227 0.064062 0.037109
2 0.439844 0.913086 0.057813 0.048828
2 0.434375 0.916992 0.068750 0.041016
2 0.434375 0.921875 0.068750 0.050781
2 0.432812 0.928711 0.068750 0.041016
2 0.431250 0.930664 0.065625 0.052734
2 0.430469 0.933594 0.067187 0.046875
2 0.428906 0.936523 0.064062 0.052734
2 0.427344 0.942383 0.067187 0.041016
2 0.422656 0.944336 0.057813 0.044922
2 0.417188 0.950195 0.065625 0.033203
2 0.414844 0.951172 0.060937 0.039062
2 0.410156 0.954102 0.070312 0.033203
2 0.407813 0.958008 0.065625 0.044922
2 0.408594 0.958984 0.067187 0.042969
2 0.405469 0.958008 0.060937 0.041016
2 0.401562 0.960938 0.068750 0.035156
2 0.399219 0.963867 0.064062 0.041016
2 0.396094 0.963867 0.070312 0.041016
2 0.393750 0.963867 0.065625 0.041016
2 0.390625 0.963867 0.071875 0.041016
2 0.389062 0.965820 0.068750 0.044922
2 0.387500 0.968750 0.071875 0.039062
2 0.382812 0.965820 0.062500 0.033203
2 0.378906 0.962891 0.070312 0.039062
2 0.375781 0.965820 0.064062 0.044922
2 0.369531 0.965820 0.076563 0.044922
2 0.364063 0.964844 0.065625 0.042969
2 0.362500 0.964844 0.068750 0.042969
2 0.360156 0.964844 0.064062 0.042969
2 0.358594 0.963867 0.067187 0.044922
2 0.357031 0.962891 0.064062 0.042969
2 0.354687 0.960938 0.068750 0.046875
2 0.350000 0.957031 0.059375 0.039062
2 0.345312 0.958008 0.068750 0.037109
2 0.342969 0.956055 0.064062 0.033203
2 0.339844 0.951172 0.070312 0.042969
2 0.335938 0.948242 0.062500 0.037109
2 0.332813 0.943359 0.068750 0.046875
2 0.331250 0.939453 0.065625 0.039062
2 0.327344 0.936523 0.073438 0.044922
2 0.325781 0.934570 0.070312 0.041016
2 0.324219 0.934570 0.073438 0.041016
2 0.319531 0.931641 0.064062 0.035156
2 0.317188 0.924805 0.068750 0.048828
2 0.314063 0.922852 0.062500 0.044922
2 0.311719 0.918945 0.067187 0.052734
2 0.309375 0.917969 0.062500 0.050781
2 0.301563 0.914062 0.078125 0.058594
2 0.297656 0.909180 0.070312 0.048828
2 0.297656 0.903320 0.070312 0.060547
2 0.297656 0.902344 0.070312 0.058594
2 0.292969 0.899414 0.079687 0.064453
2 0.288281 0.894531 0.070312 0.054688
2 0.288281 0.892578 0.070312 0.058594
2 0.286719 0.889648 0.067187 0.052734
2 0.284375 0.886719 0.071875 0.058594
2 0.285938 0.885742 0.075000 0.056641
2 0.284375 0.878906 0.078125 0.070312
2 0.283594 0.875977 0.076563 0.064453
2 0.283594 0.873047 0.076563 0.070312
2 0.283594 0.871094 0.076563 0.066406
2 0.282031 0.865234 0.079687 0.078125
2 0.280469 0.861328 0.076563 0.070312
2 0.285156 0.856445 0.067187 0.080078
2 0.286719 0.853516 0.070312 0.074219
2 0.289844 0.853516 0.064062 0.074219
2 0.291406 0.851562 0.067187 0.070312
2 0.293750 0.850586 0.062500 0.072266
2 0.295313 0.846680 0.065625 0.064453
2 0.296875 0.843750 0.062500 0.070312
2 0.303906 0.843750 0.076563 0.070312
2 0.309375 0.840820 0.065625 0.076172
2 0.311719 0.839844 0.070312 0.074219
2 0.314844 0.835938 0.064062 0.082031
2 0.319531 0.838867 0.073438 0.087891
2 0.325781 0.841797 0.060937 0.082031
2 0.332031 0.833984 0.076563 0.078125
2 0.337500 0.834961 0.065625 0.076172
2 0.342969 0.832031 0.076563 0.070312
2 0.347656 0.839844 0.067187 0.054688
2 0.353906 0.839844 0.079687 0.054688
2 0.358594 0.832031 0.070312 0.070312
2 0.363281 0.833984 0.079687 0.074219
2 0.371094 0.839844 0.064062 0.062500
2 0.374219 0.836914 0.073438 0.060547
2 0.383594 0.840820 0.054688 0.052734
2 0.389844 0.842773 0.067187 0.056641
2 0.393750 0.842773 0.059375 0.056641
2 0.395313 0.843750 0.062500 0.058594
2 0.400000 0.846680 0.053125 0.052734
2 0.404687 0.846680 0.062500 0.052734
2 0.411719 0.846680 0.048438 0.052734
2 0.414062 0.847656 0.053125 0.054688
2 0.416406 0.849609 0.048438 0.050781
2 0.421875 0.851562 0.059375 0.054688
2 0.423437 0.851562 0.059375 0.054688
2 0.422656 0.851562 0.057813 0.054688
2 0.426563 0.850586 0.050000 0.056641
2 0.428906 0.848633 0.054688 0.052734
2 0.434375 0.854492 0.043750 0.041016
2 0.437500 0.856445 0.050000 0.044922
2 0.435156 0.854492 0.054688 0.048828
2 0.436719 0.851562 0.057813 0.042969
2 0.441406 0.851562 0.048438 0.042969
2 0.440625 0.848633 0.046875 0.037109
2 0.441406 0.846680 0.045312 0.041016
2 0.443750 0.846680 0.050000 0.041016
2 0.444531 0.846680 0.048438 0.041016
2 0.445312 0.846680 0.050000 0.041016
2 0.442969 0.835938 0.054688 0.062500
2 0.441406 0.833008 0.051562 0.056641
2 0.444531 0.836914 0.045312 0.048828
2 0.444531 0.833008 0.045312 0.041016
2 0.441406 0.828125 0.051562 0.050781
2 0.444531 0.822266 0.057813 0.039062
2 0.446875 0.821289 0.053125 0.041016
2 0.444531 0.821289 0.048438 0.041016
2 0.442188 0.819336 0.053125 0.044922
2 0.442188 0.816406 0.053125 0.039062
2 0.444531 0.810547 0.048438 0.050781
2 0.445312 0.807617 0.050000 0.044922
2 0.440625 0.797852 0.059375 0.064453
2 0.442188 0.792969 0.062500 0.054688
2 0.442969 0.788086 0.060937 0.064453
2 0.447656 0.787109 0.070312 0.062500
2 0.450000 0.785156 0.065625 0.066406
2 0.445312 0.780273 0.056250 0.056641
2 0.447656 0.779297 0.051562 0.058594
2 0.451562 0.773438 0.053125 0.046875
2 0.453125 0.766602 0.050000 0.060547
2 0.452344 0.763672 0.048438 0.054688
2 0.455469 0.763672 0.042188 0.054688
2 0.460938 0.763672 0.053125 0.054688
2 0.462718 0.762080 0.054142 0.056572
2 0.466328 0.758014 0.053882 0.056617
2 0.470561 0.755260 0.053182 0.055089
2 0.474559 0.751934 0.055162 0.057669
2 0.478570 0.749167 0.053809 0.056177
2 0.480702 0.747840 0.054359 0.056810
2 0.484643 0.745578 0.053566 0.055748
2 0.490470 0.742782 0.057608 0.060263
2 0.492601 0.742146 0.054466 0.057219
2 0.496104 0.740574 0.055608 0.058759
2 0.499500 0.739255 0.055196 0.057451
2 0.501346 0.738644 0.057607 0.060204
2 0.504550 0.737532 0.055394 0.057053
2 0.507615 0.736169 0.055900 0.057986
2 0.508776 0.735807 0.053937 0.056007
2 0.511132 0.735009 0.056893 0.059735
2 0.512245 0.734682 0.057095 0.059646
2 0.514413 0.733714 0.053958 0.056149
2 0.516223 0.733007 0.056324 0.059652
2 0.517774 0.732185 0.054453 0.057162
2 0.519224 0.731655 0.054407 0.056894
2 0.520639 0.730911 0.057080 0.060428
2 0.521039 0.730705 0.056457 0.059858
2 0.521970 0.729450 0.056781 0.059039
2 0.522280 0.729037 0.056907 0.060197
2 0.522909 0.728032 0.054198 0.056249
2 0.523398 0.726814 0.057530 0.060173
2 0.523608 0.726252 0.055159 0.057415
2 0.523937 0.724534 0.055821 0.059093
2 0.523907 0.723726 0.055892 0.059002
2 0.523856 0.721915 0.055294 0.058294
2 0.523906 0.719941 0.055314 0.058361
2 0.523819 0.719098 0.057495 0.061441
2 0.523803 0.718059 0.055023 0.057840
2 0.523695 0.715532 0.057821 0.061326
2 0.523369 0.714508 0.056361 0.058626
2 0.522923 0.711852 0.056989 0.060144
2 0.522370 0.709580 0.057247 0.061062
2 0.522228 0.708229 0.055344 0.058049
2 0.521626 0.705820 0.058482 0.061357
2 0.521405 0.704397 0.055129 0.057522
2 0.520557 0.701616 0.057505 0.061010
2 0.520303 0.700215 0.057305 0.059611
2 0.519389 0.697669 0.057254 0.060976
2 0.519248 0.696157 0.057118 0.060535
2 0.518060 0.693372 0.056466 0.059732
2 0.517590 0.690097 0.057749 0.061423
2 0.517024 0.689153 0.056095 0.058182
2 0.516280 0.686427 0.056981 0.060286
2 0.515863 0.684823 0.055848 0.058334
2 0.514568 0.682029 0.057338 0.061246
2 0.514514 0.680548 0.057180 0.060605
2 0.513205 0.677719 0.056188 0.059550
2 0.511844 0.674882 0.056215 0.059029
2 0.510933 0.672333 0.058478 0.061379
2 0.509835 0.669232 0.054709 0.057106
2 0.508582 0.666825 0.057140 0.060336
2 0.507972 0.665440 0.055143 0.057154
2 0.506871 0.662426 0.057245 0.060724
2 0.505992 0.661209 0.057008 0.059211
2 0.504822 0.658566 0.057905 0.061056
2 0.503448 0.655769 0.054755 0.056881
2 0.503035 0.654312 0.057646 0.060135
2 0.501516 0.651378 0.057642 0.059871
2 0.500348 0.648574 0.056954 0.060134
2 0.499849 0.646915 0.058462 0.061165
2 0.498259 0.644221 0.055826 0.057646
2 0.497908 0.642089 0.054224 0.056259
2 0.496097 0.638457 0.054890 0.057664
2 0.495617 0.636516 0.055625 0.058262
2 0.494354 0.632478 0.055031 0.057643
2 0.492982 0.628041 0.055397 0.057956
2 0.492581 0.625503 0.058121 0.061627
2 0.491349 0.619674 0.057917 0.061442
2 0.490218 0.614003 0.059842 0.063214
2 0.489678 0.610454 0.055718 0.058644
2 0.488554 0.603572 0.058695 0.061831
2 0.488397 0.600148 0.063190 0.067520
2 0.487746 0.591990 0.064581 0.068917
2 0.487211 0.588045 0.063983 0.067873
2 0.486755 0.579128 0.062876 0.066740
2 0.486685 0.574738 0.064385 0.069122
2 0.486213 0.564893 0.065705 0.070423
2 0.486266 0.559966 0.062843 0.066386
2 0.486209 0.549785 0.064721 0.068761
2 0.485916 0.544386 0.055617 0.059622
2 0.485923 0.533143 0.056954 0.061565
2 0.486320 0.522030 0.058842 0.063949
2 0.486319 0.515806 0.057676 0.062497
2 0.486804 0.503619 0.053036 0.056663
2 0.487358 0.497344 0.054511 0.058130
2 0.488093 0.485180 0.055636 0.059722
2 0.488431 0.478441 0.053863 0.057680
