2 0.707839 0.484449 0.074761 0.075442
2 0.706881 0.489567 0.075357 0.075996
2 0.704399 0.499651 0.075304 0.076155
2 0.703347 0.504978 0.075788 0.076417
2 0.701372 0.514343 0.075512 0.076339
2 0.699677 0.523464 0.074949 0.075747
2 0.698478 0.531981 0.075517 0.076241
2 0.697971 0.536297 0.075895 0.076845
2 0.697467 0.544451 0.075807 0.076443
2 0.697432 0.548194 0.076058 0.076699
2 0.698070 0.555962 0.076344 0.077293
2 0.699478 0.562813 0.075911 0.076725
2 0.700329 0.565978 0.075996 0.076486
2 0.703021 0.571658 0.076564 0.077266
2 0.704455 0.574007 0.076289 0.076932
2 0.707682 0.579146 0.076739 0.077344
2 0.709438 0.581226 0.076534 0.076847
2 0.713051 0.585429 0.076430 0.076492
2 0.716809 0.589510 0.076125 0.076394
2 0.720219 0.593124 0.076045 0.076228
2 0.721963 0.594941 0.076165 0.076083
2 0.725373 0.598265 0.075831 0.075601
2 0.726933 0.599952 0.075472 0.075153
2 0.730171 0.603036 0.076039 0.075807
2 0.731693 0.604295 0.076726 0.076575
2 0.734607 0.607038 0.076090 0.075898
2 0.736085 0.608171 0.076790 0.076721
2 0.738720 0.610453 0.076938 0.077174
2 0.741339 0.612430 0.076514 0.076448
2 0.743548 0.614337 0.076819 0.076948
2 0.744768 0.615386 0.075866 0.075903
2 0.746732 0.616871 0.076082 0.076080
2 0.748445 0.618319 0.076593 0.076545
2 0.749258 0.618942 0.075855 0.075763
2 0.750803 0.619950 0.076921 0.076922
2 0.752045 0.620883 0.075451 0.075051
2 0.752849 0.621765 0.076934 0.077029
2 0.753322 0.622173 0.076424 0.076167
2 0.753860 0.622536 0.076101 0.076002
2 0.754174 0.622689 0.076116 0.076166
2 0.754441 0.622918 0.075793 0.075769
2 0.754468 0.622932 0.075743 0.075681
2 0.754416 0.622669 0.076092 0.076113
2 0.754348 0.622161 0.076737 0.076878
2 0.753872 0.621666 0.076465 0.076361
2 0.753486 0.621190 0.075131 0.074640
2 0.752780 0.620180 0.076781 0.076848
2 0.751899 0.618808 0.075479 0.075003
2 0.751430 0.617944 0.076848 0.076827
2 0.750146 0.616416 0.076046 0.075687
2 0.749571 0.615384 0.075417 0.075282
2 0.748197 0.613352 0.075353 0.075192
2 0.746751 0.611235 0.075405 0.075189
2 0.745847 0.609980 0.076179 0.075883
2 0.744321 0.607475 0.075183 0.074752
2 0.743527 0.606081 0.076770 0.076855
2 0.741850 0.603268 0.075924 0.075930
2 0.740799 0.601759 0.075345 0.074893
2 0.739125 0.597790 0.075522 0.075146
2 0.738569 0.595804 0.075889 0.075843
2 0.737173 0.592147 0.076231 0.076256
2 0.736203 0.587584 0.075998 0.075689
2 0.735347 0.583067 0.076824 0.076945
2 0.734967 0.580623 0.076673 0.076414
2 0.734512 0.575896 0.076177 0.075776
2 0.734532 0.573425 0.076713 0.076378
2 0.734620 0.568200 0.076087 0.075634
2 0.735464 0.562734 0.076204 0.076185
2 0.735830 0.559733 0.076652 0.076537
2 0.737335 0.553900 0.076589 0.076445
2 0.739234 0.547426 0.076436 0.075934
2 0.740407 0.544180 0.076351 0.076161
2 0.743039 0.537311 0.075861 0.075494
2 0.746024 0.530124 0.076158 0.075817
2 0.747543 0.526508 0.075729 0.075320
2 0.751195 0.519050 0.075230 0.074967
2 0.752951 0.515439 0.074797 0.074404
2 0.756727 0.507833 0.074464 0.073827
2 0.760335 0.500147 0.074714 0.074447
2 0.762191 0.496406 0.074845 0.074595
2 0.765571 0.488457 0.074630 0.074120
2 0.767252 0.484829 0.074818 0.074152
2 0.770763 0.477040 0.075064 0.074401
2 0.772600 0.473301 0.075537 0.075163
2 0.775479 0.465691 0.075467 0.074907
2 0.778471 0.458123 0.075409 0.074841
2 0.780107 0.454658 0.075074 0.074440
2 0.782494 0.447571 0.074958 0.074525
2 0.783817 0.444237 0.075819 0.075489
2 0.786108 0.437891 0.074650 0.073886
2 0.787175 0.434835 0.075513 0.075120
2 0.789376 0.428883 0.075312 0.074541
2 0.790898 0.423303 0.074921 0.074083
2 0.791890 0.420675 0.075701 0.075323
2 0.793373 0.415843 0.075093 0.074657
2 0.794501 0.411228 0.075426 0.074845
2 0.795590 0.407063 0.075349 0.074564
2 0.795927 0.405023 0.075310 0.074554
2 0.796626 0.401416 0.075527 0.074986
2 0.796914 0.399843 0.075143 0.074407
2 0.797400 0.396531 0.074500 0.073545
2 0.797475 0.393925 0.075199 0.074378
2 0.797573 0.391522 0.075622 0.074875
2 0.797544 0.389097 0.075032 0.074136
2 0.797153 0.387259 0.075257 0.074254
2 0.796843 0.385672 0.075637 0.074878
2 0.796558 0.384894 0.074908 0.074147
2 0.795803 0.383619 0.075592 0.074530
2 0.795471 0.383091 0.074887 0.073754
2 0.794591 0.382291 0.075318 0.074337
2 0.793594 0.381743 0.075897 0.075165
2 0.793042 0.381552 0.075729 0.074822
2 0.791868 0.381497 0.075748 0.074941
2 0.791462 0.381443 0.075580 0.074609
2 0.790291 0.381712 0.076081 0.075383
2 0.788417 0.382256 0.075447 0.074533
2 0.787686 0.382471 0.074746 0.073479
2 0.786139 0.382966 0.074288 0.072941
2 0.785111 0.383392 0.075374 0.074240
2 0.782986 0.384136 0.075130 0.073939
2 0.781974 0.384542 0.074822 0.073680
2 0.779792 0.385564 0.075617 0.074516
2 0.778447 0.385947 0.075138 0.073798
2 0.776146 0.386652 0.074962 0.074012
2 0.773390 0.387729 0.075423 0.074235
2 0.772063 0.388280 0.074832 0.073415
2 0.769680 0.389548 0.075729 0.074659
2 0.768266 0.390209 0.075257 0.074194
2 0.765167 0.391654 0.075825 0.074826
2 0.762386 0.393260 0.075654 0.074593
2 0.761191 0.394023 0.074844 0.073447
2 0.757942 0.395547 0.075519 0.074200
2 0.756377 0.396684 0.074751 0.073395
2 0.753460 0.398550 0.074613 0.073180
2 0.751913 0.399338 0.075644 0.074283
2 0.748772 0.401114 0.075835 0.074516
2 0.745918 0.403138 0.076174 0.074929
2 0.744395 0.403825 0.075345 0.073929
2 0.741330 0.405637 0.075616 0.074306
2 0.738232 0.407688 0.075854 0.074654
2 0.737146 0.408561 0.076076 0.075122
2 0.734166 0.410266 0.075380 0.074126
2 0.732921 0.411038 0.076193 0.074791
2 0.730350 0.412398 0.075693 0.074221
2 0.729255 0.413036 0.076445 0.075421
2 0.726760 0.414050 0.075477 0.073857
2 0.725581 0.414404 0.076075 0.074563
2 0.723529 0.415220 0.075758 0.074148
2 0.722358 0.415551 0.076112 0.074504
2 0.720412 0.416477 0.076209 0.074626
2 0.719469 0.416563 0.077012 0.075546
2 0.717537 0.417724 0.076061 0.074349
2 0.715766 0.418223 0.076295 0.074582
2 0.715028 0.418749 0.077483 0.076186
2 0.713324 0.419465 0.076328 0.074609
2 0.711718 0.420077 0.076765 0.075114
2 0.710960 0.420586 0.077735 0.076177
2 0.709553 0.421058 0.077070 0.075251
2 0.708101 0.421810 0.076917 0.075045
2 0.706672 0.422351 0.077530 0.075597
2 0.706092 0.422895 0.077436 0.075673
2 0.704618 0.423673 0.077015 0.075156
2 0.703863 0.423984 0.077871 0.076235
2 0.702373 0.425046 0.078123 0.076463
2 0.701670 0.425426 0.078222 0.076797
2 0.700101 0.426380 0.078836 0.077275
2 0.698677 0.427528 0.078422 0.077221
2 0.697114 0.428547 0.078845 0.077491
2 0.695755 0.429644 0.078923 0.077873
2 0.695116 0.430400 0.078588 0.077027
2 0.693724 0.431812 0.078620 0.077299
2 0.693036 0.432638 0.078660 0.077178
2 0.691659 0.433793 0.078341 0.076967
2 0.690229 0.435395 0.077960 0.076660
2 0.688788 0.436428 0.078763 0.077387
2 0.687445 0.437332 0.078388 0.077379
2 0.686950 0.437662 0.078269 0.077136
2 0.685600 0.438612 0.078603 0.077383
2 0.684867 0.438755 0.079450 0.078649
2 0.683714 0.439666 0.078586 0.077554
2 0.682877 0.440250 0.079158 0.078049
2 0.681810 0.440673 0.079166 0.078357
2 0.680796 0.441360 0.078151 0.077260
2 0.680182 0.441550 0.079162 0.078605
2 0.679100 0.441748 0.078388 0.077369
2 0.678606 0.442078 0.079513 0.078698
2 0.677708 0.441845 0.078493 0.077420
2 0.676617 0.441914 0.079137 0.078262
2 0.676200 0.441773 0.078472 0.077530
2 0.675162 0.441183 0.078983 0.078486
2 0.674504 0.440601 0.078740 0.077870
2 0.674112 0.439663 0.079613 0.079183
2 0.673508 0.438406 0.080114 0.079566
2 0.673024 0.436335 0.080053 0.079198
2 0.673092 0.435432 0.079679 0.078989
2 0.673211 0.433055 0.080517 0.079796
2 0.673135 0.431723 0.080848 0.080000
2 0.673727 0.429075 0.082175 0.081607
2 0.674693 0.425913 0.081192 0.080213
2 0.676052 0.422868 0.081407 0.080434
2 0.677953 0.419271 0.081490 0.080694
2 0.679040 0.417709 0.081736 0.081002
2 0.681730 0.414072 0.082697 0.082222
2 0.683235 0.412182 0.082996 0.082546
2 0.686521 0.408331 0.082865 0.082448
2 0.688465 0.406351 0.081988 0.081384
2 0.692262 0.401869 0.082006 0.081700
2 0.694428 0.399734 0.082110 0.081890
2 0.698755 0.395156 0.082519 0.082391
2 0.701056 0.393043 0.081776 0.081379
2 0.705669 0.388469 0.081602 0.081315
2 0.710081 0.384578 0.082430 0.082602
2 0.712298 0.382530 0.082064 0.081929
2 0.716641 0.378274 0.081993 0.081991
2 0.718694 0.376350 0.082268 0.082182
2 0.722838 0.372618 0.081973 0.081854
2 0.724835 0.370635 0.082430 0.082415
2 0.728160 0.367408 0.083916 0.084179
2 0.729846 0.365720 0.084183 0.084233
2 0.732818 0.362596 0.083737 0.083888
2 0.735436 0.359932 0.084195 0.084268
2 0.736513 0.358515 0.084679 0.085147
2 0.738427 0.356334 0.084460 0.084812
2 0.739282 0.355110 0.084321 0.084851
2 0.740518 0.353257 0.084289 0.084736
2 0.740863 0.352377 0.085410 0.085986
2 0.741501 0.351239 0.084766 0.085302
2 0.741807 0.350618 0.084272 0.084432
2 0.741712 0.349887 0.084915 0.085213
2 0.741698 0.349528 0.084642 0.085045
2 0.741101 0.349186 0.085519 0.086244
2 0.740409 0.348968 0.085220 0.085636
2 0.739239 0.348993 0.085767 0.086377
2 0.738097 0.349153 0.085947 0.086356
2 0.737453 0.349275 0.085485 0.085545
2 0.735877 0.349663 0.085963 0.086081
2 0.735026 0.349980 0.086877 0.086913
2 0.733063 0.350725 0.086320 0.086495
2 0.731195 0.351894 0.086158 0.085867
2 0.730055 0.352430 0.086663 0.086775
2 0.727831 0.353628 0.086568 0.086306
2 0.726600 0.354309 0.087036 0.086923
2 0.724307 0.355699 0.086750 0.086283
2 0.723006 0.356619 0.086095 0.085853
2 0.720471 0.358168 0.086914 0.086573
2 0.719042 0.359074 0.087012 0.086882
2 0.716407 0.360835 0.086921 0.086600
2 0.713840 0.362603 0.085677 0.085107
2 0.712361 0.363720 0.086712 0.086026
2 0.709494 0.365748 0.087205 0.086779
2 0.706508 0.368194 0.086202 0.085821
2 0.704988 0.369282 0.086644 0.086119
2 0.702010 0.372019 0.085955 0.085365
2 0.700573 0.373318 0.086330 0.085631
2 0.697201 0.376382 0.086143 0.085666
2 0.693858 0.379618 0.086079 0.085391
2 0.690667 0.382583 0.084913 0.084078
2 0.689114 0.383796 0.085028 0.084286
2 0.686034 0.386166 0.084965 0.084213
2 0.682975 0.388396 0.085194 0.084312
2 0.679933 0.390264 0.085288 0.084491
2 0.678712 0.390876 0.085697 0.084678
2 0.676147 0.392286 0.084212 0.082938
2 0.674932 0.392727 0.084950 0.083621
2 0.672658 0.392913 0.086605 0.085712
2 0.671780 0.392863 0.086310 0.085271
2 0.670420 0.392043 0.086639 0.086044
2 0.669271 0.390916 0.087883 0.087305
2 0.668963 0.390126 0.087152 0.086628
2 0.668511 0.388668 0.087320 0.086508
2 0.667897 0.387081 0.089220 0.088946
2 0.667629 0.386139 0.089192 0.089227
2 0.667260 0.384405 0.090210 0.090365
2 0.667206 0.382889 0.090342 0.090672
2 0.667240 0.382243 0.089684 0.090016
2 0.667271 0.381114 0.090406 0.090750
2 0.667201 0.380471 0.090147 0.090498
2 0.667293 0.379562 0.090051 0.090214
2 0.667315 0.379144 0.089968 0.090101
2 0.667259 0.378585 0.089706 0.089961
2 0.667186 0.378261 0.089654 0.090010
2 0.666788 0.377861 0.089281 0.089458
2 0.666797 0.377610 0.089565 0.089608
2 0.666030 0.377474 0.090670 0.091057
2 0.665481 0.377252 0.089835 0.089786
2 0.665055 0.377329 0.090211 0.090014
2 0.664189 0.377409 0.090222 0.089868
2 0.660804 0.378312 0.091685 0.091388
2 0.659181 0.379361 0.092008 0.091758
2 0.657198 0.380481 0.093841 0.093659
2 0.655067 0.382285 0.094449 0.094495
2 0.653009 0.384658 0.093733 0.093520
2 0.651889 0.385710 0.094088 0.093499
2 0.649470 0.388610 0.092449 0.091015
2 0.647062 0.392473 0.093225 0.091662
2 0.645812 0.394243 0.093497 0.091747
2 0.643223 0.398840 0.093395 0.091556
2 0.640521 0.403722 0.092218 0.089883
2 0.637715 0.409151 0.093671 0.092181
2 0.636422 0.412150 0.093621 0.091916
2 0.633500 0.418139 0.094361 0.092834
2 0.632200 0.421547 0.092948 0.090663
2 0.629406 0.427953 0.091435 0.089121
2 0.626554 0.435143 0.091533 0.089417
2 0.625196 0.438926 0.091524 0.089261
2 0.622363 0.446146 0.091922 0.089981
2 0.620942 0.449777 0.092414 0.090535
2 0.618444 0.456587 0.091852 0.089625
2 0.616026 0.463678 0.092431 0.090576
2 0.613926 0.470513 0.092418 0.090396
2 0.612399 0.477190 0.092722 0.090880
2 0.611719 0.480469 0.092188 0.089844
