2 0.787654 0.375163 0.068349 0.046435
2 0.787021 0.379395 0.068540 0.046626
2 0.786984 0.388082 0.068567 0.046754
2 0.786593 0.398249 0.068544 0.046674
2 0.785227 0.401785 0.068607 0.046792
2 0.784724 0.411011 0.068390 0.046661
2 0.783655 0.420657 0.068360 0.046539
2 0.782043 0.425345 0.068326 0.046511
2 0.780499 0.433975 0.068323 0.046206
2 0.779259 0.439875 0.068408 0.046183
2 0.777462 0.448774 0.068425 0.045831
2 0.776626 0.453946 0.068172 0.045483
2 0.773478 0.463348 0.067949 0.045110
2 0.773064 0.467846 0.067668 0.044509
2 0.770463 0.477655 0.067545 0.044315
2 0.769702 0.482074 0.067488 0.044207
2 0.766968 0.490265 0.067665 0.044466
2 0.764066 0.498697 0.067066 0.043906
2 0.763359 0.502620 0.067123 0.043883
2 0.760628 0.510438 0.067314 0.044068
2 0.759396 0.513944 0.067005 0.043779
2 0.757050 0.521958 0.066893 0.043529
2 0.754997 0.528228 0.066522 0.043121
2 0.753288 0.531865 0.066297 0.043000
2 0.751290 0.537947 0.066698 0.043354
2 0.748502 0.542799 0.066709 0.043464
2 0.746489 0.548786 0.067032 0.043755
2 0.745236 0.551315 0.066684 0.043331
2 0.743307 0.557217 0.066720 0.043382
2 0.741032 0.561027 0.066422 0.043059
2 0.739860 0.564385 0.066764 0.043502
2 0.737718 0.568414 0.066356 0.043457
2 0.735723 0.573257 0.066626 0.043383
2 0.733814 0.578659 0.066512 0.043142
2 0.732271 0.581610 0.066760 0.043509
2 0.730736 0.584213 0.066607 0.043270
2 0.729111 0.587640 0.066617 0.043331
2 0.727534 0.592191 0.066514 0.043103
2 0.725531 0.596097 0.066253 0.042962
2 0.724961 0.597830 0.066031 0.043013
2 0.723002 0.601722 0.066217 0.043082
2 0.722133 0.602721 0.065987 0.042986
2 0.720618 0.607225 0.066050 0.043062
2 0.719102 0.610546 0.066111 0.043029
2 0.718423 0.611926 0.066368 0.043125
2 0.717263 0.615711 0.066010 0.042922
2 0.716477 0.616735 0.066075 0.043000
2 0.715491 0.620261 0.066094 0.042848
2 0.714734 0.622139 0.066110 0.042939
2 0.713495 0.625222 0.066016 0.042826
2 0.712560 0.627736 0.065743 0.042663
2 0.712159 0.629600 0.066026 0.042875
2 0.709549 0.633023 0.065710 0.042630
2 0.708492 0.634094 0.065711 0.042943
2 0.707692 0.634684 0.065579 0.042822
2 0.706342 0.636177 0.065292 0.042745
2 0.705535 0.636333 0.065652 0.042964
2 0.704300 0.637219 0.065560 0.042709
2 0.703033 0.637140 0.065337 0.042571
2 0.702128 0.636689 0.065647 0.042931
2 0.700783 0.636000 0.065773 0.042936
2 0.700190 0.635783 0.065423 0.042648
2 0.698917 0.634895 0.065554 0.042732
2 0.698481 0.635291 0.065462 0.042528
2 0.697713 0.634978 0.065765 0.042691
2 0.696157 0.632608 0.065698 0.042768
2 0.695003 0.630718 0.065634 0.042736
2 0.694625 0.630604 0.065718 0.042681
2 0.693718 0.629295 0.065352 0.042412
2 0.693035 0.628177 0.065758 0.042745
2 0.692499 0.627548 0.065487 0.042483
2 0.691338 0.625640 0.065614 0.042516
2 0.690610 0.625140 0.065723 0.042768
2 0.689897 0.623214 0.065854 0.042660
2 0.689435 0.622821 0.065673 0.042555
2 0.688672 0.620456 0.065783 0.042647
2 0.687326 0.619345 0.065565 0.042688
2 0.686971 0.617819 0.065880 0.042965
2 0.686259 0.617450 0.065630 0.042814
2 0.685309 0.615725 0.065764 0.042919
2 0.684053 0.613444 0.065512 0.042741
2 0.683730 0.613402 0.065650 0.042823
2 0.682578 0.611622 0.065901 0.043229
2 0.681028 0.609833 0.066202 0.043543
2 0.680089 0.609045 0.065823 0.043075
2 0.678662 0.608198 0.065966 0.043249
2 0.677065 0.607143 0.065996 0.043285
2 0.674944 0.606509 0.066042 0.043344
2 0.673923 0.606108 0.065959 0.043366
2 0.672311 0.606503 0.065997 0.043334
2 0.669177 0.606535 0.065993 0.043329
2 0.666466 0.607136 0.066093 0.043500
2 0.665296 0.606762 0.066226 0.043569
2 0.662192 0.609112 0.066313 0.043779
2 0.659173 0.609536 0.066189 0.043760
2 0.657628 0.611367 0.066184 0.043760
2 0.654444 0.612313 0.066157 0.043572
2 0.650583 0.614305 0.065887 0.043251
2 0.648625 0.615563 0.065803 0.043386
2 0.644562 0.617825 0.066001 0.043496
2 0.642993 0.619798 0.066020 0.043509
2 0.638432 0.623172 0.066279 0.043828
2 0.634089 0.628593 0.066174 0.043617
2 0.627445 0.633788 0.066096 0.043411
2 0.622858 0.636645 0.066092 0.043438
2 0.617729 0.640812 0.065796 0.043136
2 0.614958 0.642572 0.065803 0.043095
2 0.609590 0.645665 0.065892 0.043106
2 0.607133 0.647416 0.065704 0.042963
2 0.601652 0.649634 0.065422 0.042675
2 0.596737 0.654025 0.065640 0.042882
2 0.591894 0.654389 0.066380 0.043684
2 0.588646 0.656962 0.065666 0.042962
2 0.583597 0.657656 0.065633 0.042746
2 0.578441 0.658784 0.065034 0.042451
2 0.572872 0.660763 0.065574 0.042792
2 0.570581 0.661095 0.065241 0.042319
2 0.565689 0.661860 0.065643 0.042628
2 0.560507 0.661555 0.065239 0.042352
2 0.555497 0.661292 0.066038 0.043005
2 0.553453 0.660769 0.065588 0.042581
2 0.548630 0.658896 0.066072 0.043079
2 0.545013 0.657300 0.065514 0.042674
2 0.542994 0.656211 0.065694 0.042902
2 0.539265 0.652934 0.065680 0.042815
2 0.537733 0.650704 0.065777 0.042962
2 0.535445 0.647797 0.066053 0.043156
2 0.532847 0.641814 0.065703 0.042939
2 0.531533 0.640018 0.065674 0.042948
2 0.529658 0.633945 0.065623 0.042867
2 0.529079 0.631551 0.065996 0.043054
2 0.527634 0.621109 0.066170 0.043084
2 0.526843 0.617033 0.065728 0.042783
2 0.526509 0.609175 0.065693 0.042620
2 0.526089 0.605005 0.065936 0.042887
2 0.526044 0.596839 0.066128 0.043239
2 0.526428 0.588463 0.065923 0.043542
2 0.526033 0.584303 0.066297 0.043940
2 0.526373 0.575614 0.065802 0.043659
2 0.526725 0.567042 0.065752 0.043752
2 0.526562 0.562435 0.065874 0.044072
2 0.526777 0.553815 0.065794 0.044034
2 0.527450 0.549045 0.066049 0.044449
2 0.527249 0.540481 0.066079 0.044439
2 0.527901 0.531549 0.065828 0.044427
2 0.527433 0.527460 0.065981 0.044535
2 0.527254 0.518528 0.065996 0.044441
2 0.526782 0.514198 0.065787 0.044333
2 0.526505 0.506389 0.065961 0.044310
2 0.526526 0.497297 0.066179 0.043974
2 0.525960 0.493503 0.065698 0.043097
2 0.525012 0.484611 0.065646 0.043050
2 0.524556 0.480537 0.066054 0.043189
2 0.523366 0.472676 0.065607 0.042649
2 0.522896 0.465699 0.066176 0.042901
2 0.522483 0.461174 0.066182 0.043005
2 0.521425 0.454492 0.066373 0.043381
2 0.520736 0.446201 0.066279 0.043315
2 0.519618 0.438481 0.066452 0.043392
2 0.519033 0.435010 0.066401 0.043483
2 0.518487 0.428197 0.066470 0.043476
2 0.517899 0.424879 0.066732 0.043669
2 0.516896 0.417961 0.066862 0.043772
2 0.515771 0.411671 0.066607 0.043611
2 0.515318 0.405767 0.066836 0.043740
2 0.514918 0.402975 0.066875 0.043749
2 0.514059 0.397518 0.066605 0.043508
2 0.513678 0.394965 0.067026 0.043544
2 0.512490 0.389178 0.066624 0.043187
2 0.511800 0.384831 0.066993 0.043676
2 0.511286 0.380876 0.066644 0.043476
2 0.510605 0.378990 0.066970 0.043587
2 0.509730 0.374643 0.066786 0.043519
2 0.509098 0.371533 0.066832 0.043399
2 0.508145 0.368237 0.066707 0.043348
2 0.507556 0.366389 0.067001 0.043432
2 0.506798 0.364417 0.067034 0.043558
2 0.506080 0.361815 0.067751 0.044470
2 0.505480 0.360873 0.067614 0.044044
2 0.504324 0.359468 0.067490 0.044251
2 0.503131 0.357909 0.067787 0.044562
2 0.501465 0.356225 0.067958 0.044613
2 0.500306 0.355609 0.067971 0.044134
2 0.499509 0.354560 0.068887 0.044805
2 0.498636 0.353562 0.069304 0.045703
2 0.497321 0.353613 0.070660 0.047268
2 0.497204 0.352575 0.070357 0.046805
2 0.495896 0.351510 0.070699 0.047817
2 0.494795 0.349814 0.071408 0.049049
2 0.494681 0.349459 0.072088 0.049679
2 0.493826 0.347870 0.072725 0.050637
2 0.493580 0.347592 0.073188 0.051211
2 0.493255 0.345787 0.073304 0.051708
2 0.493571 0.345698 0.073357 0.051943
2 0.493249 0.342928 0.073730 0.052412
2 0.493437 0.342959 0.073334 0.052155
2 0.494016 0.341030 0.073789 0.052591
2 0.494935 0.340660 0.073426 0.052133
2 0.495346 0.338785 0.073532 0.052293
2 0.496784 0.338325 0.073461 0.052059
2 0.496824 0.336688 0.073732 0.052169
2 0.499235 0.335365 0.074129 0.052071
2 0.500743 0.334743 0.073960 0.051747
2 0.502566 0.334089 0.073634 0.050835
2 0.503259 0.333498 0.073330 0.050516
2 0.505815 0.333409 0.073181 0.049739
2 0.508075 0.333701 0.072789 0.049320
2 0.510078 0.335174 0.073066 0.049368
2 0.510640 0.334938 0.073030 0.049286
2 0.512131 0.336548 0.072743 0.049068
2 0.513648 0.338860 0.073084 0.049308
2 0.514184 0.339144 0.072963 0.049110
2 0.514955 0.341108 0.073653 0.049678
2 0.515216 0.342516 0.073651 0.049965
2 0.516242 0.344075 0.074046 0.050258
2 0.517130 0.346890 0.074227 0.050094
2 0.517451 0.347409 0.074445 0.050277
2 0.518159 0.350132 0.075024 0.050893
2 0.519227 0.352106 0.075385 0.050953
2 0.519914 0.353565 0.075006 0.050569
2 0.520795 0.355570 0.075447 0.050976
2 0.521388 0.357832 0.075359 0.050832
2 0.522461 0.358800 0.075433 0.050698
2 0.523009 0.361480 0.075380 0.050450
2 0.524246 0.363533 0.075847 0.050511
2 0.524492 0.364135 0.076065 0.050241
2 0.525465 0.367316 0.075828 0.050178
2 0.526198 0.368316 0.075560 0.049880
2 0.526590 0.370230 0.075400 0.049876
2 0.527121 0.371945 0.075296 0.049921
2 0.527706 0.374852 0.075517 0.050013
2 0.527975 0.375973 0.075401 0.049836
2 0.528291 0.379451 0.076012 0.050716
2 0.528428 0.380524 0.076170 0.050987
2 0.528699 0.384038 0.076624 0.051718
2 0.528914 0.387373 0.076958 0.052167
2 0.528916 0.388955 0.077118 0.052395
2 0.528956 0.392295 0.077188 0.052371
2 0.529334 0.394782 0.077216 0.052454
2 0.529300 0.397128 0.077380 0.052702
2 0.529562 0.400248 0.077526 0.052631
2 0.529491 0.401517 0.077607 0.052967
2 0.529956 0.405377 0.077474 0.052901
2 0.530105 0.407341 0.077403 0.052932
2 0.530600 0.411252 0.077265 0.052770
2 0.530990 0.416129 0.077431 0.052820
2 0.531405 0.418301 0.077492 0.052879
2 0.531526 0.423136 0.077706 0.052768
2 0.532103 0.425305 0.077444 0.051973
2 0.532733 0.430853 0.077130 0.051475
2 0.532851 0.435900 0.077493 0.051743
2 0.533663 0.439540 0.077813 0.051567
2 0.534048 0.444396 0.077993 0.051191
2 0.534632 0.451406 0.078201 0.051332
2 0.535179 0.453880 0.078621 0.051173
2 0.535625 0.460372 0.078133 0.050775
2 0.535642 0.462839 0.077852 0.050597
2 0.536703 0.469116 0.078382 0.051201
2 0.537039 0.474926 0.078518 0.051265
2 0.536997 0.479826 0.078651 0.051467
2 0.537405 0.485467 0.078879 0.051716
2 0.537594 0.490411 0.078758 0.051197
2 0.537836 0.495414 0.078386 0.050816
2 0.537834 0.498539 0.078677 0.051116
2 0.537807 0.503538 0.078835 0.051150
2 0.537572 0.509282 0.079634 0.051965
2 0.537786 0.514668 0.080046 0.052383
2 0.537320 0.517379 0.080108 0.052317
2 0.537418 0.523391 0.080207 0.052476
2 0.536827 0.528600 0.080584 0.052583
2 0.536420 0.531611 0.080282 0.052343
2 0.535770 0.537013 0.081023 0.052950
2 0.535119 0.543265 0.081083 0.053174
2 0.534143 0.548580 0.081551 0.053701
2 0.533714 0.551458 0.082041 0.054365
2 0.532466 0.556654 0.081635 0.053536
2 0.530996 0.562376 0.081505 0.053506
2 0.530347 0.564979 0.082069 0.054084
2 0.528729 0.570339 0.082090 0.053797
2 0.526602 0.576187 0.082428 0.053889
2 0.525667 0.578235 0.082722 0.053963
2 0.522727 0.586899 0.083192 0.054200
2 0.520363 0.592569 0.083712 0.054663
2 0.519214 0.595110 0.084243 0.054841
2 0.516531 0.600778 0.084626 0.055336
2 0.513946 0.606502 0.084728 0.055439
2 0.512863 0.609425 0.084645 0.055183
2 0.510022 0.614469 0.085697 0.055650
2 0.507320 0.619734 0.086634 0.056773
2 0.505805 0.622060 0.086756 0.057215
2 0.503105 0.626871 0.087378 0.057880
2 0.500005 0.631466 0.088091 0.059248
2 0.498581 0.633417 0.088406 0.059828
2 0.495788 0.637745 0.089647 0.060936
2 0.492786 0.642191 0.090391 0.062295
2 0.491559 0.644061 0.090864 0.063045
2 0.488535 0.647507 0.091431 0.063773
2 0.485829 0.651800 0.092210 0.064907
2 0.484662 0.652985 0.093067 0.065899
2 0.482064 0.656785 0.093666 0.066464
2 0.480869 0.658353 0.093552 0.066462
2 0.478901 0.661482 0.094837 0.067550
2 0.476966 0.664849 0.095463 0.068786
2 0.476257 0.666166 0.095166 0.067861
2 0.474767 0.669237 0.095321 0.067437
2 0.473792 0.672604 0.096178 0.068240
2 0.472641 0.676169 0.096100 0.067904
2 0.472048 0.677576 0.096546 0.068123
2 0.471467 0.680427 0.096818 0.068237
2 0.471015 0.682174 0.097007 0.068244
2 0.470485 0.685811 0.097575 0.068256
2 0.470528 0.688950 0.097517 0.067286
2 0.470310 0.690982 0.097465 0.067301
2 0.470225 0.694123 0.096446 0.065165
2 0.470390 0.697773 0.096628 0.064308
2 0.470367 0.699605 0.096281 0.063529
2 0.470759 0.703866 0.096696 0.063315
2 0.470996 0.709048 0.096987 0.062990
2 0.471349 0.710925 0.096749 0.062663
2 0.471459 0.716528 0.097906 0.064236
2 0.471886 0.718793 0.097539 0.063332
2 0.472491 0.724617 0.098566 0.064245
2 0.473153 0.729410 0.099286 0.064553
2 0.473546 0.732615 0.099655 0.064956
2 0.474385 0.738154 0.100322 0.065212
2 0.474732 0.742158 0.100684 0.065222
2 0.475758 0.747717 0.101493 0.065866
2 0.475781 0.751640 0.101562 0.065780
