2 0.958098 0.446289 0.055678 0.044922
2 0.952897 0.446226 0.056323 0.045679
2 0.950261 0.445993 0.056369 0.046211
2 0.945258 0.445257 0.056681 0.046399
2 0.940504 0.444029 0.056727 0.046623
2 0.935654 0.442744 0.056154 0.045317
2 0.933771 0.441911 0.055310 0.045122
2 0.929157 0.440326 0.055478 0.044937
2 0.927189 0.439107 0.055348 0.045096
2 0.923088 0.437390 0.055898 0.045254
2 0.919369 0.434810 0.055523 0.045496
2 0.917551 0.433736 0.056086 0.045899
2 0.913962 0.430804 0.056313 0.045443
2 0.912505 0.429725 0.056710 0.046392
2 0.909381 0.426382 0.056841 0.046680
2 0.906654 0.423131 0.055771 0.045379
2 0.905306 0.421460 0.055382 0.045223
2 0.902771 0.417779 0.055843 0.045125
2 0.900864 0.414444 0.054874 0.044646
2 0.899613 0.412449 0.055706 0.045603
2 0.897722 0.408561 0.054681 0.044401
2 0.896027 0.404616 0.054686 0.044420
2 0.894116 0.400210 0.055494 0.044941
2 0.893405 0.398365 0.055498 0.044808
2 0.891914 0.394587 0.055686 0.045218
2 0.891079 0.392546 0.055110 0.044651
2 0.889463 0.389279 0.055160 0.044529
2 0.887910 0.385965 0.056190 0.046062
2 0.887007 0.384492 0.055994 0.045690
2 0.885395 0.381759 0.056080 0.045791
2 0.884383 0.380409 0.056473 0.045813
2 0.882599 0.378318 0.056569 0.046015
2 0.880598 0.376465 0.056256 0.046310
2 0.879688 0.375615 0.056121 0.045430
2 0.877520 0.373769 0.055857 0.045686
2 0.875154 0.372789 0.056356 0.045894
2 0.872823 0.372160 0.056323 0.046420
2 0.871397 0.372082 0.056236 0.046071
2 0.868718 0.371935 0.056114 0.045413
2 0.867164 0.371873 0.056042 0.045307
2 0.864335 0.371926 0.055886 0.045472
2 0.862754 0.371956 0.055916 0.045439
2 0.859440 0.372452 0.056360 0.045912
2 0.856034 0.373016 0.055731 0.044968
2 0.854388 0.373456 0.055742 0.045324
2 0.850698 0.373945 0.055814 0.046083
2 0.846787 0.374687 0.056308 0.045670
2 0.844866 0.375020 0.055316 0.044790
2 0.840898 0.375559 0.055423 0.044848
2 0.836979 0.376598 0.055988 0.045940
2 0.834961 0.376701 0.055684 0.045859
2 0.830751 0.377882 0.056036 0.045977
2 0.826448 0.378767 0.056015 0.045324
2 0.824468 0.379325 0.054959 0.044390
2 0.820048 0.380413 0.056149 0.045785
2 0.815588 0.381887 0.056194 0.045669
2 0.811276 0.383432 0.055441 0.044974
2 0.806654 0.385000 0.055129 0.044607
2 0.804358 0.385928 0.056412 0.046222
2 0.799667 0.387845 0.056462 0.046330
2 0.794966 0.389416 0.056016 0.045655
2 0.789919 0.391231 0.055494 0.045716
2 0.785171 0.392800 0.055057 0.045172
2 0.780034 0.394517 0.055805 0.045601
2 0.774931 0.396196 0.056542 0.046211
2 0.772375 0.396984 0.055439 0.045332
2 0.767292 0.398394 0.056085 0.045733
2 0.764864 0.399323 0.056033 0.046635
2 0.759702 0.400801 0.055357 0.044967
2 0.757040 0.401503 0.056218 0.046926
2 0.751918 0.402628 0.055281 0.044870
2 0.749174 0.403306 0.056084 0.046771
2 0.744192 0.404491 0.055353 0.045102
2 0.741503 0.405404 0.056245 0.046804
2 0.736133 0.406744 0.055407 0.044705
2 0.730855 0.408257 0.055579 0.045201
2 0.728174 0.408687 0.055846 0.045265
2 0.722893 0.409981 0.055894 0.045907
2 0.714863 0.412467 0.054925 0.044776
2 0.712174 0.413076 0.056182 0.045899
2 0.706699 0.415009 0.056172 0.046322
2 0.703996 0.415533 0.056118 0.046576
2 0.698321 0.417646 0.056252 0.045630
2 0.692662 0.419325 0.056073 0.046150
2 0.689999 0.420273 0.054834 0.044263
2 0.684101 0.422307 0.055903 0.045557
2 0.678356 0.424128 0.055958 0.045615
2 0.675184 0.425143 0.056411 0.046037
2 0.669370 0.426986 0.056075 0.046245
2 0.663094 0.428872 0.056138 0.046323
2 0.660058 0.429902 0.055151 0.044883
2 0.653776 0.431457 0.055694 0.045713
2 0.650220 0.432336 0.056122 0.045506
2 0.643980 0.434218 0.056106 0.045590
2 0.640467 0.434687 0.056351 0.045512
2 0.633900 0.435947 0.055506 0.045027
2 0.630234 0.436513 0.055776 0.045483
2 0.623736 0.437536 0.056739 0.046536
2 0.616542 0.438722 0.055916 0.045440
2 0.612725 0.439134 0.056533 0.045928
2 0.606054 0.439265 0.057106 0.046835
2 0.598901 0.440232 0.056101 0.045676
2 0.595147 0.440339 0.056993 0.046705
2 0.587665 0.441419 0.057028 0.046989
2 0.580154 0.441593 0.055367 0.044908
2 0.572906 0.443072 0.055758 0.045407
2 0.569435 0.443108 0.055561 0.045562
2 0.562122 0.444626 0.056064 0.045596
2 0.558544 0.445093 0.055598 0.045671
2 0.551118 0.446199 0.055797 0.045410
2 0.543387 0.447638 0.055583 0.045203
2 0.536018 0.447970 0.056118 0.045700
2 0.528979 0.448484 0.055533 0.045440
2 0.525382 0.448467 0.055757 0.045262
2 0.518242 0.447646 0.055147 0.044751
2 0.514628 0.447233 0.055085 0.044645
2 0.507827 0.445764 0.056232 0.046039
2 0.501466 0.443947 0.056111 0.045832
2 0.495144 0.440716 0.055954 0.045158
2 0.492106 0.439269 0.056082 0.045475
2 0.486717 0.435186 0.055146 0.045055
2 0.483997 0.433160 0.055651 0.045072
2 0.478954 0.428154 0.054576 0.044288
2 0.474294 0.422839 0.055114 0.044858
2 0.472203 0.419592 0.055450 0.044850
2 0.468423 0.413797 0.055546 0.044830
2 0.465092 0.407712 0.055505 0.045223
2 0.463538 0.403792 0.055420 0.045274
2 0.460590 0.396945 0.054508 0.044056
2 0.457695 0.390065 0.056010 0.045697
2 0.456382 0.386235 0.055861 0.045620
2 0.454329 0.378548 0.055566 0.045477
2 0.452228 0.371216 0.054398 0.044346
2 0.450958 0.366892 0.054987 0.045138
2 0.449813 0.363399 0.054910 0.044424
2 0.448006 0.355849 0.054347 0.043848
2 0.446304 0.348698 0.055435 0.045682
2 0.445417 0.344739 0.055932 0.045499
2 0.443076 0.333390 0.055395 0.045778
2 0.441904 0.330139 0.055117 0.044489
2 0.440533 0.321860 0.056077 0.045543
2 0.439203 0.314741 0.055880 0.045533
2 0.438159 0.310317 0.055474 0.045644
2 0.436644 0.303707 0.055646 0.046046
2 0.436150 0.299969 0.056103 0.045800
2 0.434547 0.293211 0.055627 0.045178
2 0.433445 0.286365 0.055863 0.046317
2 0.432449 0.282923 0.055977 0.045845
2 0.431159 0.276174 0.055825 0.045046
2 0.430796 0.272828 0.056012 0.045876
2 0.430085 0.265540 0.055463 0.045030
2 0.429603 0.262679 0.056004 0.045376
2 0.428805 0.255717 0.055138 0.045264
2 0.427975 0.249166 0.056123 0.045742
2 0.427605 0.246116 0.054973 0.044560
2 0.427160 0.239695 0.055579 0.045877
2 0.427066 0.236781 0.054952 0.044416
2 0.426579 0.230671 0.056135 0.045834
2 0.425991 0.224689 0.054957 0.044447
2 0.425771 0.221609 0.055402 0.045546
2 0.425642 0.215875 0.055573 0.045807
2 0.425577 0.207629 0.055110 0.044789
2 0.425359 0.204597 0.055927 0.045766
2 0.425565 0.199867 0.055274 0.045093
2 0.425585 0.194912 0.055717 0.045918
2 0.425569 0.192780 0.055855 0.046069
2 0.425590 0.187988 0.054963 0.044636
2 0.425826 0.183841 0.054669 0.044447
2 0.426017 0.181694 0.055247 0.044982
2 0.426481 0.177806 0.055728 0.044965
2 0.426633 0.175750 0.055816 0.045169
2 0.427104 0.171789 0.055341 0.045415
2 0.427494 0.169820 0.055377 0.045514
2 0.427949 0.166491 0.055591 0.045033
2 0.428333 0.165003 0.056056 0.046028
2 0.429013 0.161805 0.055656 0.046068
2 0.430090 0.159082 0.055822 0.046005
2 0.430200 0.157704 0.055858 0.046221
2 0.431299 0.155058 0.055699 0.045058
2 0.431838 0.153815 0.055769 0.045938
2 0.432958 0.151396 0.056104 0.045676
2 0.433768 0.148954 0.054933 0.044512
2 0.434242 0.147866 0.056321 0.045860
2 0.435408 0.145934 0.056028 0.045964
2 0.435827 0.145405 0.056004 0.045350
2 0.437365 0.143905 0.056360 0.045914
2 0.438257 0.142879 0.054732 0.044500
2 0.439265 0.141569 0.056073 0.045797
2 0.439749 0.141185 0.054870 0.044614
2 0.440762 0.139832 0.056008 0.045479
2 0.441125 0.139730 0.055700 0.045704
2 0.442715 0.138572 0.055290 0.044900
2 0.443671 0.137873 0.056144 0.045625
2 0.444491 0.137791 0.055587 0.045839
2 0.446001 0.136827 0.054709 0.044277
2 0.447464 0.136850 0.054764 0.044307
2 0.448977 0.135839 0.055714 0.045893
2 0.451633 0.134663 0.055684 0.045009
2 0.452409 0.134453 0.055394 0.045485
2 0.454174 0.133784 0.055599 0.045387
2 0.455294 0.133238 0.054600 0.044118
2 0.457127 0.132279 0.055530 0.045601
2 0.458132 0.132392 0.055708 0.045576
2 0.459982 0.131585 0.055150 0.045067
2 0.462249 0.131554 0.055488 0.044788
2 0.463558 0.130441 0.055656 0.045572
2 0.465349 0.130766 0.055645 0.045027
2 0.467691 0.130685 0.055502 0.045476
2 0.470078 0.130064 0.056206 0.045915
2 0.471172 0.130112 0.055648 0.045881
2 0.473777 0.129935 0.055710 0.045624
2 0.474603 0.130112 0.055891 0.045709
2 0.477768 0.130036 0.055464 0.045318
2 0.480461 0.129663 0.054616 0.044658
2 0.483263 0.130156 0.055174 0.045164
2 0.484809 0.130101 0.055230 0.045188
2 0.487784 0.130177 0.055529 0.045333
2 0.489268 0.130635 0.055320 0.044918
2 0.492391 0.130732 0.055431 0.044961
2 0.495849 0.130770 0.054826 0.044654
2 0.497219 0.130712 0.055127 0.044871
2 0.500942 0.131177 0.054150 0.043796
2 0.504866 0.131533 0.055315 0.044826
2 0.506729 0.131541 0.054952 0.044720
2 0.510637 0.131072 0.055191 0.044666
2 0.512670 0.131153 0.055237 0.044773
2 0.516879 0.130996 0.055090 0.044520
2 0.519012 0.130506 0.055710 0.045417
2 0.523514 0.130191 0.056050 0.045638
2 0.528223 0.129476 0.055575 0.045059
2 0.530763 0.129498 0.054972 0.044414
2 0.535635 0.129316 0.055121 0.044679
2 0.540426 0.128699 0.055508 0.045107
2 0.545477 0.128541 0.055523 0.045251
2 0.547604 0.128155 0.055217 0.045679
2 0.552614 0.128162 0.055427 0.045636
2 0.554765 0.128274 0.055676 0.045395
2 0.559657 0.127866 0.055318 0.044957
2 0.564611 0.127683 0.054832 0.044313
2 0.566702 0.127587 0.055411 0.045244
2 0.571434 0.126827 0.055267 0.044779
2 0.576150 0.126040 0.055698 0.045064
2 0.578241 0.125577 0.056587 0.046897
2 0.582901 0.125022 0.056537 0.046599
2 0.585321 0.124009 0.054951 0.044493
2 0.589951 0.123939 0.054733 0.044350
2 0.594473 0.121647 0.054802 0.044876
2 0.599151 0.120504 0.054823 0.044549
2 0.601507 0.119356 0.056589 0.047076
2 0.605806 0.118352 0.055305 0.044700
2 0.607772 0.117831 0.056523 0.046745
2 0.612438 0.116123 0.056329 0.045950
2 0.616457 0.114861 0.054829 0.044604
2 0.618638 0.114340 0.056180 0.045698
2 0.622591 0.113058 0.054589 0.044281
2 0.624524 0.112121 0.055091 0.044665
2 0.628223 0.111718 0.056917 0.047830
2 0.629620 0.110587 0.056276 0.045924
2 0.633588 0.109643 0.054429 0.044750
2 0.636631 0.108349 0.054588 0.044556
2 0.637749 0.108435 0.055376 0.044703
2 0.640682 0.107222 0.055847 0.045385
2 0.641924 0.107152 0.055700 0.045342
2 0.644551 0.106309 0.054402 0.044363
2 0.645961 0.106175 0.054026 0.043744
2 0.647724 0.105428 0.053727 0.043492
2 0.649591 0.105090 0.054825 0.044466
2 0.650502 0.104801 0.054994 0.045018
2 0.651737 0.104439 0.055227 0.044767
2 0.653458 0.104459 0.054956 0.044545
2 0.654884 0.104605 0.055310 0.044635
2 0.654974 0.104692 0.055338 0.044840
2 0.655743 0.104775 0.055225 0.045120
2 0.656702 0.105303 0.054750 0.044206
2 0.656677 0.105375 0.054892 0.044387
2 0.656682 0.106463 0.055332 0.045001
2 0.657033 0.106912 0.055128 0.045391
2 0.656702 0.107967 0.055116 0.045014
2 0.656322 0.109352 0.056314 0.046292
2 0.656300 0.109901 0.056489 0.046934
2 0.655544 0.111153 0.054676 0.044623
2 0.654769 0.112589 0.056023 0.045394
2 0.654075 0.112721 0.055373 0.045436
2 0.653061 0.114608 0.056074 0.045417
2 0.652067 0.115629 0.055008 0.044987
2 0.651141 0.116063 0.055163 0.044693
2 0.649696 0.117212 0.055863 0.045867
2 0.648256 0.118318 0.056212 0.045696
2 0.647672 0.118588 0.055104 0.045280
2 0.646062 0.119093 0.054246 0.043890
2 0.644989 0.119960 0.055849 0.045560
2 0.643365 0.120830 0.055290 0.044760
2 0.641485 0.121587 0.053807 0.043493
2 0.639466 0.122028 0.054986 0.044518
2 0.638773 0.122443 0.055481 0.044806
2 0.636753 0.122486 0.054843 0.045036
2 0.636308 0.122610 0.055189 0.044739
2 0.634336 0.122656 0.055912 0.045392
2 0.633189 0.122575 0.055147 0.044702
2 0.631386 0.122472 0.055787 0.045158
2 0.629480 0.121881 0.056092 0.045897
2 0.628412 0.121109 0.055839 0.045739
2 0.626948 0.120253 0.055225 0.044740
2 0.625994 0.120265 0.054729 0.044156
2 0.624193 0.119389 0.054891 0.045154
2 0.622652 0.117790 0.054668 0.044622
2 0.621366 0.117744 0.055477 0.045628
