2 0.814844 0.110352 0.060937 0.064453
2 0.812745 0.130372 0.053461 0.080208
2 0.811462 0.140086 0.053580 0.080272
2 0.808457 0.157679 0.053518 0.080258
2 0.805253 0.175707 0.053686 0.080361
2 0.803307 0.183996 0.053695 0.080452
2 0.800048 0.201089 0.053017 0.079800
2 0.798544 0.209048 0.053135 0.079882
2 0.795350 0.225409 0.053026 0.079869
2 0.793800 0.232666 0.052675 0.079391
2 0.790770 0.247952 0.052464 0.079056
2 0.787831 0.261630 0.052803 0.079129
2 0.785139 0.273815 0.053106 0.079646
2 0.783099 0.286427 0.052552 0.078803
2 0.781973 0.291458 0.052925 0.079323
2 0.779817 0.302688 0.052757 0.079199
2 0.777985 0.312463 0.052594 0.079245
2 0.777146 0.317193 0.053859 0.080316
2 0.775454 0.326177 0.053637 0.079996
2 0.771221 0.346698 0.053168 0.079859
2 0.769810 0.354923 0.052712 0.079378
2 0.769058 0.358402 0.053793 0.080286
2 0.767693 0.366080 0.054009 0.080482
2 0.766546 0.369314 0.053157 0.079790
2 0.765584 0.376772 0.052746 0.079332
2 0.764447 0.382944 0.053833 0.080138
2 0.762899 0.389214 0.054090 0.080479
2 0.762190 0.392538 0.052739 0.079367
2 0.761036 0.398453 0.053557 0.080023
2 0.759533 0.404941 0.053934 0.080408
2 0.757691 0.410956 0.053795 0.080482
2 0.756028 0.417352 0.053058 0.079603
2 0.754252 0.423881 0.053300 0.079856
2 0.753124 0.426736 0.053776 0.080309
2 0.751143 0.433868 0.053325 0.079886
2 0.748949 0.441059 0.053723 0.079875
2 0.746395 0.448216 0.053205 0.079758
2 0.744843 0.451647 0.053194 0.079698
2 0.742027 0.459377 0.053081 0.079518
2 0.740435 0.463021 0.053167 0.079598
2 0.737370 0.470644 0.052996 0.079400
2 0.735788 0.474260 0.052749 0.079137
2 0.732323 0.482473 0.053107 0.079560
2 0.728638 0.490598 0.054254 0.080503
2 0.725086 0.498007 0.053468 0.079783
2 0.722763 0.503187 0.053347 0.079730
2 0.718515 0.510169 0.053063 0.079563
2 0.716261 0.515421 0.053743 0.079946
2 0.711591 0.523564 0.053714 0.079982
2 0.709126 0.528836 0.052748 0.079274
2 0.704294 0.537736 0.053174 0.079788
2 0.699073 0.548070 0.053929 0.080230
2 0.696483 0.552522 0.053132 0.079729
2 0.690639 0.563303 0.053659 0.080228
2 0.685021 0.573850 0.053933 0.080293
2 0.679004 0.583388 0.053697 0.080166
2 0.676125 0.589246 0.053005 0.079584
2 0.669872 0.598228 0.053619 0.080272
2 0.663787 0.609081 0.053096 0.079660
2 0.658115 0.617922 0.054089 0.080050
2 0.655042 0.622800 0.053754 0.079643
2 0.649914 0.629868 0.054174 0.080883
2 0.645212 0.636259 0.054530 0.081478
2 0.642686 0.638947 0.054547 0.080867
2 0.639127 0.643050 0.055011 0.081924
2 0.636629 0.647344 0.055174 0.081836
2 0.635635 0.648513 0.054900 0.082079
2 0.634388 0.651575 0.055444 0.082535
2 0.633977 0.652798 0.055581 0.082866
2 0.634218 0.654637 0.055440 0.082642
2 0.634314 0.655377 0.056088 0.083348
2 0.636457 0.658190 0.055956 0.082528
2 0.639155 0.660011 0.056367 0.083320
2 0.640601 0.660441 0.056894 0.084238
2 0.644549 0.661296 0.056787 0.083809
2 0.649781 0.661966 0.055989 0.083180
2 0.655375 0.662508 0.056379 0.083145
2 0.661446 0.662825 0.056334 0.082931
2 0.664590 0.663138 0.056445 0.083073
2 0.670697 0.662174 0.055995 0.082504
2 0.677007 0.662152 0.055981 0.082492
2 0.683577 0.662926 0.056380 0.083095
2 0.686726 0.662766 0.056206 0.082952
2 0.693074 0.663230 0.056633 0.083559
2 0.696214 0.663401 0.056061 0.082946
2 0.702364 0.664813 0.056528 0.083417
2 0.708163 0.665877 0.056238 0.082904
2 0.711776 0.667229 0.056347 0.083239
2 0.717561 0.668782 0.056760 0.083582
2 0.720661 0.670631 0.056591 0.083355
2 0.726409 0.672546 0.055827 0.082874
2 0.731819 0.675685 0.056315 0.082930
2 0.735094 0.678597 0.056875 0.083726
2 0.740574 0.681212 0.055620 0.082525
2 0.742865 0.683341 0.056353 0.083017
2 0.748340 0.688384 0.055990 0.083044
2 0.750557 0.690776 0.056760 0.083533
2 0.755281 0.696982 0.056512 0.083187
2 0.759778 0.703206 0.056422 0.083077
2 0.761711 0.706260 0.056657 0.083506
2 0.766000 0.712698 0.056290 0.082939
2 0.767579 0.715842 0.056904 0.083754
2 0.771103 0.724154 0.056152 0.082879
2 0.774411 0.732181 0.055351 0.082139
2 0.775508 0.736102 0.056199 0.082837
2 0.778640 0.745428 0.056552 0.083316
2 0.781438 0.752836 0.056126 0.083036
2 0.782627 0.758964 0.055208 0.082251
2 0.784576 0.765911 0.055536 0.082287
2 0.786589 0.776882 0.055740 0.082471
2 0.787455 0.779409 0.054822 0.081629
2 0.788754 0.788848 0.050904 0.076575
2 0.790802 0.796148 0.048509 0.073048
2 0.791637 0.800535 0.049752 0.074759
2 0.792831 0.807292 0.048535 0.072667
2 0.794531 0.812500 0.054688 0.035156
2 0.796094 0.822266 0.051562 0.039062
2 0.796094 0.826172 0.054688 0.035156
2 0.796875 0.833008 0.056250 0.033203
2 0.796094 0.834961 0.054688 0.037109
2 0.797656 0.840820 0.051562 0.041016
2 0.798437 0.846680 0.056250 0.033203
2 0.799219 0.856445 0.054688 0.037109
2 0.801562 0.863281 0.059375 0.035156
2 0.803125 0.860352 0.056250 0.041016
2 0.801563 0.869141 0.050000 0.035156
2 0.807813 0.872070 0.065625 0.041016
2 0.809375 0.880859 0.059375 0.039062
2 0.804688 0.879883 0.053125 0.037109
2 0.804688 0.884766 0.056250 0.035156
2 0.808594 0.887695 0.060937 0.037109
2 0.808594 0.889648 0.060937 0.033203
2 0.808594 0.896484 0.060937 0.046875
2 0.811719 0.899414 0.054688 0.041016
2 0.808594 0.899414 0.051562 0.041016
2 0.810156 0.902344 0.048438 0.035156
2 0.810937 0.902344 0.050000 0.035156
2 0.810937 0.906250 0.050000 0.027344
2 0.810937 0.913086 0.050000 0.041016
2 0.810937 0.916016 0.050000 0.035156
2 0.810156 0.916992 0.048438 0.037109
2 0.806250 0.916016 0.056250 0.039062
2 0.807031 0.919922 0.057813 0.046875
2 0.807031 0.922852 0.057813 0.041016
2 0.806250 0.926758 0.056250 0.048828
2 0.807031 0.929688 0.054688 0.042969
2 0.804688 0.929688 0.050000 0.042969
2 0.803906 0.932617 0.051562 0.037109
2 0.800781 0.932617 0.045312 0.037109
2 0.795312 0.931641 0.056250 0.039062
2 0.796875 0.931641 0.059375 0.039062
2 0.796094 0.929688 0.060937 0.042969
2 0.792969 0.929688 0.054688 0.042969
2 0.792187 0.932617 0.056250 0.037109
2 0.789844 0.932617 0.051562 0.037109
2 0.786719 0.935547 0.057813 0.031250
2 0.788281 0.940430 0.060937 0.041016
2 0.786719 0.936523 0.064062 0.048828
2 0.780469 0.933594 0.051562 0.042969
2 0.775000 0.934570 0.062500 0.041016
2 0.770313 0.935547 0.053125 0.042969
2 0.766406 0.938477 0.060937 0.037109
2 0.766406 0.938477 0.060937 0.037109
2 0.761719 0.934570 0.070312 0.044922
2 0.754687 0.930664 0.056250 0.041016
2 0.753125 0.929688 0.059375 0.042969
2 0.753125 0.928711 0.059375 0.041016
2 0.752344 0.928711 0.060937 0.041016
2 0.750000 0.931641 0.056250 0.046875
2 0.742969 0.927734 0.070312 0.054688
2 0.736719 0.924805 0.057813 0.048828
2 0.736719 0.924805 0.057813 0.048828
2 0.732031 0.920898 0.048438 0.041016
2 0.727344 0.918945 0.057813 0.044922
2 0.724219 0.920898 0.051562 0.048828
2 0.720313 0.924805 0.059375 0.041016
2 0.714844 0.920898 0.048438 0.033203
2 0.713281 0.916992 0.051562 0.041016
2 0.711719 0.916016 0.048438 0.039062
2 0.710156 0.913086 0.051562 0.044922
2 0.707031 0.910156 0.045312 0.039062
2 0.697656 0.911133 0.064062 0.037109
2 0.693750 0.912109 0.056250 0.039062
2 0.689844 0.904297 0.064062 0.054688
2 0.683594 0.901367 0.048438 0.048828
2 0.678906 0.899414 0.057813 0.052734
2 0.677344 0.895508 0.057813 0.048828
2 0.673438 0.891602 0.062500 0.056641
2 0.671875 0.887695 0.053125 0.048828
2 0.664844 0.880859 0.067187 0.058594
2 0.655469 0.877930 0.048438 0.052734
2 0.651562 0.873047 0.056250 0.062500
2 0.646875 0.865234 0.046875 0.046875
2 0.642187 0.860352 0.056250 0.056641
2 0.637500 0.851562 0.046875 0.039062
2 0.631250 0.845703 0.059375 0.050781
2 0.625781 0.837891 0.048438 0.035156
2 0.618750 0.831055 0.062500 0.048828
2 0.614062 0.818359 0.056250 0.039062
2 0.604491 0.807040 0.077083 0.073490
2 0.598658 0.805525 0.050039 0.046657
2 0.595663 0.803148 0.051344 0.047298
2 0.590371 0.794152 0.058934 0.052446
2 0.585426 0.784124 0.059870 0.053206
2 0.582640 0.779714 0.058748 0.052197
2 0.578173 0.770194 0.058538 0.052034
2 0.574402 0.760380 0.059898 0.053244
2 0.572337 0.755366 0.058909 0.052345
2 0.569755 0.745220 0.059778 0.053111
2 0.568230 0.739969 0.059757 0.053198
2 0.566711 0.730501 0.059884 0.053440
2 0.565757 0.720124 0.058460 0.051995
2 0.565658 0.715519 0.058448 0.051960
2 0.566233 0.704758 0.059382 0.052900
2 0.566927 0.699940 0.058793 0.052258
2 0.569086 0.689475 0.058903 0.052607
2 0.571926 0.678639 0.058422 0.051915
2 0.573785 0.673888 0.058914 0.052597
2 0.577888 0.662864 0.058842 0.052355
2 0.582332 0.652828 0.059776 0.053196
2 0.584495 0.647194 0.058582 0.052085
2 0.589288 0.636429 0.058877 0.052493
2 0.591608 0.631170 0.060068 0.053510
2 0.596675 0.620436 0.058845 0.052309
2 0.599322 0.614936 0.059960 0.053342
2 0.604445 0.604588 0.058841 0.052268
2 0.607195 0.599179 0.059904 0.053268
2 0.612402 0.589364 0.058778 0.052297
2 0.617603 0.579050 0.058865 0.052283
2 0.620448 0.574149 0.058909 0.052631
2 0.625476 0.564216 0.059333 0.052931
2 0.630635 0.554481 0.060042 0.053413
2 0.633193 0.549890 0.058923 0.052349
2 0.638051 0.540605 0.059342 0.052770
2 0.643273 0.531702 0.059742 0.053079
2 0.645530 0.526911 0.058904 0.052467
2 0.650178 0.518481 0.058781 0.052256
2 0.654785 0.509421 0.058932 0.052504
2 0.656938 0.505432 0.059739 0.053115
2 0.660882 0.497109 0.058753 0.052222
2 0.664720 0.489346 0.059581 0.052979
2 0.668268 0.481794 0.059573 0.052916
2 0.670072 0.478318 0.059387 0.053190
2 0.672977 0.471378 0.059873 0.053292
2 0.675221 0.464691 0.058965 0.052381
2 0.676905 0.457699 0.059109 0.052610
2 0.678054 0.454271 0.059012 0.052539
2 0.678448 0.446874 0.058942 0.052378
2 0.679030 0.443463 0.060183 0.053530
2 0.679225 0.435870 0.060142 0.053575
2 0.678803 0.428660 0.060227 0.053716
2 0.678651 0.424490 0.059704 0.053105
2 0.677718 0.416600 0.060100 0.053432
2 0.676911 0.411557 0.059440 0.052991
2 0.676064 0.403538 0.060793 0.054262
2 0.675106 0.399093 0.058827 0.052275
2 0.674097 0.390876 0.060175 0.053549
2 0.673195 0.381386 0.059429 0.052949
2 0.672545 0.377778 0.060118 0.053548
2 0.671694 0.368247 0.059244 0.052778
2 0.670836 0.359391 0.059848 0.053480
2 0.670341 0.354005 0.058804 0.052292
2 0.670206 0.344029 0.059100 0.052797
2 0.670787 0.334705 0.059387 0.053006
2 0.670956 0.329405 0.059669 0.053099
2 0.672239 0.319306 0.058868 0.052311
2 0.673351 0.314623 0.058951 0.052596
2 0.674975 0.304034 0.058873 0.052366
2 0.676574 0.293644 0.058761 0.052215
2 0.677939 0.289357 0.059254 0.052744
2 0.679784 0.278677 0.058808 0.052265
2 0.681546 0.274627 0.058913 0.052358
2 0.683705 0.264367 0.060032 0.053322
2 0.684844 0.260161 0.059179 0.052741
2 0.687399 0.250765 0.058740 0.052215
2 0.689489 0.242421 0.059245 0.052850
2 0.691799 0.233270 0.059530 0.052908
2 0.693252 0.229542 0.060088 0.053458
2 0.695112 0.220369 0.059389 0.053039
2 0.695827 0.215834 0.059437 0.052846
2 0.697984 0.207769 0.059857 0.053187
2 0.700060 0.198378 0.058842 0.052438
2 0.700700 0.195012 0.060171 0.053763
2 0.702178 0.185841 0.059801 0.053390
2 0.703968 0.177403 0.060358 0.053878
2 0.705709 0.169254 0.060151 0.053548
2 0.706750 0.161242 0.059456 0.052987
2 0.709000 0.145735 0.059710 0.053235
2 0.710364 0.137560 0.060452 0.053747
2 0.710261 0.134726 0.060952 0.054538
2 0.711350 0.126362 0.059466 0.053016
2 0.711358 0.124693 0.059643 0.053300
2 0.712223 0.116043 0.059513 0.052952
2 0.712979 0.110568 0.059477 0.052922
2 0.712705 0.106905 0.059074 0.052614
2 0.713488 0.102154 0.060506 0.053790
2 0.713944 0.095750 0.059497 0.053187
2 0.713854 0.089696 0.059731 0.053347
2 0.714927 0.088106 0.060739 0.054043
2 0.714544 0.082443 0.059701 0.053060
2 0.715311 0.079380 0.059976 0.053354
2 0.715903 0.074236 0.059526 0.053072
2 0.716269 0.069913 0.060401 0.053672
2 0.716229 0.067759 0.060298 0.053559
2 0.716712 0.064161 0.060854 0.054133
2 0.717331 0.061195 0.059217 0.052613
2 0.717318 0.058762 0.059514 0.053150
2 0.717649 0.056210 0.059895 0.053298
2 0.718389 0.052301 0.060326 0.053661
2 0.718750 0.051758 0.059375 0.052734
