2 0.120313 0.591797 0.028125 0.039062
2 0.119336 0.593811 0.028125 0.039185
2 0.118359 0.595825 0.028125 0.039307
2 0.117383 0.597839 0.028125 0.039429
2 0.116406 0.599854 0.028125 0.039551
2 0.115430 0.601868 0.028125 0.039673
2 0.114453 0.603882 0.028125 0.039795
2 0.113477 0.605896 0.028125 0.039917
2 0.112500 0.607910 0.028125 0.040039
2 0.111523 0.609924 0.028125 0.040161
2 0.110547 0.611938 0.028125 0.040283
2 0.109570 0.613953 0.028125 0.040405
2 0.108594 0.615967 0.028125 0.040527
2 0.107617 0.617981 0.028125 0.040649
2 0.106641 0.619995 0.028125 0.040771
2 0.105664 0.622009 0.028125 0.040894
2 0.104688 0.624023 0.028125 0.041016
2 0.104450 0.625425 0.028193 0.041101
2 0.104212 0.626826 0.028261 0.041185
2 0.103974 0.628227 0.028329 0.041270
2 0.103736 0.629628 0.028397 0.041355
2 0.103499 0.631029 0.028465 0.041440
2 0.103261 0.632430 0.028533 0.041525
2 0.103023 0.633832 0.028601 0.041610
2 0.102785 0.635233 0.028668 0.041695
2 0.102548 0.636634 0.028736 0.041780
2 0.102310 0.638035 0.028804 0.041865
2 0.102072 0.639436 0.028872 0.041950
2 0.101834 0.640837 0.028940 0.042035
2 0.101596 0.642238 0.029008 0.042120
2 0.101359 0.643640 0.029076 0.042204
2 0.101121 0.645041 0.029144 0.042289
2 0.100883 0.646442 0.029212 0.042374
2 0.100645 0.647843 0.029280 0.042459
2 0.100408 0.649244 0.029348 0.042544
2 0.100170 0.650645 0.029416 0.042629
2 0.099932 0.652047 0.029484 0.042714
2 0.099694 0.653448 0.029552 0.042799
2 0.099457 0.654849 0.029620 0.042884
2 0.099219 0.656250 0.029687 0.042969
2 0.099671 0.657638 0.029934 0.043277
2 0.100123 0.659025 0.030181 0.043586
2 0.100576 0.660413 0.030428 0.043894
2 0.101028 0.661801 0.030674 0.044202
2 0.101480 0.663189 0.030921 0.044511
2 0.101933 0.664576 0.031168 0.044819
2 0.102385 0.665964 0.031414 0.045127
2 0.102837 0.667352 0.031661 0.045436
2 0.103289 0.668740 0.031908 0.045744
2 0.103742 0.670127 0.032155 0.046053
2 0.104194 0.671515 0.032401 0.046361
2 0.104646 0.672903 0.032648 0.046669
2 0.105099 0.674291 0.032895 0.046978
2 0.105551 0.675678 0.033141 0.047286
2 0.106003 0.677066 0.033388 0.047595
2 0.106456 0.678454 0.033635 0.047903
2 0.106908 0.679842 0.033882 0.048211
2 0.107360 0.681229 0.034128 0.048520
2 0.107813 0.682617 0.034375 0.048828
2 0.108548 0.683881 0.034191 0.048139
2 0.109283 0.685145 0.034007 0.047449
2 0.110018 0.686409 0.033824 0.046760
2 0.110754 0.687672 0.033640 0.046071
2 0.111489 0.688936 0.033456 0.045381
2 0.112224 0.690200 0.033272 0.044692
2 0.112960 0.691464 0.033088 0.044003
2 0.113695 0.692727 0.032904 0.043313
2 0.114430 0.693991 0.032721 0.042624
2 0.115165 0.695255 0.032537 0.041935
2 0.115901 0.696519 0.032353 0.041245
2 0.116636 0.697783 0.032169 0.040556
2 0.117371 0.699046 0.031985 0.039867
2 0.118107 0.700310 0.031801 0.039177
2 0.118842 0.701574 0.031618 0.038488
2 0.119577 0.702838 0.031434 0.037799
2 0.120313 0.704102 0.031250 0.037109
2 0.121289 0.705078 0.031055 0.036865
2 0.122266 0.706055 0.030859 0.036621
2 0.123242 0.707031 0.030664 0.036377
2 0.124219 0.708008 0.030469 0.036133
2 0.125195 0.708984 0.030273 0.035889
2 0.126172 0.709961 0.030078 0.035645
2 0.127148 0.710937 0.029883 0.035400
2 0.128125 0.711914 0.029688 0.035156
2 0.129102 0.712891 0.029492 0.034912
2 0.130078 0.713867 0.029297 0.034668
2 0.131055 0.714844 0.029102 0.034424
2 0.132031 0.715820 0.028906 0.034180
2 0.133008 0.716797 0.028711 0.033936
2 0.133984 0.717773 0.028516 0.033691
2 0.134961 0.718750 0.028320 0.033447
2 0.135937 0.719727 0.028125 0.033203
2 0.137171 0.720755 0.028454 0.033409
2 0.138405 0.721782 0.028783 0.033614
2 0.139638 0.722810 0.029112 0.033820
2 0.140872 0.723838 0.029441 0.034025
2 0.142105 0.724866 0.029770 0.034231
2 0.143339 0.725894 0.030099 0.034437
2 0.144572 0.726922 0.030428 0.034642
2 0.145806 0.727950 0.030757 0.034848
2 0.147039 0.728978 0.031086 0.035053
2 0.148273 0.730006 0.031414 0.035259
2 0.149507 0.731034 0.031743 0.035465
2 0.150740 0.732062 0.032072 0.035670
2 0.151974 0.733090 0.032401 0.035876
2 0.153207 0.734118 0.032730 0.036081
2 0.154441 0.735146 0.033059 0.036287
2 0.155674 0.736174 0.033388 0.036493
2 0.156908 0.737202 0.033717 0.036698
2 0.158141 0.738230 0.034046 0.036904
2 0.159375 0.739258 0.034375 0.037109
2 0.161458 0.740017 0.033681 0.036892
2 0.163542 0.740777 0.032986 0.036675
2 0.165625 0.741536 0.032292 0.036458
2 0.167708 0.742296 0.031597 0.036241
2 0.169792 0.743056 0.030903 0.036024
2 0.171875 0.743815 0.030208 0.035807
2 0.173958 0.744575 0.029514 0.035590
2 0.176042 0.745334 0.028819 0.035373
2 0.178125 0.746094 0.028125 0.035156
2 0.180134 0.746791 0.028571 0.034877
2 0.182143 0.747489 0.029018 0.034598
2 0.184152 0.748186 0.029464 0.034319
2 0.186161 0.748884 0.029911 0.034040
2 0.188170 0.749581 0.030357 0.033761
2 0.190179 0.750279 0.030804 0.033482
2 0.192188 0.750977 0.031250 0.033203
2 0.194085 0.751674 0.031027 0.033203
2 0.195982 0.752372 0.030804 0.033203
2 0.197879 0.753069 0.030580 0.033203
2 0.199777 0.753767 0.030357 0.033203
2 0.201674 0.754464 0.030134 0.033203
2 0.203571 0.755162 0.029911 0.033203
2 0.205469 0.755859 0.029688 0.033203
2 0.207366 0.756557 0.029464 0.033203
2 0.209263 0.757254 0.029241 0.033203
2 0.211161 0.757952 0.029018 0.033203
2 0.213058 0.758650 0.028795 0.033203
2 0.214955 0.759347 0.028571 0.033203
2 0.216853 0.760045 0.028348 0.033203
2 0.218750 0.760742 0.028125 0.033203
2 0.219436 0.761123 0.027973 0.033013
2 0.220122 0.761504 0.027820 0.032822
2 0.220808 0.761885 0.027668 0.032631
2 0.221494 0.762267 0.027515 0.032441
2 0.222180 0.762648 0.027363 0.032250
2 0.222866 0.763029 0.027210 0.032060
2 0.223552 0.763410 0.027058 0.031869
2 0.224238 0.763791 0.026905 0.031679
2 0.224924 0.764172 0.026753 0.031488
2 0.225610 0.764553 0.026601 0.031298
2 0.226296 0.764934 0.026448 0.031107
2 0.226982 0.765315 0.026296 0.030917
2 0.227668 0.765696 0.026143 0.030726
2 0.228354 0.766078 0.025991 0.030535
2 0.229040 0.766459 0.025838 0.030345
2 0.229726 0.766840 0.025686 0.030154
2 0.230412 0.767221 0.025534 0.029964
2 0.231098 0.767602 0.025381 0.029773
2 0.231784 0.767983 0.025229 0.029583
2 0.232470 0.768364 0.025076 0.029392
2 0.233155 0.768745 0.024924 0.029202
2 0.233841 0.769126 0.024771 0.029011
2 0.234527 0.769507 0.024619 0.028821
2 0.235213 0.769889 0.024466 0.028630
2 0.235899 0.770270 0.024314 0.028439
2 0.236585 0.770651 0.024162 0.028249
2 0.237271 0.771032 0.024009 0.028058
2 0.237957 0.771413 0.023857 0.027868
2 0.238643 0.771794 0.023704 0.027677
2 0.239329 0.772175 0.023552 0.027487
2 0.240015 0.772556 0.023399 0.027296
2 0.240701 0.772937 0.023247 0.027106
2 0.241387 0.773318 0.023095 0.026915
2 0.242073 0.773700 0.022942 0.026724
2 0.242759 0.774081 0.022790 0.026534
2 0.243445 0.774462 0.022637 0.026343
2 0.244131 0.774843 0.022485 0.026153
2 0.244817 0.775224 0.022332 0.025962
2 0.245503 0.775605 0.022180 0.025772
2 0.246189 0.775986 0.022027 0.025581
2 0.246875 0.776367 0.021875 0.025391
2 0.247246 0.776465 0.021836 0.025293
2 0.247617 0.776562 0.021797 0.025195
2 0.247988 0.776660 0.021758 0.025098
2 0.248359 0.776758 0.021719 0.025000
2 0.248730 0.776855 0.021680 0.024902
2 0.249102 0.776953 0.021641 0.024805
2 0.249473 0.777051 0.021602 0.024707
2 0.249844 0.777148 0.021563 0.024609
2 0.250215 0.777246 0.021523 0.024512
2 0.250586 0.777344 0.021484 0.024414
2 0.250957 0.777441 0.021445 0.024316
2 0.251328 0.777539 0.021406 0.024219
2 0.251699 0.777637 0.021367 0.024121
2 0.252070 0.777734 0.021328 0.024023
2 0.252441 0.777832 0.021289 0.023926
2 0.252812 0.777930 0.021250 0.023828
2 0.253184 0.778027 0.021211 0.023730
2 0.253555 0.778125 0.021172 0.023633
2 0.253926 0.778223 0.021133 0.023535
2 0.254297 0.778320 0.021094 0.023438
2 0.254668 0.778418 0.021055 0.023340
2 0.255039 0.778516 0.021016 0.023242
2 0.255410 0.778613 0.020977 0.023145
2 0.255781 0.778711 0.020938 0.023047
2 0.256152 0.778809 0.020898 0.022949
2 0.256523 0.778906 0.020859 0.022852
2 0.256895 0.779004 0.020820 0.022754
2 0.257266 0.779102 0.020781 0.022656
2 0.257637 0.779199 0.020742 0.022559
2 0.258008 0.779297 0.020703 0.022461
2 0.258379 0.779395 0.020664 0.022363
2 0.258750 0.779492 0.020625 0.022266
2 0.259121 0.779590 0.020586 0.022168
2 0.259492 0.779687 0.020547 0.022070
2 0.259863 0.779785 0.020508 0.021973
2 0.260234 0.779883 0.020469 0.021875
2 0.260605 0.779980 0.020430 0.021777
2 0.260977 0.780078 0.020391 0.021680
2 0.261348 0.780176 0.020352 0.021582
2 0.261719 0.780273 0.020313 0.021484
2 0.262388 0.780378 0.020424 0.021694
2 0.263058 0.780483 0.020536 0.021903
2 0.263728 0.780587 0.020647 0.022112
2 0.264397 0.780692 0.020759 0.022321
2 0.265067 0.780797 0.020871 0.022531
2 0.265737 0.780901 0.020982 0.022740
2 0.266406 0.781006 0.021094 0.022949
2 0.267076 0.781110 0.021205 0.023158
2 0.267746 0.781215 0.021317 0.023368
2 0.268415 0.781320 0.021429 0.023577
2 0.269085 0.781424 0.021540 0.023786
2 0.269754 0.781529 0.021652 0.023996
2 0.270424 0.781634 0.021763 0.024205
2 0.271094 0.781738 0.021875 0.024414
2 0.271763 0.781843 0.021987 0.024623
2 0.272433 0.781948 0.022098 0.024833
2 0.273103 0.782052 0.022210 0.025042
2 0.273772 0.782157 0.022321 0.025251
2 0.274442 0.782261 0.022433 0.025460
2 0.275112 0.782366 0.022545 0.025670
2 0.275781 0.782471 0.022656 0.025879
2 0.276451 0.782575 0.022768 0.026088
2 0.277121 0.782680 0.022879 0.026297
2 0.277790 0.782785 0.022991 0.026507
2 0.278460 0.782889 0.023103 0.026716
2 0.279129 0.782994 0.023214 0.026925
2 0.279799 0.783098 0.023326 0.027134
2 0.280469 0.783203 0.023438 0.027344
2 0.281583 0.783203 0.023409 0.027416
2 0.282697 0.783203 0.023380 0.027488
2 0.283811 0.783203 0.023351 0.027561
2 0.284925 0.783203 0.023322 0.027633
2 0.286039 0.783203 0.023293 0.027705
2 0.287153 0.783203 0.023264 0.027778
2 0.288267 0.783203 0.023235 0.027850
2 0.289381 0.783203 0.023206 0.027922
2 0.290495 0.783203 0.023177 0.027995
2 0.291609 0.783203 0.023148 0.028067
2 0.292723 0.783203 0.023119 0.028139
2 0.293837 0.783203 0.023090 0.028212
2 0.294951 0.783203 0.023061 0.028284
2 0.296065 0.783203 0.023032 0.028356
2 0.297179 0.783203 0.023003 0.028429
2 0.298293 0.783203 0.022975 0.028501
2 0.299407 0.783203 0.022946 0.028573
2 0.300521 0.783203 0.022917 0.028646
2 0.301635 0.783203 0.022888 0.028718
2 0.302749 0.783203 0.022859 0.028791
2 0.303863 0.783203 0.022830 0.028863
2 0.304977 0.783203 0.022801 0.028935
2 0.306091 0.783203 0.022772 0.029008
2 0.307205 0.783203 0.022743 0.029080
2 0.308319 0.783203 0.022714 0.029152
2 0.309433 0.783203 0.022685 0.029225
2 0.310547 0.783203 0.022656 0.029297
2 0.311661 0.783203 0.022627 0.029369
2 0.312775 0.783203 0.022598 0.029442
2 0.313889 0.783203 0.022569 0.029514
2 0.315003 0.783203 0.022541 0.029586
2 0.316117 0.783203 0.022512 0.029659
2 0.317231 0.783203 0.022483 0.029731
2 0.318345 0.783203 0.022454 0.029803
2 0.319459 0.783203 0.022425 0.029876
2 0.320573 0.783203 0.022396 0.029948
2 0.321687 0.783203 0.022367 0.030020
2 0.322801 0.783203 0.022338 0.030093
2 0.323915 0.783203 0.022309 0.030165
2 0.325029 0.783203 0.022280 0.030237
2 0.326143 0.783203 0.022251 0.030310
2 0.327257 0.783203 0.022222 0.030382
2 0.328371 0.783203 0.022193 0.030454
2 0.329485 0.783203 0.022164 0.030527
2 0.330599 0.783203 0.022135 0.030599
2 0.331713 0.783203 0.022106 0.030671
2 0.332827 0.783203 0.022078 0.030744
2 0.333941 0.783203 0.022049 0.030816
2 0.335055 0.783203 0.022020 0.030888
2 0.336169 0.783203 0.021991 0.030961
2 0.337283 0.783203 0.021962 0.031033
2 0.338397 0.783203 0.021933 0.031105
2 0.339511 0.783203 0.021904 0.031178
2 0.340625 0.783203 0.021875 0.031250
