2 0.192337 0.237529 0.092193 0.048028
2 0.190090 0.233035 0.092130 0.048095
2 0.189071 0.230410 0.092333 0.047801
2 0.187187 0.225510 0.092529 0.047748
2 0.186399 0.223132 0.092310 0.047120
2 0.184801 0.218130 0.093302 0.047074
2 0.184017 0.216017 0.093395 0.047252
2 0.182645 0.210976 0.095070 0.048923
2 0.182036 0.208614 0.094676 0.049263
2 0.180660 0.204239 0.094347 0.049759
2 0.179672 0.200368 0.095383 0.050607
2 0.179080 0.198112 0.094385 0.050278
2 0.177817 0.194605 0.095574 0.051302
2 0.176566 0.191316 0.096218 0.051437
2 0.176082 0.190169 0.095203 0.051374
2 0.174647 0.187668 0.096090 0.051618
2 0.174273 0.186616 0.095844 0.052082
2 0.172643 0.184533 0.096099 0.052277
2 0.171618 0.182916 0.096339 0.052379
2 0.170868 0.182199 0.096110 0.051753
2 0.169323 0.180788 0.096254 0.051907
2 0.168557 0.180503 0.096980 0.051621
2 0.167210 0.179310 0.096785 0.050736
2 0.166522 0.178920 0.096017 0.050458
2 0.165097 0.177788 0.095603 0.049614
2 0.164155 0.177266 0.096737 0.050085
2 0.162571 0.176444 0.096506 0.050072
2 0.161113 0.175428 0.096305 0.049144
2 0.160349 0.175282 0.095268 0.048450
2 0.158915 0.174309 0.094573 0.047655
2 0.158278 0.173867 0.094659 0.048174
2 0.157097 0.173032 0.094077 0.048562
2 0.156364 0.172564 0.094914 0.049828
2 0.155382 0.171515 0.094373 0.049905
2 0.154532 0.170334 0.095058 0.051028
2 0.154089 0.169824 0.094808 0.050423
2 0.153737 0.168527 0.095125 0.050957
2 0.153659 0.167947 0.095383 0.051371
2 0.153471 0.166784 0.095504 0.051154
2 0.153328 0.166141 0.096088 0.051566
2 0.154126 0.163798 0.095708 0.050728
2 0.154756 0.162617 0.096656 0.051327
2 0.154962 0.162254 0.096322 0.050989
2 0.155870 0.161084 0.096387 0.050435
2 0.157055 0.160354 0.095643 0.049735
2 0.157436 0.160160 0.096546 0.050159
2 0.158622 0.159907 0.095902 0.049513
2 0.159002 0.159506 0.096747 0.049409
2 0.160344 0.159184 0.096377 0.048814
2 0.161072 0.158963 0.096655 0.048741
2 0.162124 0.158743 0.097106 0.048854
2 0.163632 0.158649 0.097109 0.049261
2 0.164176 0.158498 0.097167 0.049377
2 0.165715 0.159033 0.097492 0.050136
2 0.166380 0.159420 0.098024 0.051009
2 0.167901 0.159833 0.098265 0.051279
2 0.168430 0.160197 0.099158 0.051991
2 0.169899 0.161529 0.099697 0.052968
2 0.170552 0.162088 0.099790 0.052807
2 0.171852 0.163710 0.100249 0.053361
2 0.173255 0.165581 0.100512 0.053937
2 0.174695 0.167754 0.100445 0.053829
2 0.175452 0.168877 0.100518 0.054349
2 0.177315 0.173121 0.100845 0.054949
2 0.178045 0.174527 0.101206 0.055136
2 0.179286 0.177764 0.100436 0.053983
2 0.179860 0.179593 0.100502 0.054189
2 0.180998 0.183146 0.100082 0.053930
2 0.182228 0.187201 0.099607 0.053488
2 0.182609 0.189233 0.099749 0.053014
2 0.183706 0.193778 0.099837 0.052927
2 0.184722 0.198513 0.100104 0.053245
2 0.185229 0.200845 0.099843 0.052860
2 0.186360 0.205848 0.099938 0.052776
2 0.186921 0.208380 0.099698 0.052481
2 0.188165 0.213498 0.099366 0.051640
2 0.188722 0.216293 0.099303 0.050420
2 0.190164 0.221914 0.098906 0.050230
2 0.190832 0.224525 0.099200 0.051089
2 0.192347 0.230100 0.099284 0.052182
2 0.194098 0.236015 0.099350 0.053123
2 0.195035 0.239055 0.099555 0.053665
2 0.196980 0.245107 0.099268 0.053985
2 0.198228 0.248155 0.099595 0.054614
2 0.200556 0.254346 0.099087 0.054300
2 0.201974 0.257643 0.098658 0.054018
2 0.204816 0.263693 0.098947 0.054721
2 0.207877 0.270186 0.099008 0.054603
2 0.211029 0.275972 0.098854 0.054318
2 0.214572 0.282256 0.098842 0.053489
2 0.216629 0.285362 0.099008 0.053040
2 0.220531 0.291365 0.098691 0.052304
2 0.222511 0.294451 0.098732 0.051564
2 0.226646 0.300568 0.099072 0.050852
2 0.230768 0.306898 0.099408 0.050721
2 0.232801 0.310121 0.099966 0.050737
2 0.237414 0.316670 0.099947 0.050452
2 0.239714 0.319879 0.100221 0.050998
2 0.244142 0.326186 0.100165 0.050769
2 0.246416 0.329600 0.100528 0.051192
2 0.250991 0.336253 0.101193 0.051118
2 0.255519 0.343220 0.101858 0.051803
2 0.257854 0.346873 0.102829 0.053115
2 0.262411 0.354144 0.103915 0.054926
2 0.264864 0.357780 0.102991 0.054338
2 0.269406 0.365295 0.103846 0.055925
2 0.271762 0.369140 0.104440 0.056456
2 0.276373 0.376920 0.105324 0.058576
2 0.278738 0.380762 0.104970 0.058607
2 0.282888 0.388838 0.106133 0.060719
2 0.287204 0.396598 0.106172 0.061487
2 0.289414 0.400452 0.106372 0.062116
2 0.293546 0.408237 0.106509 0.062879
2 0.297496 0.415984 0.106381 0.063144
2 0.299518 0.419827 0.106698 0.063478
2 0.303016 0.427441 0.107005 0.064310
2 0.306516 0.434847 0.107268 0.064760
2 0.308170 0.438560 0.107013 0.065022
2 0.311393 0.445915 0.107237 0.065116
2 0.312888 0.449382 0.107380 0.065429
2 0.315645 0.456304 0.107906 0.065841
2 0.318260 0.462998 0.107423 0.065335
2 0.319496 0.466091 0.107132 0.065341
2 0.321545 0.472348 0.107884 0.066083
2 0.322653 0.475313 0.107771 0.065749
2 0.324286 0.480612 0.108323 0.065935
2 0.325775 0.485501 0.108459 0.066333
2 0.326335 0.487982 0.108867 0.067256
2 0.327504 0.492361 0.109242 0.067712
2 0.327943 0.494264 0.109151 0.067570
2 0.328524 0.498267 0.109536 0.067887
2 0.328903 0.500088 0.109721 0.067874
2 0.329076 0.503436 0.110229 0.067949
2 0.329184 0.504992 0.109883 0.067969
2 0.329223 0.505967 0.110016 0.068028
2 0.328951 0.508553 0.110308 0.068172
2 0.328392 0.510584 0.110581 0.068055
2 0.327975 0.511495 0.110940 0.068317
2 0.327140 0.513245 0.111218 0.067317
2 0.326220 0.513808 0.109457 0.063546
2 0.325608 0.514421 0.109670 0.062391
2 0.324384 0.514828 0.108241 0.058142
2 0.323618 0.514715 0.108611 0.056636
2 0.322330 0.514648 0.108109 0.055493
2 0.321704 0.514083 0.108730 0.057543
2 0.320493 0.512949 0.109844 0.060714
2 0.319542 0.511343 0.110286 0.062831
2 0.319023 0.510045 0.111824 0.064874
2 0.318417 0.507898 0.112342 0.066833
2 0.318282 0.504664 0.112759 0.068565
2 0.318253 0.502961 0.113183 0.069463
2 0.318267 0.500972 0.113267 0.069220
2 0.318926 0.496196 0.113915 0.068682
2 0.320045 0.491010 0.113386 0.065992
2 0.320764 0.487765 0.112352 0.063706
2 0.322150 0.481476 0.111824 0.059307
2 0.322952 0.478144 0.111934 0.056887
2 0.324668 0.470718 0.114807 0.062585
2 0.325557 0.467070 0.116220 0.064809
2 0.327420 0.459515 0.117752 0.068983
2 0.328107 0.455345 0.118362 0.071076
2 0.329684 0.447193 0.119421 0.072438
2 0.330572 0.443127 0.119637 0.073787
2 0.331957 0.434642 0.120840 0.075961
2 0.332513 0.430329 0.120912 0.076950
2 0.333650 0.421350 0.121759 0.077973
2 0.334051 0.417061 0.122255 0.078808
2 0.334714 0.408249 0.123458 0.080394
2 0.335075 0.403969 0.123788 0.081190
2 0.335337 0.395758 0.124094 0.082147
2 0.335319 0.387267 0.124619 0.083318
2 0.335137 0.379280 0.125113 0.082838
2 0.334971 0.375232 0.125951 0.085021
2 0.334357 0.367620 0.126300 0.084930
2 0.333921 0.363869 0.126382 0.085284
2 0.332781 0.356442 0.126909 0.085337
2 0.331536 0.349203 0.126695 0.085019
2 0.329868 0.342295 0.127731 0.085865
2 0.329020 0.339119 0.127341 0.085582
2 0.326849 0.332546 0.127423 0.084823
2 0.325700 0.329171 0.127142 0.084708
2 0.323123 0.322800 0.128085 0.085374
2 0.321841 0.319771 0.127295 0.083967
2 0.318710 0.313329 0.127384 0.082829
2 0.315386 0.306936 0.127260 0.082278
2 0.313605 0.303656 0.126644 0.081025
2 0.309969 0.297479 0.126757 0.080318
2 0.305817 0.290865 0.126277 0.078031
2 0.301509 0.284511 0.125179 0.075162
2 0.299375 0.281138 0.124678 0.073253
2 0.294892 0.274176 0.124115 0.070882
2 0.290130 0.266969 0.122426 0.067665
2 0.285400 0.259921 0.120966 0.064004
2 0.282778 0.256440 0.120614 0.063159
2 0.278126 0.248783 0.119130 0.060074
2 0.273273 0.241212 0.119562 0.061680
2 0.268413 0.232917 0.120233 0.062736
2 0.266194 0.229032 0.119543 0.063462
2 0.261523 0.220404 0.120763 0.064429
2 0.259103 0.216288 0.121148 0.064890
2 0.254446 0.207794 0.121050 0.065176
2 0.252366 0.203346 0.120125 0.065313
2 0.247956 0.194326 0.121277 0.065703
2 0.245656 0.190122 0.120937 0.065051
2 0.241488 0.180607 0.121725 0.063509
2 0.239209 0.176123 0.120954 0.064102
2 0.235051 0.166809 0.120961 0.063487
2 0.233064 0.162242 0.121429 0.064065
2 0.228887 0.153489 0.120985 0.063207
2 0.224725 0.144328 0.121906 0.063264
2 0.222609 0.140066 0.121345 0.063074
2 0.218402 0.131691 0.122233 0.061963
2 0.214304 0.123443 0.121733 0.062564
2 0.210340 0.115453 0.122271 0.062497
2 0.206251 0.108034 0.122380 0.061877
2 0.202259 0.100643 0.122856 0.061959
2 0.198224 0.093949 0.123174 0.062037
2 0.196207 0.090798 0.124070 0.063783
2 0.191940 0.084453 0.125271 0.064916
2 0.188043 0.079181 0.125628 0.065444
2 0.183888 0.074020 0.126027 0.066057
2 0.181721 0.071705 0.126292 0.066751
2 0.177538 0.067582 0.126062 0.066021
2 0.173246 0.064306 0.126234 0.066034
2 0.171162 0.062781 0.127175 0.067736
2 0.166874 0.060111 0.126692 0.065929
2 0.164827 0.059325 0.126921 0.066410
2 0.160421 0.057595 0.127574 0.065517
2 0.158111 0.057330 0.127499 0.065009
2 0.153876 0.057126 0.126445 0.064360
2 0.149539 0.057588 0.127022 0.067290
2 0.147304 0.057961 0.127409 0.068649
2 0.143132 0.059323 0.128083 0.073514
2 0.138922 0.061436 0.129660 0.078402
2 0.136882 0.062492 0.129332 0.079856
2 0.133028 0.065370 0.130555 0.084815
2 0.131250 0.066727 0.130721 0.087714
2 0.127921 0.070196 0.131787 0.092547
2 0.126483 0.072506 0.132177 0.094546
2 0.123875 0.077102 0.132310 0.096958
2 0.121752 0.081576 0.132642 0.098854
2 0.120242 0.087372 0.133233 0.100352
2 0.119687 0.090067 0.132618 0.102312
2 0.118759 0.096447 0.132964 0.105265
2 0.118564 0.099726 0.133414 0.107304
2 0.118550 0.106575 0.133339 0.105618
2 0.119353 0.114421 0.133203 0.103924
2 0.119892 0.118081 0.133356 0.102212
2 0.121355 0.126455 0.133153 0.096423
2 0.122267 0.130488 0.133807 0.094418
2 0.124470 0.138927 0.132488 0.087485
2 0.125636 0.143413 0.132109 0.085506
2 0.128126 0.152745 0.131844 0.081587
2 0.130785 0.162729 0.129907 0.077244
2 0.131985 0.167575 0.128803 0.074958
2 0.134346 0.178040 0.128669 0.071727
2 0.135437 0.183262 0.129759 0.071140
2 0.137392 0.193878 0.131124 0.070522
2 0.138434 0.199063 0.130990 0.070602
2 0.140446 0.210158 0.127043 0.067664
2 0.141056 0.215341 0.128247 0.068614
2 0.142454 0.227157 0.127919 0.068548
2 0.143504 0.238579 0.132439 0.070632
2 0.144447 0.250630 0.134403 0.070255
2 0.144894 0.256610 0.134320 0.069314
2 0.145506 0.268403 0.134441 0.067732
2 0.146143 0.280095 0.135432 0.069224
2 0.146229 0.285927 0.135648 0.069259
2 0.146497 0.297825 0.135931 0.068566
2 0.146592 0.309835 0.136215 0.071295
2 0.146622 0.315839 0.136802 0.072627
2 0.146611 0.328125 0.137950 0.074881
2 0.146576 0.334125 0.138037 0.074524
2 0.146473 0.346780 0.138951 0.077166
2 0.146398 0.359087 0.138673 0.075468
2 0.146400 0.365141 0.138568 0.075458
2 0.146380 0.377770 0.138106 0.073805
2 0.146349 0.383512 0.137916 0.072611
2 0.146066 0.401054 0.136927 0.069337
2 0.145877 0.406711 0.137340 0.070574
2 0.145466 0.418121 0.138562 0.072585
2 0.145131 0.423731 0.139297 0.074061
2 0.144445 0.434501 0.140212 0.075269
2 0.144063 0.440024 0.140346 0.075653
2 0.143086 0.450814 0.141339 0.076736
2 0.142582 0.456042 0.141630 0.076528
2 0.141388 0.466858 0.142157 0.077023
2 0.140687 0.471947 0.142067 0.076587
2 0.139109 0.481931 0.141669 0.074219
2 0.138262 0.487075 0.141792 0.073019
2 0.136426 0.495969 0.141791 0.072311
2 0.135634 0.500509 0.142028 0.072953
2 0.133855 0.508746 0.142766 0.074419
2 0.131984 0.516219 0.143347 0.074681
2 0.131249 0.519958 0.143215 0.073267
2 0.129396 0.526201 0.143448 0.072905
2 0.128561 0.529279 0.142941 0.071917
2 0.126710 0.535136 0.143517 0.072817
2 0.125897 0.537611 0.143613 0.072925
2 0.125000 0.540039 0.143750 0.072266
