2 0.636719 0.521484 0.032813 0.035156
2 0.637089 0.521444 0.031216 0.034506
2 0.637257 0.521858 0.036258 0.041087
2 0.637689 0.521961 0.037941 0.042983
2 0.637724 0.522617 0.039056 0.044141
2 0.638005 0.522812 0.037823 0.042091
2 0.638368 0.522975 0.037294 0.040669
2 0.638375 0.522952 0.037698 0.041106
2 0.638214 0.523449 0.034911 0.037821
2 0.638636 0.523206 0.031089 0.033685
2 0.638648 0.523175 0.030908 0.033587
2 0.639001 0.523145 0.030328 0.033095
2 0.639047 0.523138 0.030314 0.033054
2 0.639139 0.523097 0.031351 0.034583
2 0.639220 0.523097 0.031974 0.035240
2 0.639315 0.522978 0.034335 0.038149
2 0.640009 0.522791 0.046145 0.051512
2 0.640204 0.522743 0.049762 0.055654
2 0.640139 0.522163 0.040117 0.043997
2 0.640079 0.521655 0.032722 0.035316
2 0.640094 0.521220 0.033226 0.036048
2 0.640370 0.520650 0.043713 0.049561
2 0.640305 0.519797 0.036086 0.040521
2 0.640296 0.518943 0.036111 0.040644
2 0.640411 0.517909 0.039638 0.045231
2 0.640281 0.517083 0.037216 0.042240
2 0.640441 0.515947 0.040931 0.047044
2 0.640318 0.515062 0.037289 0.042559
2 0.640342 0.514054 0.040379 0.046145
2 0.640093 0.513353 0.035179 0.038943
2 0.640191 0.512366 0.044550 0.050716
2 0.639899 0.511625 0.038328 0.042163
2 0.640127 0.510469 0.050942 0.059194
2 0.639561 0.509590 0.033953 0.037898
2 0.639872 0.508510 0.049529 0.058696
2 0.639289 0.507547 0.033258 0.038916
2 0.639133 0.507012 0.033596 0.039571
2 0.639022 0.505998 0.038058 0.044991
2 0.638838 0.505509 0.032222 0.037793
2 0.638793 0.504855 0.035890 0.041943
2 0.638466 0.504486 0.041969 0.048287
2 0.637826 0.503808 0.031197 0.036018
2 0.637757 0.503396 0.029546 0.033969
2 0.637742 0.502510 0.041343 0.049506
2 0.637511 0.502028 0.035595 0.042278
2 0.637055 0.501672 0.031954 0.037392
2 0.636904 0.501124 0.035316 0.041312
2 0.637141 0.500611 0.050316 0.060162
2 0.636274 0.499849 0.035039 0.041672
2 0.636200 0.499118 0.033450 0.039884
2 0.636019 0.498660 0.042849 0.051746
2 0.635355 0.497783 0.032959 0.038496
2 0.635260 0.497094 0.039797 0.046604
2 0.634662 0.495835 0.033191 0.039725
2 0.634352 0.494929 0.035211 0.042475
2 0.633996 0.493839 0.032802 0.039075
2 0.633965 0.492687 0.047097 0.056156
2 0.633131 0.491522 0.031206 0.037109
2 0.632810 0.490031 0.034039 0.041053
2 0.632499 0.489076 0.036719 0.043939
2 0.632029 0.488051 0.034350 0.040083
2 0.631811 0.486552 0.040641 0.049104
2 0.631376 0.485228 0.034369 0.041426
2 0.631118 0.484081 0.035050 0.042589
2 0.630921 0.483136 0.037886 0.045902
2 0.630827 0.482124 0.035242 0.042428
2 0.630865 0.481191 0.039247 0.047559
2 0.630613 0.480340 0.038028 0.045510
2 0.630548 0.479540 0.037118 0.044428
2 0.630753 0.478765 0.046198 0.056069
2 0.630501 0.478116 0.036091 0.043093
2 0.630922 0.477231 0.041816 0.050816
2 0.630970 0.476556 0.041830 0.050844
2 0.631276 0.475924 0.035744 0.043458
2 0.631746 0.475156 0.041196 0.050400
2 0.632304 0.474633 0.040685 0.048968
2 0.633056 0.473975 0.035052 0.042545
2 0.634009 0.473310 0.041277 0.050037
2 0.634892 0.472625 0.040671 0.049642
2 0.635858 0.471721 0.035961 0.043657
2 0.637193 0.470762 0.041738 0.050643
2 0.638619 0.470086 0.035071 0.042100
2 0.640623 0.469252 0.042420 0.051942
2 0.642008 0.468082 0.034670 0.042508
2 0.643924 0.466926 0.045538 0.056318
2 0.645673 0.465472 0.037904 0.047101
2 0.647918 0.463899 0.034172 0.042123
2 0.649980 0.461860 0.033668 0.041708
2 0.652217 0.459722 0.035250 0.043291
2 0.654719 0.457219 0.043193 0.053270
2 0.656700 0.454269 0.031087 0.038066
2 0.659277 0.450949 0.036100 0.044239
2 0.661679 0.447373 0.042321 0.051845
2 0.663936 0.443329 0.039679 0.048678
2 0.665925 0.438779 0.033061 0.040726
2 0.668207 0.434154 0.039367 0.048234
2 0.670238 0.428680 0.033140 0.040868
2 0.672176 0.422965 0.032965 0.040642
2 0.674107 0.417062 0.033527 0.041168
2 0.675913 0.410909 0.037061 0.045351
2 0.677530 0.404165 0.038728 0.047362
2 0.678773 0.397319 0.035447 0.043480
2 0.680009 0.390302 0.036238 0.044606
2 0.681401 0.383017 0.043969 0.054193
2 0.682232 0.375562 0.038657 0.047283
2 0.682960 0.367983 0.033330 0.041136
2 0.683787 0.360208 0.033464 0.041095
2 0.684532 0.352276 0.033254 0.041071
2 0.685378 0.344351 0.036565 0.044990
2 0.686186 0.336351 0.038185 0.047153
2 0.687062 0.328243 0.040761 0.049887
2 0.687552 0.319880 0.032468 0.039804
2 0.688375 0.311574 0.034812 0.042331
2 0.689173 0.303367 0.037211 0.045845
2 0.689814 0.294893 0.040814 0.050041
2 0.690303 0.286666 0.033688 0.041208
2 0.690950 0.278470 0.031961 0.039080
2 0.691894 0.270295 0.034701 0.042536
2 0.692702 0.262373 0.038329 0.046703
2 0.693726 0.254328 0.044949 0.054944
2 0.694612 0.246355 0.047045 0.057548
2 0.695400 0.238267 0.041573 0.050983
2 0.696122 0.230303 0.038411 0.046645
2 0.696897 0.222275 0.035828 0.043811
2 0.697537 0.214473 0.035860 0.043539
2 0.698249 0.206607 0.035154 0.042857
2 0.698819 0.198832 0.035410 0.043109
2 0.699466 0.191325 0.037914 0.045876
2 0.700034 0.183947 0.040692 0.049979
2 0.700226 0.176757 0.033786 0.041409
2 0.700734 0.170045 0.040467 0.049592
2 0.701006 0.163824 0.035242 0.043028
2 0.701189 0.157907 0.033657 0.041223
2 0.701438 0.152598 0.039610 0.048722
2 0.701304 0.147700 0.032611 0.040031
2 0.701333 0.143366 0.034165 0.041954
2 0.701111 0.139598 0.033292 0.040745
2 0.700730 0.136569 0.035956 0.043957
2 0.700157 0.134020 0.032024 0.039349
2 0.699497 0.132151 0.032368 0.039609
2 0.698804 0.130765 0.037096 0.045623
2 0.697935 0.130284 0.032332 0.039523
2 0.696775 0.130265 0.032097 0.039424
2 0.695731 0.130778 0.036509 0.044806
2 0.694416 0.132039 0.031828 0.038665
2 0.693100 0.133864 0.031735 0.038524
2 0.691631 0.135958 0.031403 0.038217
2 0.690356 0.138791 0.039500 0.048493
2 0.688626 0.141909 0.033073 0.040535
2 0.687012 0.145659 0.033196 0.040689
2 0.685126 0.149831 0.032162 0.039168
2 0.683465 0.154330 0.038051 0.046789
2 0.681496 0.159095 0.032042 0.039429
2 0.679818 0.163986 0.036784 0.045766
2 0.677747 0.169104 0.030272 0.037739
2 0.675816 0.174238 0.035167 0.043723
2 0.673685 0.179256 0.032104 0.039997
2 0.671673 0.184386 0.030622 0.038156
2 0.669707 0.189189 0.034762 0.043289
2 0.667493 0.194038 0.031553 0.039361
2 0.665455 0.198516 0.029961 0.037344
2 0.663674 0.203082 0.041560 0.051761
2 0.661401 0.207525 0.036080 0.044914
2 0.659278 0.211741 0.031319 0.038971
2 0.657204 0.215755 0.030864 0.038254
2 0.655021 0.219708 0.029548 0.036803
2 0.653074 0.223618 0.029176 0.036378
2 0.651080 0.227530 0.029699 0.036943
2 0.648870 0.231299 0.030212 0.037571
2 0.646973 0.234761 0.035839 0.044663
2 0.645081 0.238285 0.038770 0.047978
2 0.642685 0.241679 0.030573 0.037604
2 0.640633 0.245242 0.029852 0.036589
2 0.638838 0.248497 0.036720 0.045487
2 0.636662 0.251562 0.032860 0.040400
2 0.634549 0.254792 0.030728 0.037949
2 0.632854 0.257935 0.041734 0.051983
2 0.630709 0.261044 0.029902 0.036536
2 0.629249 0.264232 0.034027 0.041997
2 0.627811 0.267226 0.032532 0.040184
2 0.626600 0.270480 0.030014 0.036751
2 0.625998 0.273819 0.039702 0.048752
2 0.625231 0.276900 0.032634 0.040067
2 0.625108 0.280457 0.030748 0.037611
2 0.625409 0.283820 0.034466 0.042391
2 0.626103 0.286865 0.034302 0.041994
2 0.626977 0.290125 0.031441 0.038428
2 0.628444 0.292943 0.038567 0.047856
2 0.629759 0.295799 0.031787 0.039171
2 0.631261 0.298187 0.031376 0.038628
2 0.632992 0.300195 0.031954 0.039362
2 0.634634 0.302024 0.031273 0.038507
2 0.636361 0.303469 0.033325 0.041079
2 0.638136 0.304825 0.041665 0.051581
2 0.639405 0.305960 0.031376 0.038850
2 0.641092 0.307020 0.037109 0.046100
2 0.642449 0.307953 0.031996 0.039436
2 0.644040 0.308472 0.038440 0.047781
2 0.645112 0.309487 0.032334 0.040185
2 0.646430 0.310042 0.033811 0.041944
2 0.647554 0.310985 0.038274 0.047505
2 0.648574 0.311636 0.031133 0.039064
2 0.650074 0.312599 0.042563 0.053349
2 0.650846 0.313355 0.032503 0.040489
2 0.651892 0.314187 0.037241 0.046840
2 0.652966 0.315203 0.031318 0.039387
2 0.654189 0.316319 0.042251 0.053403
2 0.654931 0.317343 0.030314 0.038399
2 0.656026 0.318747 0.035496 0.044871
2 0.657021 0.320088 0.038604 0.048691
2 0.657698 0.321492 0.030717 0.038778
2 0.658626 0.323155 0.030699 0.038754
2 0.659571 0.325035 0.030862 0.038921
2 0.660459 0.327127 0.030748 0.038755
2 0.661225 0.329136 0.030688 0.038668
2 0.662215 0.331424 0.032138 0.040481
2 0.663106 0.333950 0.040495 0.050988
2 0.663696 0.336839 0.031274 0.039377
2 0.664525 0.339753 0.039331 0.049542
2 0.665243 0.342876 0.032723 0.041232
2 0.665813 0.346294 0.034347 0.043271
2 0.666409 0.349833 0.039682 0.049748
2 0.667121 0.353315 0.037990 0.047436
2 0.667449 0.357007 0.035486 0.044327
2 0.667966 0.360660 0.033508 0.041746
2 0.668412 0.364203 0.032555 0.040671
2 0.668744 0.367936 0.033022 0.041360
2 0.669404 0.371363 0.041880 0.052428
2 0.669910 0.374974 0.043697 0.054523
2 0.670159 0.378367 0.033745 0.042175
2 0.670461 0.381878 0.031803 0.040145
2 0.670836 0.385713 0.032030 0.040441
2 0.671384 0.389172 0.035128 0.044381
2 0.672012 0.392603 0.043357 0.054661
2 0.672199 0.395994 0.035507 0.044966
2 0.672501 0.399425 0.032489 0.041331
2 0.673007 0.403188 0.033653 0.042853
2 0.673423 0.406675 0.038478 0.048605
2 0.673981 0.410187 0.046789 0.058757
2 0.674300 0.414042 0.045621 0.056913
2 0.674214 0.417627 0.040636 0.050648
2 0.674641 0.421040 0.036846 0.046022
2 0.674897 0.424781 0.036317 0.045433
2 0.675209 0.428204 0.041735 0.052139
2 0.675603 0.431638 0.047492 0.059248
2 0.675471 0.435180 0.040629 0.050949
2 0.675537 0.438627 0.034550 0.043368
2 0.675614 0.442142 0.033308 0.042034
2 0.675754 0.445661 0.038727 0.048721
2 0.675967 0.449047 0.041432 0.051994
2 0.675999 0.452921 0.040725 0.051003
2 0.675843 0.456291 0.033287 0.041697
2 0.675825 0.459843 0.033275 0.041692
2 0.675872 0.463537 0.033565 0.042005
2 0.676080 0.466837 0.043642 0.054582
2 0.675797 0.470336 0.035025 0.043752
2 0.675579 0.473798 0.031844 0.040044
2 0.675319 0.477271 0.032280 0.040536
2 0.675565 0.480524 0.042012 0.052732
2 0.675283 0.483774 0.031718 0.040215
2 0.675077 0.487129 0.029839 0.037810
2 0.674974 0.490550 0.036073 0.045414
2 0.674798 0.493810 0.035033 0.044016
2 0.674340 0.497079 0.030106 0.037984
2 0.674066 0.500386 0.035926 0.044951
2 0.673694 0.503536 0.034434 0.043510
2 0.673258 0.506745 0.029215 0.037375
2 0.673246 0.509757 0.041382 0.052832
2 0.672435 0.513050 0.033366 0.042703
2 0.672070 0.516112 0.032480 0.041443
2 0.671954 0.519329 0.038989 0.049185
2 0.671233 0.522253 0.032109 0.040772
2 0.670849 0.525191 0.038287 0.048187
2 0.670058 0.528106 0.030433 0.038411
2 0.669635 0.530734 0.035016 0.044152
2 0.668964 0.533362 0.038798 0.048916
2 0.668345 0.535744 0.028692 0.036789
2 0.667439 0.538181 0.027927 0.035772
2 0.666896 0.540463 0.031678 0.040688
2 0.666416 0.542412 0.034229 0.044180
2 0.665672 0.544434 0.035115 0.044819
2 0.664862 0.546377 0.036554 0.047019
2 0.664116 0.548384 0.035942 0.045776
2 0.663283 0.550275 0.037426 0.047864
2 0.662400 0.551781 0.030894 0.039319
2 0.661568 0.553616 0.031631 0.040472
2 0.660767 0.555159 0.034083 0.043315
2 0.660031 0.556606 0.043342 0.054793
2 0.658789 0.557933 0.033453 0.042743
2 0.657802 0.559458 0.030367 0.038571
2 0.657062 0.560665 0.041793 0.052927
2 0.655899 0.562140 0.037468 0.047470
2 0.654779 0.563234 0.028839 0.037029
2 0.654001 0.564237 0.041418 0.052921
2 0.652818 0.565588 0.029392 0.037619
2 0.651764 0.566920 0.031264 0.039722
2 0.650930 0.567871 0.035400 0.045304
2 0.649864 0.568998 0.030056 0.038339
2 0.649219 0.569893 0.035993 0.045963
2 0.648522 0.570917 0.030691 0.039168
2 0.647856 0.571670 0.032301 0.041512
2 0.647153 0.572673 0.031403 0.040159
2 0.646753 0.573405 0.028402 0.036334
2 0.646455 0.573853 0.035614 0.045395
2 0.646181 0.574759 0.030339 0.038989
2 0.645809 0.575197 0.028638 0.036794
2 0.645898 0.575742 0.035353 0.045140
2 0.645878 0.576355 0.036506 0.046637
2 0.645696 0.576740 0.030041 0.038478
2 0.645664 0.577070 0.028761 0.036839
2 0.645721 0.577211 0.029278 0.037490
2 0.645817 0.577286 0.029894 0.038296
2 0.645896 0.577407 0.031798 0.040500
2 0.645909 0.577442 0.032192 0.041061
