2 0.772666 0.428546 0.100774 0.088069
2 0.773754 0.423239 0.101480 0.088703
2 0.774532 0.420290 0.100946 0.087939
2 0.775855 0.414561 0.101075 0.088473
2 0.776895 0.411859 0.102038 0.089386
2 0.778484 0.405640 0.101697 0.089118
2 0.779093 0.402804 0.101046 0.088321
2 0.780608 0.396349 0.102091 0.089495
2 0.781733 0.390452 0.102317 0.089868
2 0.781943 0.387124 0.101483 0.089111
2 0.783139 0.380842 0.102213 0.089691
2 0.783950 0.377966 0.100792 0.087893
2 0.785237 0.371239 0.102244 0.089991
2 0.785410 0.368378 0.101702 0.089309
2 0.786591 0.362280 0.101563 0.089438
2 0.787007 0.359299 0.101993 0.089399
2 0.787886 0.352974 0.102077 0.089792
2 0.788648 0.347127 0.101382 0.088734
2 0.789063 0.344347 0.100657 0.087881
2 0.789767 0.338779 0.101474 0.089589
2 0.790248 0.333329 0.101345 0.088783
2 0.790626 0.330874 0.100721 0.088080
2 0.791463 0.325463 0.101840 0.089795
2 0.791568 0.323049 0.101429 0.089410
2 0.791823 0.318525 0.101905 0.089602
2 0.792164 0.316006 0.101957 0.089497
2 0.792815 0.310905 0.101828 0.089978
2 0.792929 0.308970 0.101763 0.089866
2 0.793449 0.303697 0.100941 0.088456
2 0.793384 0.301662 0.100895 0.088502
2 0.794211 0.297310 0.101516 0.089531
2 0.794452 0.295583 0.101188 0.089178
2 0.794557 0.291085 0.101830 0.089734
2 0.794810 0.286885 0.101558 0.089123
2 0.795385 0.285233 0.101352 0.088717
2 0.795653 0.281737 0.101323 0.089152
2 0.795667 0.280283 0.101359 0.089258
2 0.795812 0.276401 0.101299 0.089409
2 0.796203 0.273340 0.102113 0.090104
2 0.796269 0.271999 0.101141 0.089194
2 0.796972 0.268935 0.101253 0.088832
2 0.797247 0.267246 0.101694 0.089767
2 0.797424 0.264442 0.101423 0.089680
2 0.797426 0.262991 0.102068 0.090302
2 0.797955 0.259762 0.102226 0.090108
2 0.798147 0.258900 0.101925 0.089433
2 0.798150 0.255773 0.102671 0.090213
2 0.798878 0.254843 0.102389 0.090583
2 0.799287 0.251513 0.102975 0.091144
2 0.799276 0.250256 0.102775 0.090959
2 0.799733 0.247785 0.102722 0.090090
2 0.800254 0.247196 0.102562 0.090423
2 0.800961 0.243523 0.103055 0.090897
2 0.801190 0.242671 0.102690 0.090146
2 0.801334 0.239638 0.103016 0.090310
2 0.802333 0.237121 0.102659 0.090546
2 0.802375 0.235994 0.103389 0.091267
2 0.802832 0.233488 0.102514 0.089804
2 0.803087 0.231919 0.102916 0.090190
2 0.803562 0.229433 0.102827 0.090740
2 0.804044 0.228784 0.103174 0.091037
2 0.804700 0.226368 0.103430 0.090803
2 0.805206 0.224368 0.103993 0.092121
2 0.805606 0.223508 0.103026 0.091057
2 0.806086 0.221621 0.102753 0.090238
2 0.806290 0.220527 0.103779 0.091421
2 0.807153 0.219054 0.103547 0.091713
2 0.807438 0.217951 0.103046 0.090888
2 0.807902 0.216584 0.103661 0.091488
2 0.808300 0.215685 0.102899 0.091159
2 0.808800 0.214283 0.103432 0.091532
2 0.809164 0.212248 0.102746 0.090257
2 0.809675 0.210738 0.103737 0.091741
2 0.810149 0.209485 0.102964 0.091262
2 0.810162 0.208889 0.103839 0.092047
2 0.810471 0.207910 0.102331 0.090208
2 0.810487 0.206857 0.103639 0.091531
2 0.810491 0.206408 0.103106 0.090962
2 0.810921 0.205400 0.102642 0.090143
2 0.811456 0.204337 0.103374 0.091651
2 0.811339 0.203333 0.103514 0.091720
2 0.811413 0.202574 0.103697 0.091941
2 0.811475 0.202199 0.103110 0.091425
2 0.811634 0.201727 0.103064 0.091409
2 0.811729 0.200896 0.104176 0.092484
2 0.811812 0.200891 0.104161 0.092449
2 0.811841 0.200678 0.104074 0.092342
2 0.811817 0.200125 0.103155 0.091377
2 0.811915 0.200022 0.103120 0.091341
2 0.812327 0.200013 0.102791 0.090506
2 0.812274 0.200002 0.102750 0.090462
2 0.812419 0.199898 0.102765 0.090464
2 0.812469 0.199749 0.103010 0.090776
2 0.812615 0.199774 0.103257 0.091240
2 0.812705 0.199809 0.103384 0.091547
2 0.813178 0.199315 0.104311 0.092849
2 0.813222 0.199373 0.104135 0.092701
2 0.813226 0.199470 0.103757 0.092226
2 0.813203 0.199613 0.103405 0.091874
2 0.813310 0.199611 0.103350 0.091813
2 0.813375 0.200015 0.102950 0.091314
2 0.813676 0.200593 0.103074 0.091044
2 0.813434 0.200948 0.103668 0.091960
2 0.813446 0.201972 0.102735 0.091071
2 0.813456 0.202008 0.102728 0.091023
2 0.813471 0.202304 0.103086 0.091226
2 0.813660 0.203760 0.102565 0.090465
2 0.813693 0.204423 0.102765 0.090595
2 0.813676 0.204918 0.103182 0.090942
2 0.813779 0.205941 0.102287 0.089849
2 0.813776 0.206991 0.102911 0.090380
2 0.813783 0.208005 0.102231 0.089718
2 0.813424 0.208951 0.103409 0.091562
2 0.813503 0.210302 0.103126 0.091232
2 0.813524 0.211151 0.103230 0.091332
2 0.813391 0.213074 0.103282 0.091447
2 0.812885 0.214170 0.103262 0.091366
2 0.812772 0.215942 0.102893 0.090834
2 0.812610 0.216148 0.102554 0.090098
2 0.812514 0.217825 0.102184 0.089541
2 0.811531 0.219901 0.102779 0.090941
2 0.811649 0.220794 0.103155 0.091302
2 0.811212 0.222798 0.103056 0.090896
2 0.810695 0.224243 0.102842 0.090086
2 0.810693 0.224558 0.102989 0.090326
2 0.810092 0.226435 0.103385 0.091520
2 0.810042 0.228384 0.103389 0.091537
2 0.809849 0.228546 0.103256 0.091380
2 0.809014 0.230192 0.102919 0.090458
2 0.808787 0.230740 0.102852 0.090787
2 0.808754 0.232134 0.103180 0.091143
2 0.808606 0.232885 0.102721 0.090921
2 0.808109 0.233776 0.102934 0.090906
2 0.808119 0.234066 0.103218 0.091217
2 0.807857 0.234560 0.102634 0.090185
2 0.807964 0.234619 0.102654 0.090400
2 0.807920 0.234469 0.102440 0.090135
2 0.808171 0.234659 0.102701 0.090675
2 0.808175 0.234570 0.102961 0.090932
2 0.808231 0.234557 0.103000 0.091056
2 0.808723 0.234453 0.103059 0.091092
2 0.808759 0.234015 0.103188 0.091176
2 0.809129 0.234013 0.102774 0.090173
2 0.809225 0.233562 0.102085 0.089478
2 0.809258 0.233509 0.101914 0.089332
2 0.810018 0.232751 0.102711 0.090961
2 0.810126 0.232664 0.102784 0.090974
2 0.810402 0.231810 0.102587 0.090512
2 0.810449 0.231567 0.102190 0.090084
2 0.810536 0.231034 0.102056 0.089835
2 0.810554 0.230850 0.102164 0.089782
2 0.810706 0.229609 0.101788 0.089134
2 0.810663 0.229358 0.101369 0.088667
2 0.810796 0.229072 0.101454 0.088667
2 0.810741 0.228836 0.101593 0.088824
2 0.810609 0.227943 0.101841 0.089183
2 0.810733 0.227814 0.101602 0.088780
2 0.810853 0.227702 0.101529 0.088712
2 0.810460 0.227218 0.101635 0.089236
2 0.810121 0.227223 0.101855 0.089829
2 0.810044 0.227198 0.101841 0.089830
2 0.809655 0.227248 0.101695 0.089342
2 0.809193 0.227159 0.101091 0.088036
2 0.808841 0.227638 0.101621 0.089185
2 0.808474 0.228156 0.102283 0.090201
2 0.807818 0.228502 0.101746 0.088887
2 0.807330 0.229027 0.101370 0.088782
2 0.806857 0.229499 0.101618 0.089437
2 0.806179 0.229547 0.101274 0.088296
2 0.805218 0.229970 0.102346 0.090189
2 0.805102 0.230232 0.102378 0.090030
2 0.803755 0.231072 0.101722 0.089523
2 0.803279 0.231093 0.101391 0.088734
2 0.802036 0.231476 0.101814 0.089644
2 0.801621 0.231694 0.101670 0.088834
2 0.800009 0.232163 0.102027 0.089082
2 0.799495 0.232256 0.102290 0.089704
2 0.797861 0.232735 0.101755 0.089249
2 0.797069 0.233028 0.101339 0.088719
2 0.795709 0.233162 0.101499 0.089172
2 0.794569 0.233539 0.101700 0.089412
2 0.793180 0.233844 0.102264 0.089868
2 0.792239 0.234003 0.102086 0.089266
2 0.790005 0.234969 0.101753 0.089464
2 0.788108 0.235153 0.101816 0.089745
2 0.786956 0.235553 0.101927 0.089492
2 0.784976 0.236060 0.102803 0.090665
2 0.783733 0.236170 0.102689 0.090369
2 0.781499 0.236892 0.101738 0.089301
2 0.780175 0.237373 0.101867 0.089597
2 0.777741 0.238030 0.101986 0.089016
2 0.776719 0.238173 0.102272 0.089524
2 0.773873 0.239114 0.101601 0.089247
2 0.772672 0.239309 0.101634 0.089279
2 0.769887 0.239875 0.101934 0.089021
2 0.767188 0.240226 0.102024 0.088994
2 0.765752 0.240602 0.101997 0.089203
2 0.763043 0.241544 0.102290 0.089868
2 0.761565 0.241306 0.102222 0.089846
2 0.758663 0.241819 0.102839 0.090388
2 0.755623 0.242700 0.102178 0.089651
2 0.752764 0.243155 0.101637 0.088513
2 0.751406 0.243554 0.102094 0.088849
2 0.748102 0.244314 0.102275 0.089175
2 0.745249 0.245548 0.102128 0.088965
2 0.743470 0.245595 0.102026 0.088847
2 0.740570 0.246710 0.101496 0.088353
2 0.738872 0.247153 0.101467 0.088153
2 0.735805 0.248042 0.102085 0.088799
2 0.732518 0.249017 0.101427 0.088172
2 0.731110 0.249548 0.101996 0.088713
2 0.727701 0.250255 0.101997 0.088917
2 0.726325 0.250849 0.101342 0.088045
2 0.722691 0.251803 0.102829 0.090237
2 0.721120 0.252129 0.102525 0.089911
2 0.717789 0.253090 0.102145 0.089614
2 0.716061 0.253702 0.102812 0.090224
2 0.712547 0.254717 0.101526 0.088282
2 0.710710 0.255120 0.101552 0.088110
2 0.705626 0.256868 0.101956 0.089294
2 0.702288 0.258212 0.102623 0.090336
2 0.700457 0.259050 0.102588 0.090270
2 0.696839 0.260759 0.102064 0.089062
2 0.693419 0.262628 0.101986 0.089015
2 0.689908 0.264726 0.102581 0.090291
2 0.688356 0.265821 0.103505 0.091375
2 0.684921 0.268238 0.102612 0.090506
2 0.683330 0.269205 0.103893 0.091841
2 0.679825 0.271597 0.103269 0.090563
2 0.678229 0.272896 0.102880 0.089938
2 0.674690 0.275217 0.103069 0.089905
2 0.671590 0.278029 0.101965 0.088739
2 0.669719 0.279290 0.103608 0.091051
2 0.666580 0.281918 0.102360 0.089653
2 0.664970 0.283458 0.103220 0.090637
2 0.661548 0.286782 0.103849 0.091453
2 0.658501 0.290113 0.102925 0.090489
2 0.656906 0.291846 0.102738 0.090268
2 0.655397 0.293816 0.102683 0.090206
2 0.652348 0.297326 0.102843 0.090358
2 0.650928 0.299031 0.103086 0.090469
2 0.647938 0.303355 0.102414 0.089590
2 0.646360 0.305539 0.102432 0.089549
2 0.643230 0.310344 0.103386 0.090397
2 0.642184 0.312467 0.103197 0.089969
2 0.639534 0.317384 0.102650 0.089975
2 0.636598 0.321927 0.103789 0.091214
2 0.635297 0.324761 0.102734 0.089913
2 0.632943 0.329899 0.103327 0.090223
2 0.630382 0.335618 0.103647 0.091110
2 0.629157 0.338374 0.102533 0.089631
2 0.626312 0.344661 0.101885 0.088430
2 0.623652 0.350893 0.102909 0.089907
2 0.622406 0.353870 0.103058 0.090383
2 0.619582 0.360628 0.102892 0.090084
2 0.618149 0.363847 0.102544 0.089638
2 0.614707 0.370600 0.103518 0.090853
2 0.613096 0.373978 0.102767 0.090152
2 0.609547 0.380779 0.103334 0.090117
2 0.605696 0.387263 0.102167 0.088928
2 0.603735 0.390523 0.103876 0.091278
2 0.599783 0.397001 0.101607 0.087657
2 0.597641 0.400244 0.103827 0.091103
2 0.593163 0.406881 0.102118 0.088830
2 0.588502 0.412753 0.102375 0.089212
2 0.583654 0.418337 0.103498 0.090953
2 0.581105 0.420921 0.102180 0.088488
2 0.575905 0.425966 0.103768 0.091091
2 0.573198 0.428418 0.101979 0.088187
2 0.567790 0.432629 0.103368 0.090967
2 0.561906 0.436214 0.102803 0.089981
2 0.558819 0.437606 0.103858 0.090873
2 0.552590 0.440073 0.102837 0.089830
2 0.546199 0.441982 0.103433 0.090931
2 0.535901 0.443022 0.103717 0.090227
2 0.532317 0.443032 0.104006 0.090892
2 0.525222 0.441998 0.103175 0.090309
2 0.521390 0.441190 0.103990 0.090854
2 0.513832 0.438716 0.103040 0.089663
2 0.510043 0.437231 0.104263 0.091904
2 0.502260 0.433379 0.104485 0.092123
2 0.494394 0.428426 0.103827 0.091403
2 0.490574 0.425380 0.103929 0.090691
2 0.482732 0.418411 0.103587 0.090171
2 0.478981 0.414459 0.104663 0.091959
2 0.471375 0.405794 0.104083 0.090994
2 0.467769 0.401071 0.104055 0.091450
2 0.460533 0.390818 0.104387 0.091385
2 0.457224 0.385336 0.104458 0.092007
2 0.450650 0.373517 0.105134 0.093004
2 0.444415 0.360859 0.105768 0.093766
2 0.441671 0.353735 0.105710 0.094245
2 0.436680 0.339322 0.106193 0.095072
2 0.434610 0.331521 0.107292 0.095889
2 0.430892 0.315568 0.106429 0.094484
2 0.428333 0.298903 0.106204 0.094483
2 0.427215 0.290393 0.106856 0.094757
2 0.425843 0.273490 0.107008 0.094238
2 0.425419 0.264562 0.108963 0.096331
2 0.425537 0.247852 0.109513 0.096378
2 0.426775 0.231036 0.107910 0.093911
2 0.427544 0.222448 0.108250 0.094034
2 0.430355 0.205801 0.107705 0.093610
2 0.433688 0.189261 0.106141 0.091370
2 0.435579 0.181157 0.106481 0.091174
2 0.439757 0.164869 0.105821 0.090474
2 0.444412 0.148508 0.106184 0.090934
2 0.446694 0.140756 0.107354 0.093131
2 0.451313 0.124856 0.106910 0.092896
2 0.453804 0.117342 0.105584 0.090820
2 0.458620 0.102159 0.104471 0.089239
2 0.460938 0.094727 0.103125 0.087891
