2 0.743750 0.527344 0.034375 0.027344
2 0.741765 0.525517 0.041771 0.036737
2 0.741475 0.523648 0.038745 0.033135
2 0.741475 0.523648 0.038745 0.033135
2 0.737746 0.521708 0.035404 0.030258
2 0.737285 0.520664 0.043157 0.041903
2 0.737281 0.520643 0.043229 0.042064
2 0.735124 0.518601 0.036196 0.033435
2 0.733552 0.517348 0.037031 0.033061
2 0.733569 0.517394 0.037788 0.033813
2 0.731255 0.514282 0.043697 0.043378
2 0.729710 0.513727 0.035810 0.030805
2 0.729735 0.513760 0.035852 0.031207
2 0.727394 0.510598 0.036803 0.034597
2 0.726632 0.510028 0.036866 0.034078
2 0.726632 0.510017 0.036934 0.034299
2 0.724997 0.506909 0.044485 0.044399
2 0.723519 0.504675 0.034969 0.032892
2 0.723500 0.504667 0.034605 0.032448
2 0.721888 0.501756 0.037150 0.033604
2 0.720357 0.499741 0.033278 0.028482
2 0.720357 0.499741 0.033278 0.028482
2 0.718727 0.495918 0.043957 0.042666
2 0.717426 0.494300 0.031356 0.027488
2 0.717426 0.494300 0.031356 0.027488
2 0.715906 0.490018 0.032241 0.027198
2 0.715626 0.489211 0.034255 0.032077
2 0.715653 0.489202 0.034731 0.032683
2 0.714121 0.484833 0.035149 0.033438
2 0.714037 0.483963 0.044803 0.044640
2 0.714037 0.483963 0.044803 0.044640
2 0.712615 0.481729 0.038563 0.037376
2 0.711569 0.480448 0.036138 0.032982
2 0.711564 0.480443 0.036247 0.033143
2 0.710022 0.478455 0.035841 0.032315
2 0.709569 0.478359 0.033691 0.029328
2 0.709592 0.478339 0.033579 0.029213
2 0.708071 0.476462 0.033745 0.029402
2 0.707865 0.475307 0.035779 0.034240
2 0.707887 0.475324 0.036011 0.034603
2 0.706447 0.474975 0.044113 0.044901
2 0.706436 0.474927 0.044956 0.046208
2 0.706436 0.474930 0.045147 0.046458
2 0.704798 0.474799 0.033563 0.031491
2 0.704256 0.474953 0.040270 0.039659
2 0.704256 0.474953 0.040270 0.039659
2 0.703283 0.474914 0.043292 0.043923
2 0.702019 0.474485 0.034242 0.030189
2 0.702019 0.474485 0.034242 0.030189
2 0.701770 0.474886 0.046145 0.047711
2 0.700483 0.475245 0.032987 0.030820
2 0.700483 0.475245 0.032987 0.030820
2 0.700175 0.476380 0.044674 0.044351
2 0.699076 0.476652 0.034956 0.032497
2 0.699026 0.476650 0.034254 0.031546
2 0.698550 0.477588 0.043066 0.043385
2 0.698598 0.478057 0.045668 0.045768
2 0.698598 0.478057 0.045668 0.045768
2 0.697181 0.478858 0.031032 0.027963
2 0.697140 0.479639 0.030863 0.027162
2 0.697140 0.479639 0.030863 0.027162
2 0.696858 0.481055 0.034277 0.032264
2 0.696831 0.481058 0.035155 0.033423
2 0.696795 0.481091 0.034851 0.032940
2 0.696655 0.482818 0.041603 0.040471
2 0.696609 0.484755 0.041288 0.039996
2 0.696559 0.484744 0.040525 0.039210
2 0.695770 0.486021 0.032628 0.027811
2 0.695652 0.487938 0.032200 0.027362
2 0.695652 0.487938 0.032200 0.027362
2 0.695617 0.489837 0.031336 0.026471
2 0.696059 0.489345 0.034433 0.031748
2 0.696057 0.489348 0.034628 0.032014
2 0.696189 0.491936 0.036905 0.033418
2 0.696191 0.492713 0.035676 0.034009
2 0.696216 0.492716 0.036116 0.034556
2 0.696825 0.494123 0.039308 0.036666
2 0.696842 0.494465 0.032540 0.030020
2 0.696842 0.494465 0.032540 0.030020
2 0.698484 0.494853 0.039559 0.039154
2 0.698536 0.494933 0.040392 0.040353
2 0.698536 0.494933 0.040392 0.040353
2 0.698523 0.495025 0.037301 0.036181
2 0.698801 0.495241 0.033997 0.031464
2 0.698861 0.495283 0.033936 0.031341
2 0.698911 0.495082 0.033262 0.030752
2 0.699032 0.494992 0.033833 0.031617
2 0.699403 0.494840 0.037357 0.035738
2 0.700167 0.492946 0.031836 0.029293
2 0.700192 0.492896 0.031444 0.028808
2 0.700222 0.492883 0.031592 0.029118
2 0.700373 0.490713 0.032080 0.029631
2 0.701635 0.489043 0.045880 0.046482
2 0.701634 0.489043 0.045880 0.046482
2 0.701713 0.486996 0.044666 0.045009
2 0.701708 0.485856 0.042564 0.041557
2 0.701739 0.485796 0.041431 0.040223
2 0.701826 0.483606 0.037779 0.035700
2 0.701818 0.482708 0.036460 0.033637
2 0.701818 0.482708 0.036460 0.033637
2 0.702974 0.479746 0.045078 0.044603
2 0.703231 0.478456 0.047169 0.046054
2 0.703231 0.478456 0.047169 0.046054
2 0.703563 0.475127 0.034250 0.031514
2 0.703606 0.473793 0.035284 0.032409
2 0.703606 0.473793 0.035284 0.032409
2 0.704830 0.472232 0.041212 0.039145
2 0.704899 0.470849 0.034556 0.029108
2 0.704899 0.470849 0.034556 0.029108
2 0.706374 0.469229 0.046779 0.046221
2 0.706372 0.469228 0.046741 0.046177
2 0.706372 0.469228 0.046741 0.046177
2 0.706628 0.468488 0.034465 0.029137
2 0.707289 0.468417 0.040454 0.037117
2 0.707289 0.468417 0.040454 0.037117
2 0.707862 0.467992 0.032701 0.028173
2 0.707857 0.467673 0.032222 0.028055
2 0.707857 0.467673 0.032222 0.028055
2 0.708975 0.467819 0.040946 0.039100
2 0.708981 0.468179 0.041328 0.038971
2 0.709080 0.468145 0.042801 0.041147
2 0.709422 0.469273 0.041500 0.039901
2 0.709327 0.469378 0.032077 0.027906
2 0.709324 0.469372 0.032077 0.027996
2 0.709362 0.471229 0.032720 0.028800
2 0.709567 0.471624 0.031127 0.026694
2 0.709564 0.471654 0.031193 0.026673
2 0.710733 0.473265 0.043119 0.041144
2 0.710851 0.474693 0.032891 0.027515
2 0.710862 0.474679 0.032759 0.027289
2 0.711423 0.475412 0.031948 0.027574
2 0.711379 0.476936 0.032030 0.026848
2 0.711346 0.476976 0.031673 0.026456
2 0.712313 0.478576 0.035027 0.028887
2 0.712423 0.478833 0.029147 0.023623
2 0.712423 0.478833 0.029147 0.023623
2 0.713844 0.481186 0.032014 0.027658
2 0.713942 0.482391 0.032546 0.027932
2 0.713938 0.482395 0.032571 0.028009
2 0.715344 0.483797 0.040345 0.037558
2 0.715387 0.484719 0.031942 0.026812
2 0.715387 0.484719 0.031942 0.026812
2 0.716967 0.487604 0.033197 0.028267
2 0.716967 0.487604 0.033197 0.028267
2 0.716967 0.487604 0.033197 0.028267
2 0.718579 0.490392 0.039413 0.034698
2 0.718885 0.491506 0.029487 0.023551
2 0.718924 0.491534 0.029679 0.023629
2 0.720207 0.493385 0.030902 0.025543
2 0.720683 0.494514 0.031755 0.026140
2 0.720683 0.494514 0.031755 0.026140
2 0.721928 0.496442 0.030528 0.024566
2 0.721940 0.496446 0.030292 0.024393
2 0.721940 0.496446 0.030292 0.024393
2 0.723408 0.500184 0.031588 0.025415
2 0.723660 0.501316 0.030811 0.025147
2 0.723642 0.501327 0.030623 0.024799
2 0.724891 0.503763 0.040723 0.037312
2 0.725433 0.505869 0.033228 0.026761
2 0.725433 0.505869 0.033228 0.026761
2 0.726120 0.509715 0.041238 0.037775
2 0.726538 0.512332 0.036241 0.033088
2 0.726538 0.512332 0.036241 0.033088
2 0.726787 0.516425 0.032312 0.027991
2 0.727469 0.517856 0.038487 0.033761
2 0.727469 0.517856 0.038487 0.033761
2 0.727826 0.524186 0.041660 0.040225
2 0.727754 0.527619 0.041221 0.037997
2 0.727754 0.527619 0.041221 0.037997
2 0.727156 0.532792 0.032996 0.027016
2 0.726946 0.536697 0.031535 0.025312
2 0.726898 0.536682 0.031346 0.025120
2 0.726457 0.543546 0.037265 0.034081
2 0.726506 0.545508 0.037754 0.034789
2 0.726506 0.545508 0.037754 0.034789
2 0.726009 0.551256 0.038884 0.036031
2 0.725242 0.554555 0.032485 0.027012
2 0.725242 0.554555 0.032485 0.027012
2 0.724543 0.561098 0.037226 0.033748
2 0.724550 0.561730 0.037911 0.034740
2 0.724593 0.561750 0.038328 0.035494
2 0.723938 0.566047 0.031982 0.026499
2 0.723314 0.569490 0.029149 0.023878
2 0.723422 0.569378 0.028954 0.023847
2 0.722159 0.574559 0.029722 0.024543
2 0.722125 0.576531 0.029542 0.024155
2 0.722125 0.576531 0.029542 0.024155
2 0.721515 0.580329 0.032454 0.025950
2 0.721634 0.582362 0.038670 0.033986
2 0.721634 0.582362 0.038670 0.033986
2 0.720171 0.584854 0.027679 0.022231
2 0.720033 0.586028 0.032727 0.028677
2 0.720033 0.586028 0.032727 0.028677
2 0.720078 0.588003 0.032963 0.028076
2 0.720124 0.589953 0.036860 0.030942
2 0.720124 0.589953 0.036860 0.030942
2 0.719030 0.592033 0.030777 0.025472
2 0.718991 0.593153 0.030113 0.024689
2 0.718991 0.593153 0.030113 0.024689
2 0.719017 0.594635 0.029820 0.025377
2 0.718748 0.595083 0.030061 0.024647
2 0.718743 0.595104 0.030469 0.025124
2 0.718662 0.596531 0.034818 0.032118
2 0.718582 0.597105 0.040990 0.038914
2 0.718529 0.597130 0.040759 0.038493
2 0.717668 0.598487 0.032160 0.028573
2 0.717163 0.599395 0.032173 0.026096
2 0.717156 0.599391 0.032012 0.025906
2 0.717213 0.600207 0.040830 0.039254
2 0.717204 0.600224 0.039927 0.038239
2 0.717218 0.600227 0.040196 0.038589
2 0.716118 0.600280 0.033915 0.030618
2 0.715997 0.600840 0.034081 0.030290
2 0.715997 0.600840 0.034081 0.030290
2 0.715676 0.600949 0.042399 0.040887
2 0.715630 0.601198 0.042214 0.040085
2 0.715638 0.601173 0.041933 0.039812
2 0.714504 0.601063 0.034324 0.030204
2 0.714322 0.601294 0.034512 0.029726
2 0.714322 0.601294 0.034512 0.029726
2 0.712822 0.601356 0.034347 0.029371
2 0.712856 0.600637 0.033563 0.030425
2 0.712856 0.600637 0.033563 0.030425
2 0.712604 0.600201 0.035466 0.033119
2 0.711388 0.600198 0.034579 0.031784
2 0.711388 0.600198 0.034579 0.031784
2 0.711058 0.600180 0.035124 0.032604
2 0.710877 0.599872 0.041275 0.039137
2 0.710877 0.599872 0.041275 0.039137
2 0.709316 0.599369 0.040488 0.037508
2 0.709271 0.597613 0.041750 0.038597
2 0.709269 0.597615 0.041728 0.038542
2 0.709141 0.596048 0.041502 0.039690
2 0.708762 0.595979 0.037443 0.034901
2 0.708687 0.595983 0.036378 0.033532
2 0.707865 0.594274 0.033902 0.031501
2 0.707852 0.592701 0.039312 0.038119
2 0.707857 0.592701 0.039409 0.038249
2 0.706636 0.591302 0.043266 0.042539
2 0.705218 0.590685 0.039066 0.038563
2 0.705218 0.590685 0.039066 0.038563
2 0.703873 0.589958 0.040933 0.039166
2 0.703760 0.588228 0.040376 0.039444
2 0.703754 0.588233 0.040299 0.039291
2 0.702589 0.586635 0.042191 0.042030
2 0.700325 0.586452 0.046041 0.046541
2 0.700325 0.586452 0.046041 0.046541
2 0.698210 0.583862 0.046290 0.045489
2 0.696608 0.582771 0.045455 0.046443
2 0.696608 0.582771 0.045455 0.046443
2 0.694145 0.581005 0.051425 0.053705
2 0.692988 0.580733 0.041155 0.041700
2 0.692988 0.580733 0.041155 0.041700
2 0.689797 0.576968 0.041377 0.041820
2 0.688135 0.577110 0.041510 0.041838
2 0.688135 0.577110 0.041510 0.041838
2 0.684228 0.574465 0.045831 0.046700
2 0.683717 0.572653 0.041904 0.042988
2 0.683717 0.572653 0.041904 0.042988
2 0.679001 0.570388 0.041684 0.042114
2 0.677371 0.568379 0.042392 0.043089
2 0.677371 0.568379 0.042392 0.043089
2 0.674100 0.566036 0.042134 0.042189
2 0.673358 0.565108 0.048044 0.050944
2 0.673358 0.565108 0.048044 0.050944
2 0.670928 0.561469 0.047949 0.050548
2 0.667828 0.558966 0.045820 0.047615
2 0.667872 0.558981 0.046648 0.048645
2 0.664776 0.554808 0.058549 0.062269
2 0.663873 0.553206 0.048470 0.050795
2 0.663873 0.553206 0.048470 0.050795
2 0.661503 0.549956 0.058013 0.062821
2 0.660006 0.548378 0.057985 0.062337
2 0.660006 0.548378 0.057985 0.062337
2 0.656924 0.544967 0.044130 0.044326
2 0.655582 0.543068 0.044374 0.044946
2 0.655506 0.543065 0.043729 0.044252
2 0.653364 0.540922 0.055650 0.058713
2 0.651087 0.538952 0.046897 0.048251
2 0.651070 0.538989 0.046568 0.048085
2 0.649300 0.536287 0.045842 0.047945
2 0.647840 0.536181 0.046335 0.048505
2 0.647840 0.536181 0.046335 0.048505
2 0.644811 0.533786 0.060141 0.067275
2 0.643405 0.533252 0.048585 0.051561
2 0.643424 0.533180 0.047941 0.050627
2 0.640199 0.531914 0.047716 0.050968
2 0.638436 0.531641 0.051563 0.056678
2 0.638436 0.531641 0.051563 0.056678
2 0.635317 0.531737 0.052972 0.058675
2 0.633524 0.531871 0.060259 0.067823
2 0.633524 0.531871 0.060259 0.067823
2 0.629660 0.532292 0.050855 0.056222
2 0.628465 0.532619 0.055212 0.061378
2 0.628465 0.532619 0.055212 0.061378
2 0.622955 0.534645 0.045905 0.048354
2 0.622607 0.535530 0.060605 0.066243
2 0.622607 0.535530 0.060605 0.066243
2 0.618404 0.537848 0.046962 0.049419
2 0.615697 0.539775 0.051991 0.055804
2 0.615697 0.539775 0.051991 0.055804
2 0.611638 0.542748 0.048556 0.050325
