2 0.450661 0.720603 0.073673 0.061499
2 0.448664 0.717540 0.073956 0.061772
2 0.447099 0.714286 0.073962 0.061779
2 0.445850 0.712114 0.073697 0.061491
2 0.446418 0.713416 0.073752 0.061488
2 0.445253 0.709245 0.074062 0.061850
2 0.444845 0.707230 0.073706 0.061431
2 0.444792 0.704811 0.073736 0.061486
2 0.445026 0.703224 0.073948 0.061677
2 0.445532 0.701207 0.073917 0.061701
2 0.445401 0.702227 0.074072 0.061832
2 0.446516 0.699405 0.073904 0.061630
2 0.447757 0.697158 0.073663 0.061408
2 0.448965 0.694886 0.073709 0.061481
2 0.450171 0.691098 0.073984 0.061785
2 0.451374 0.687408 0.073968 0.061730
2 0.450884 0.689288 0.073587 0.061318
2 0.452788 0.682979 0.073818 0.061546
2 0.453811 0.677495 0.073601 0.061363
2 0.454984 0.671678 0.073766 0.061556
2 0.456416 0.665453 0.073937 0.061702
2 0.457171 0.658172 0.073569 0.061296
2 0.456594 0.662011 0.073762 0.061537
2 0.458149 0.650790 0.073731 0.061470
2 0.458963 0.642523 0.073660 0.061393
2 0.459683 0.634216 0.073760 0.061532
2 0.460292 0.625405 0.073434 0.061128
2 0.460419 0.617437 0.073461 0.061165
2 0.460435 0.621298 0.073467 0.061167
2 0.460811 0.609202 0.073741 0.061500
2 0.460781 0.602107 0.073687 0.061414
2 0.460843 0.595368 0.073724 0.061489
2 0.460551 0.589471 0.073460 0.061203
2 0.460030 0.583700 0.073356 0.061128
2 0.460506 0.586456 0.073388 0.061098
2 0.459318 0.579239 0.073661 0.061387
2 0.458109 0.574385 0.073492 0.061246
2 0.456485 0.571086 0.073528 0.061275
2 0.454888 0.566950 0.073588 0.061334
2 0.452906 0.563844 0.073563 0.061309
2 0.453949 0.565343 0.073200 0.060933
2 0.450514 0.560578 0.073338 0.061130
2 0.447997 0.557845 0.073364 0.061098
2 0.445261 0.554497 0.073751 0.061533
2 0.442174 0.551636 0.073742 0.061495
2 0.439107 0.548167 0.073756 0.061523
2 0.440708 0.550110 0.073740 0.061506
2 0.436002 0.544753 0.073727 0.061512
2 0.432518 0.540770 0.073510 0.061275
2 0.428977 0.536913 0.073201 0.060966
2 0.425389 0.532422 0.073432 0.061207
2 0.421940 0.528738 0.073654 0.061417
2 0.423613 0.530625 0.073601 0.061375
2 0.418505 0.524393 0.073438 0.061166
2 0.414985 0.520572 0.073103 0.060822
2 0.411806 0.516601 0.073102 0.060820
2 0.408752 0.513156 0.073118 0.060845
2 0.405890 0.509743 0.073254 0.060984
2 0.407413 0.511241 0.073249 0.060975
2 0.403120 0.507008 0.073579 0.061291
2 0.400692 0.504131 0.073126 0.060872
2 0.398354 0.502286 0.073498 0.061205
2 0.395991 0.500510 0.073159 0.060908
2 0.394041 0.499525 0.073465 0.061245
2 0.395021 0.499803 0.073343 0.061104
2 0.392087 0.498365 0.073489 0.061208
2 0.390134 0.498325 0.073160 0.060897
2 0.388553 0.498207 0.073149 0.060896
2 0.387003 0.498825 0.073165 0.060913
2 0.385450 0.499349 0.073217 0.060974
2 0.386173 0.498942 0.073516 0.061275
2 0.384086 0.501129 0.073384 0.061116
2 0.382605 0.502714 0.073491 0.061210
2 0.381422 0.505055 0.073618 0.061358
2 0.380180 0.507610 0.073360 0.061176
2 0.378798 0.512051 0.073173 0.060941
2 0.379530 0.509612 0.073529 0.061290
2 0.377185 0.516183 0.073221 0.060981
2 0.375299 0.522144 0.073424 0.061189
2 0.373249 0.527292 0.073487 0.061248
2 0.370631 0.533354 0.073439 0.061229
2 0.367543 0.539120 0.073404 0.061207
2 0.369157 0.536242 0.073391 0.061170
2 0.364077 0.544719 0.073617 0.061383
2 0.360102 0.549919 0.073155 0.060920
2 0.355835 0.555058 0.073187 0.060909
2 0.351062 0.558899 0.073109 0.060853
2 0.346071 0.562317 0.073123 0.060937
2 0.348490 0.560883 0.073596 0.061326
2 0.340861 0.565216 0.073498 0.061279
2 0.336032 0.567779 0.073649 0.061406
2 0.331214 0.569572 0.073658 0.061391
2 0.326512 0.571404 0.073664 0.061390
2 0.322170 0.571647 0.073500 0.061284
2 0.324238 0.571607 0.073178 0.060935
2 0.318510 0.571762 0.073491 0.061240
2 0.315018 0.571012 0.073147 0.060888
2 0.312004 0.569574 0.073267 0.061002
2 0.309370 0.567465 0.073606 0.061351
2 0.307336 0.564960 0.073214 0.060944
2 0.308184 0.565930 0.073417 0.061209
2 0.305454 0.561572 0.073168 0.060932
2 0.304354 0.558956 0.073268 0.061004
2 0.303811 0.555647 0.073175 0.060941
2 0.303496 0.552747 0.073349 0.061157
2 0.303982 0.549764 0.073123 0.060879
2 0.303710 0.551437 0.073208 0.060983
2 0.304843 0.547553 0.073544 0.061324
2 0.306393 0.544519 0.073612 0.061410
2 0.308222 0.542173 0.073349 0.061132
2 0.310659 0.539635 0.073331 0.061051
2 0.313653 0.537623 0.073229 0.060958
2 0.312083 0.538609 0.073266 0.061031
2 0.316769 0.535149 0.073215 0.060979
2 0.320267 0.533183 0.073627 0.061416
2 0.324045 0.530925 0.073220 0.061036
2 0.328076 0.529234 0.073612 0.061400
2 0.332391 0.526752 0.073255 0.061019
2 0.330128 0.527887 0.073296 0.061090
2 0.336799 0.524838 0.073092 0.060871
2 0.341482 0.522767 0.073085 0.060852
2 0.346196 0.520731 0.073106 0.060867
2 0.350933 0.518210 0.073078 0.060829
2 0.355995 0.515925 0.073407 0.061139
2 0.353573 0.517286 0.073367 0.061199
2 0.360892 0.512892 0.073642 0.061388
2 0.365547 0.509064 0.073657 0.061415
2 0.370218 0.504656 0.073594 0.061348
2 0.374861 0.499245 0.073558 0.061313
2 0.379180 0.492834 0.073132 0.060895
2 0.376908 0.495911 0.073425 0.061253
2 0.383192 0.485811 0.073399 0.061224
2 0.387067 0.478129 0.073241 0.061042
2 0.390577 0.470285 0.073598 0.061395
2 0.393974 0.461998 0.073516 0.061329
2 0.396841 0.453288 0.073536 0.061339
2 0.395384 0.457592 0.073538 0.061326
2 0.399431 0.444855 0.073103 0.060944
2 0.401833 0.437715 0.073404 0.061231
2 0.403816 0.430936 0.073116 0.060961
2 0.405833 0.425473 0.073172 0.061007
2 0.407402 0.420628 0.073158 0.060951
2 0.406552 0.423007 0.073410 0.061236
2 0.408858 0.417169 0.073099 0.060911
2 0.410272 0.414228 0.073019 0.060835
2 0.411354 0.412055 0.073303 0.061175
2 0.412541 0.409962 0.073593 0.061410
2 0.413317 0.408218 0.073120 0.060954
2 0.412855 0.409212 0.073397 0.061217
2 0.414261 0.406746 0.073530 0.061320
2 0.414898 0.405222 0.073156 0.060968
2 0.415518 0.403736 0.073574 0.061367
2 0.415978 0.402030 0.073419 0.061275
2 0.416209 0.400527 0.073242 0.061070
2 0.416153 0.400982 0.073276 0.061098
2 0.416359 0.398439 0.073192 0.061019
2 0.416425 0.396444 0.073162 0.060973
2 0.416445 0.394064 0.073185 0.060983
2 0.416384 0.391138 0.073139 0.060914
2 0.416006 0.389165 0.073336 0.061133
2 0.416230 0.390379 0.073273 0.061087
2 0.415613 0.386964 0.073567 0.061349
2 0.415256 0.384667 0.073329 0.061105
2 0.414906 0.382648 0.073164 0.060942
2 0.414420 0.380820 0.073424 0.061245
2 0.413916 0.379122 0.073521 0.061294
2 0.414160 0.380011 0.073628 0.061420
2 0.413489 0.377583 0.073138 0.060896
2 0.413099 0.376608 0.073261 0.061089
2 0.412743 0.375463 0.073452 0.061268
2 0.412431 0.374590 0.073598 0.061422
2 0.412185 0.373730 0.073313 0.061095
2 0.412184 0.373732 0.073322 0.061106
2 0.411735 0.372433 0.073142 0.060945
2 0.411173 0.371807 0.073425 0.061257
2 0.410729 0.370740 0.073449 0.061276
2 0.409879 0.369379 0.073254 0.061090
2 0.409117 0.368377 0.073387 0.061188
2 0.409503 0.368845 0.073566 0.061421
2 0.407928 0.366973 0.073584 0.061440
2 0.406620 0.365485 0.073374 0.061210
2 0.405092 0.364377 0.073381 0.061214
2 0.403510 0.362701 0.073414 0.061252
2 0.401929 0.361062 0.073419 0.061281
2 0.402723 0.362047 0.073311 0.061108
2 0.400325 0.360146 0.073442 0.061272
2 0.398624 0.358888 0.073589 0.061428
2 0.397009 0.357804 0.073590 0.061401
2 0.395401 0.357024 0.073728 0.061543
2 0.393902 0.356055 0.073662 0.061453
2 0.394670 0.356477 0.073175 0.060979
2 0.392256 0.355642 0.073737 0.061517
2 0.390597 0.355624 0.073768 0.061533
2 0.388567 0.355209 0.073240 0.061068
2 0.386444 0.355222 0.073425 0.061297
2 0.384443 0.355252 0.073789 0.061600
2 0.385565 0.355158 0.073416 0.061217
2 0.382051 0.355125 0.073207 0.061052
2 0.379345 0.355142 0.073476 0.061272
2 0.376312 0.355252 0.073645 0.061419
2 0.373556 0.355676 0.073763 0.061531
2 0.370446 0.355676 0.073740 0.061514
2 0.371949 0.355585 0.073778 0.061539
2 0.367172 0.356033 0.073798 0.061526
2 0.363387 0.356439 0.073196 0.060979
2 0.359427 0.357481 0.073817 0.061568
2 0.355560 0.358038 0.073191 0.060974
2 0.351620 0.359190 0.073909 0.061683
2 0.353850 0.358404 0.073309 0.061109
2 0.347645 0.360292 0.073280 0.061073
2 0.343492 0.361437 0.073683 0.061432
2 0.339102 0.362034 0.073878 0.061635
2 0.334722 0.363434 0.073614 0.061448
2 0.330550 0.364353 0.073294 0.061097
2 0.332702 0.363761 0.073830 0.061576
2 0.326370 0.365298 0.073786 0.061558
2 0.322024 0.365741 0.073864 0.061650
2 0.317688 0.366715 0.073562 0.061417
2 0.313814 0.366737 0.073733 0.061520
2 0.309819 0.367208 0.073563 0.061433
2 0.311802 0.367214 0.073330 0.061172
2 0.306032 0.367128 0.073879 0.061702
2 0.302561 0.367057 0.073392 0.061233
2 0.299414 0.367023 0.073389 0.061234
2 0.296472 0.366630 0.073610 0.061423
2 0.293881 0.366304 0.073983 0.061822
2 0.295094 0.366402 0.073842 0.061659
2 0.291589 0.366346 0.073299 0.061133
2 0.289627 0.366193 0.073443 0.061325
2 0.288333 0.366199 0.073266 0.061113
2 0.287347 0.366206 0.073861 0.061682
2 0.286622 0.366591 0.073376 0.061255
2 0.287025 0.366532 0.073468 0.061306
2 0.286537 0.366464 0.073468 0.061358
2 0.286932 0.366437 0.073401 0.061251
2 0.287646 0.366434 0.073940 0.061802
2 0.288825 0.366396 0.073834 0.061662
2 0.290392 0.366393 0.073849 0.061673
2 0.289532 0.366378 0.073577 0.061461
2 0.292373 0.367161 0.073847 0.061754
2 0.295155 0.367149 0.073880 0.061754
2 0.298264 0.367626 0.073840 0.061683
2 0.301622 0.367912 0.073902 0.061762
2 0.305658 0.368991 0.073376 0.061264
2 0.303619 0.368670 0.073587 0.061499
2 0.309983 0.370146 0.073464 0.061345
2 0.315074 0.371578 0.073405 0.061250
2 0.320210 0.372543 0.073914 0.061773
2 0.325948 0.374437 0.073460 0.061320
2 0.331850 0.375429 0.073458 0.061321
2 0.328748 0.374822 0.073511 0.061424
2 0.338047 0.376828 0.073464 0.061374
2 0.344610 0.377547 0.073327 0.061181
2 0.351276 0.377846 0.073604 0.061425
2 0.358105 0.377613 0.073629 0.061476
2 0.365239 0.377621 0.073469 0.061288
2 0.361707 0.377524 0.073379 0.061205
2 0.372632 0.376707 0.073416 0.061292
2 0.380087 0.376464 0.073640 0.061523
2 0.387854 0.375280 0.073577 0.061461
2 0.395944 0.374297 0.073463 0.061356
2 0.404144 0.372042 0.073408 0.061249
2 0.400016 0.373256 0.073803 0.061688
2 0.412365 0.369552 0.073685 0.061500
2 0.420835 0.366217 0.073463 0.061305
2 0.429096 0.363309 0.073316 0.061143
2 0.437358 0.359777 0.073717 0.061455
2 0.445550 0.356591 0.073706 0.061477
2 0.441651 0.357924 0.073234 0.060970
2 0.453745 0.352616 0.073349 0.061140
2 0.461884 0.349506 0.073242 0.061009
2 0.469770 0.345621 0.073306 0.061067
2 0.477965 0.342655 0.073818 0.061525
2 0.486152 0.339872 0.073803 0.061578
2 0.482015 0.341330 0.073305 0.061081
2 0.494633 0.337929 0.073237 0.061007
2 0.502954 0.335973 0.073848 0.061552
2 0.511192 0.335164 0.073817 0.061513
2 0.519644 0.334200 0.073286 0.060981
2 0.528211 0.334292 0.073919 0.061591
2 0.523874 0.334131 0.073575 0.061298
2 0.537138 0.334577 0.073546 0.061220
2 0.546083 0.334909 0.073386 0.061143
2 0.555412 0.334898 0.073422 0.061202
2 0.565053 0.334954 0.073414 0.061183
2 0.574718 0.334523 0.073718 0.061457
2 0.569957 0.334947 0.073690 0.061437
2 0.584638 0.334263 0.073881 0.061697
2 0.594777 0.332809 0.073500 0.061300
2 0.605105 0.331580 0.073801 0.061694
2 0.615996 0.329577 0.073887 0.061771
2 0.627164 0.327421 0.073838 0.061713
2 0.621557 0.328418 0.073858 0.061712
2 0.638845 0.324941 0.074349 0.062204
2 0.650949 0.323644 0.074148 0.062007
2 0.663778 0.322086 0.074726 0.062591
2 0.676963 0.321580 0.074545 0.062431
2 0.690892 0.321470 0.074925 0.062748
2 0.683917 0.321471 0.074935 0.062678
2 0.705197 0.321692 0.074930 0.062695
2 0.720298 0.322597 0.075568 0.063301
2 0.735793 0.324092 0.075919 0.063701
2 0.751841 0.326578 0.075886 0.063427
2 0.768405 0.329757 0.076257 0.063715
2 0.760081 0.328256 0.075910 0.063257
2 0.785236 0.332519 0.076160 0.063182
2 0.802029 0.335230 0.076310 0.063286
2 0.819060 0.335829 0.076164 0.062631
2 0.835243 0.337589 0.076346 0.062565
2 0.851241 0.337404 0.076257 0.062348
2 0.843044 0.337423 0.076347 0.062459
2 0.866406 0.337891 0.076563 0.062500
