2 0.419184 0.051691 0.043567 0.038452
2 0.419250 0.053702 0.043471 0.038465
2 0.419870 0.057070 0.043452 0.038593
2 0.420608 0.058930 0.043906 0.038734
2 0.422091 0.061568 0.044013 0.038788
2 0.424086 0.064363 0.043317 0.038411
2 0.425556 0.065259 0.043508 0.038464
2 0.428286 0.067207 0.044272 0.039053
2 0.429927 0.067830 0.044195 0.039138
2 0.433751 0.069079 0.043172 0.038267
2 0.438025 0.070132 0.043399 0.038237
2 0.440310 0.070567 0.043634 0.038399
2 0.445431 0.071141 0.044387 0.039233
2 0.448060 0.071662 0.043572 0.038507
2 0.453848 0.072350 0.043223 0.038325
2 0.460047 0.073209 0.043160 0.038166
2 0.463243 0.073668 0.042801 0.037750
2 0.466529 0.074097 0.043096 0.038264
2 0.473785 0.075344 0.043931 0.038810
2 0.477413 0.075956 0.043075 0.038204
2 0.485093 0.077237 0.043070 0.038112
2 0.496879 0.079395 0.044333 0.039283
2 0.505084 0.081253 0.043790 0.038624
2 0.517643 0.084166 0.043901 0.038768
2 0.521962 0.085201 0.044371 0.039276
2 0.530623 0.087542 0.043058 0.038103
2 0.534914 0.088922 0.043498 0.038354
2 0.543493 0.091501 0.043751 0.038565
2 0.552394 0.094647 0.043183 0.038329
2 0.561077 0.097783 0.044194 0.038894
2 0.565549 0.099640 0.043985 0.038692
2 0.574139 0.103017 0.043012 0.038053
2 0.582749 0.106765 0.044026 0.038921
2 0.587065 0.108643 0.043063 0.038023
2 0.595696 0.112109 0.043782 0.038651
2 0.599825 0.114077 0.043802 0.038576
2 0.608122 0.117979 0.043877 0.038649
2 0.616194 0.121924 0.043426 0.038490
2 0.620134 0.124115 0.043834 0.038611
2 0.627837 0.128263 0.043504 0.038321
2 0.631436 0.130252 0.044184 0.039028
2 0.638704 0.134608 0.043485 0.038433
2 0.645715 0.138590 0.043697 0.038603
2 0.649101 0.140545 0.043188 0.038344
2 0.655532 0.144908 0.043118 0.038412
2 0.661785 0.149287 0.042901 0.038107
2 0.664844 0.151357 0.042832 0.038012
2 0.670606 0.156284 0.044062 0.038891
2 0.673395 0.158542 0.044274 0.039065
2 0.678906 0.163408 0.042577 0.037652
2 0.684224 0.168252 0.044179 0.039005
2 0.686670 0.170619 0.043106 0.038349
2 0.691471 0.175663 0.042930 0.038180
2 0.696044 0.180519 0.042911 0.038109
2 0.698271 0.182951 0.044198 0.039118
2 0.702211 0.188087 0.043167 0.038391
2 0.704141 0.190576 0.042640 0.037720
2 0.707987 0.195740 0.044017 0.038853
2 0.709619 0.198186 0.043607 0.038408
2 0.712916 0.203397 0.043523 0.038591
2 0.715698 0.208360 0.043657 0.038576
2 0.717970 0.212746 0.042617 0.037845
2 0.719169 0.214727 0.043357 0.038271
2 0.720684 0.218169 0.043247 0.038183
2 0.721153 0.219677 0.042658 0.037806
2 0.722314 0.222281 0.043050 0.037888
2 0.722348 0.224348 0.043057 0.037968
2 0.722401 0.225171 0.043278 0.038312
2 0.722060 0.226317 0.043704 0.038576
2 0.721322 0.227230 0.042963 0.038143
2 0.720685 0.227770 0.043232 0.038137
2 0.719176 0.228430 0.043300 0.038252
2 0.717443 0.229067 0.043562 0.038413
2 0.716223 0.229571 0.042843 0.038064
2 0.713555 0.230502 0.042969 0.038337
2 0.712052 0.230860 0.043146 0.038458
2 0.708961 0.231920 0.042689 0.037815
2 0.707230 0.232462 0.042985 0.038505
2 0.703506 0.233764 0.042900 0.037867
2 0.701526 0.234517 0.043502 0.038434
2 0.697251 0.236302 0.043326 0.038420
2 0.694884 0.237220 0.042988 0.038262
2 0.690102 0.239296 0.042870 0.038253
2 0.687443 0.240433 0.043595 0.038578
2 0.682226 0.243158 0.042771 0.038182
2 0.676477 0.245848 0.043304 0.038225
2 0.673614 0.247530 0.043087 0.037914
2 0.667396 0.250756 0.043538 0.038545
2 0.664334 0.252234 0.043591 0.038692
2 0.657716 0.256018 0.043580 0.038562
2 0.654522 0.257850 0.043571 0.038621
2 0.647655 0.261784 0.043227 0.038840
2 0.640533 0.266097 0.043685 0.038729
2 0.633301 0.270917 0.043010 0.038119
2 0.629698 0.273177 0.043460 0.038355
2 0.622363 0.278277 0.043293 0.038541
2 0.618583 0.280818 0.043259 0.038126
2 0.611191 0.286272 0.043360 0.038328
2 0.603912 0.291639 0.043068 0.038619
2 0.600113 0.294554 0.043361 0.038216
2 0.592975 0.299852 0.042838 0.038283
2 0.589471 0.302377 0.043232 0.038317
2 0.582472 0.306687 0.043489 0.038704
2 0.578971 0.308958 0.043140 0.038691
2 0.572444 0.312134 0.043060 0.038262
2 0.569204 0.313538 0.043161 0.038215
2 0.563006 0.315463 0.043139 0.038256
2 0.559962 0.315744 0.042645 0.037646
2 0.554269 0.316295 0.043054 0.038078
2 0.551535 0.316269 0.043779 0.038636
2 0.546093 0.315124 0.042976 0.038299
2 0.543460 0.314434 0.043428 0.038311
2 0.538639 0.312433 0.043178 0.038097
2 0.536336 0.311342 0.043564 0.038392
2 0.531976 0.308920 0.043296 0.038506
2 0.529750 0.307422 0.044286 0.039126
2 0.525486 0.305046 0.043635 0.038577
2 0.521634 0.302976 0.043823 0.038574
2 0.519607 0.302530 0.042824 0.037884
2 0.514149 0.301357 0.044257 0.039077
2 0.512200 0.301432 0.043612 0.038364
2 0.508787 0.302492 0.042732 0.037753
2 0.507080 0.303296 0.042986 0.038187
2 0.503741 0.305978 0.042908 0.037814
2 0.502174 0.307249 0.043308 0.038314
2 0.498980 0.311107 0.043484 0.038468
2 0.495564 0.315513 0.044278 0.039214
2 0.492527 0.320351 0.043976 0.038738
2 0.491192 0.322656 0.043614 0.038517
2 0.488350 0.327008 0.043076 0.038148
2 0.485609 0.330917 0.043798 0.038642
2 0.484345 0.332528 0.044632 0.039488
2 0.481690 0.335528 0.043995 0.038970
2 0.479446 0.337287 0.044426 0.039537
2 0.478321 0.337438 0.044840 0.039982
2 0.476371 0.338120 0.044524 0.039361
2 0.474238 0.337323 0.043040 0.037946
2 0.473534 0.336785 0.044965 0.039938
2 0.471939 0.334868 0.044948 0.039914
2 0.470794 0.333817 0.043840 0.038628
2 0.469424 0.330887 0.043624 0.038492
2 0.468938 0.329106 0.044989 0.039972
2 0.467481 0.325852 0.044872 0.039939
2 0.466705 0.323849 0.043539 0.038451
2 0.465597 0.319926 0.045178 0.040349
2 0.464492 0.315592 0.044364 0.039292
2 0.464072 0.313076 0.045138 0.040018
2 0.462875 0.308310 0.044665 0.039681
2 0.462036 0.303343 0.043638 0.038388
2 0.460955 0.298153 0.045258 0.040482
2 0.460534 0.295558 0.043850 0.038642
2 0.459770 0.289807 0.044363 0.039190
2 0.459264 0.287290 0.044939 0.039842
2 0.458277 0.281469 0.044325 0.039153
2 0.457642 0.275208 0.045000 0.040127
2 0.457344 0.272156 0.043670 0.038422
2 0.456999 0.266160 0.043616 0.038517
2 0.456922 0.263263 0.043439 0.038340
2 0.456865 0.257927 0.043629 0.038447
2 0.456913 0.255549 0.043513 0.038423
2 0.457221 0.251281 0.043414 0.038424
2 0.457326 0.249345 0.043799 0.038924
2 0.458168 0.245947 0.044799 0.039883
2 0.458877 0.243970 0.043622 0.038587
2 0.459678 0.242877 0.044920 0.040031
2 0.460693 0.241544 0.045005 0.040464
2 0.461443 0.241515 0.044405 0.039674
2 0.462990 0.241501 0.044353 0.039616
2 0.463842 0.241669 0.044959 0.040412
2 0.466140 0.242893 0.044037 0.038987
2 0.468386 0.244305 0.044061 0.039022
2 0.471160 0.246017 0.043112 0.037953
2 0.472664 0.246951 0.043059 0.037882
2 0.476022 0.248886 0.043375 0.038282
2 0.479751 0.250555 0.045145 0.040268
2 0.481826 0.251516 0.044077 0.039243
2 0.486160 0.252693 0.045200 0.040377
2 0.490892 0.253705 0.045160 0.040449
2 0.493548 0.254142 0.044815 0.039860
2 0.498873 0.254433 0.044490 0.039461
2 0.501557 0.254362 0.045240 0.040359
2 0.507349 0.254374 0.043634 0.038486
2 0.513528 0.253850 0.043573 0.038562
2 0.516733 0.253457 0.043680 0.038936
2 0.523258 0.252887 0.045008 0.040329
2 0.526729 0.252599 0.045238 0.040476
2 0.533643 0.251897 0.043247 0.038139
2 0.537338 0.251539 0.044975 0.040470
2 0.544957 0.251229 0.044254 0.039558
2 0.548930 0.251161 0.044197 0.039395
2 0.556957 0.250651 0.043134 0.038001
2 0.561160 0.250670 0.044623 0.039722
2 0.569661 0.250514 0.043013 0.037958
2 0.578767 0.250579 0.043164 0.037997
2 0.583419 0.250993 0.043425 0.038411
2 0.592789 0.251506 0.043340 0.038519
2 0.597536 0.251872 0.042922 0.037781
2 0.607377 0.252516 0.043368 0.038255
2 0.617318 0.253389 0.045128 0.040633
2 0.627653 0.254298 0.043217 0.038125
2 0.637935 0.255268 0.044143 0.039474
2 0.642978 0.255894 0.042606 0.037479
2 0.653379 0.256841 0.044600 0.039837
2 0.663477 0.258109 0.042798 0.037675
2 0.673628 0.259453 0.044779 0.040115
2 0.678723 0.259772 0.043185 0.038093
2 0.688438 0.261089 0.042770 0.037941
2 0.693143 0.261944 0.042791 0.037688
2 0.702762 0.263177 0.043444 0.038713
2 0.712061 0.264648 0.043121 0.038173
2 0.716712 0.265385 0.042986 0.038018
2 0.725649 0.267196 0.042831 0.037953
2 0.729978 0.267791 0.044240 0.039150
2 0.738516 0.269330 0.042998 0.038031
2 0.746444 0.271279 0.043543 0.038598
2 0.750752 0.271775 0.043024 0.037880
2 0.758478 0.273705 0.043104 0.037918
2 0.765960 0.275484 0.044555 0.039491
2 0.769497 0.276305 0.043001 0.037998
2 0.776334 0.278077 0.044341 0.039343
2 0.783314 0.279616 0.043824 0.038731
2 0.786418 0.280563 0.043803 0.039148
2 0.792645 0.281987 0.043833 0.038821
2 0.798476 0.283295 0.044601 0.039628
2 0.801125 0.284066 0.043005 0.038107
2 0.806524 0.285084 0.044224 0.039362
2 0.811534 0.285575 0.042745 0.037649
2 0.813829 0.285808 0.043792 0.038865
2 0.818416 0.285923 0.043392 0.038479
2 0.822438 0.285841 0.043051 0.038029
2 0.824267 0.285535 0.042174 0.037177
2 0.827581 0.284703 0.042433 0.037780
2 0.829156 0.283914 0.042379 0.037344
2 0.832279 0.281939 0.042370 0.037375
2 0.835068 0.279535 0.042272 0.037221
2 0.836262 0.277690 0.043490 0.038428
2 0.838401 0.274319 0.042062 0.037125
2 0.839269 0.272465 0.044030 0.039241
2 0.840877 0.268123 0.044005 0.038977
2 0.841556 0.266093 0.042270 0.037267
2 0.842766 0.261157 0.042940 0.038290
2 0.843129 0.258645 0.042379 0.037410
2 0.843914 0.253573 0.044155 0.039479
2 0.844322 0.248137 0.042909 0.037806
2 0.844392 0.242725 0.042530 0.037443
2 0.844477 0.236880 0.042470 0.037386
2 0.844119 0.234378 0.043653 0.038615
2 0.843583 0.228205 0.043922 0.039174
2 0.843204 0.225305 0.042466 0.037407
2 0.842117 0.220015 0.044125 0.039465
2 0.841776 0.217259 0.042728 0.037627
2 0.840278 0.212829 0.043069 0.038117
2 0.838690 0.208807 0.043028 0.038151
2 0.837885 0.207326 0.043342 0.038261
2 0.836061 0.204644 0.043828 0.039195
2 0.833870 0.202583 0.042901 0.038301
2 0.832928 0.201828 0.043729 0.038774
2 0.830541 0.200562 0.042365 0.037715
2 0.827799 0.200577 0.043186 0.038540
2 0.826371 0.200533 0.043551 0.038901
2 0.823257 0.200509 0.043663 0.039001
2 0.821690 0.200483 0.043700 0.039015
2 0.818128 0.200435 0.042242 0.037491
2 0.814290 0.200930 0.043850 0.038953
2 0.809949 0.200379 0.042583 0.037795
2 0.805186 0.200541 0.042924 0.038235
2 0.802648 0.200497 0.042542 0.037870
2 0.797408 0.200050 0.042797 0.037810
2 0.791623 0.199896 0.042092 0.037042
2 0.788504 0.199796 0.042372 0.037325
2 0.782265 0.199653 0.042316 0.037295
2 0.778827 0.199558 0.042343 0.037356
2 0.771803 0.199197 0.043426 0.038397
2 0.768215 0.199185 0.042132 0.037061
2 0.760783 0.198686 0.043417 0.038723
2 0.756821 0.198699 0.042426 0.037660
2 0.748519 0.198703 0.043636 0.038937
2 0.739925 0.198675 0.041970 0.037242
2 0.735624 0.198644 0.042947 0.038253
2 0.726316 0.198686 0.043429 0.038721
2 0.716905 0.199140 0.043377 0.038381
2 0.706839 0.199136 0.042900 0.037822
2 0.696613 0.199549 0.043351 0.038194
2 0.685964 0.199699 0.044143 0.038965
2 0.680510 0.199994 0.042126 0.037124
2 0.669515 0.200253 0.042126 0.037187
2 0.658101 0.200902 0.044314 0.039358
2 0.652137 0.201081 0.042917 0.037791
2 0.640326 0.201498 0.043205 0.038038
2 0.634301 0.201595 0.043957 0.038841
2 0.622193 0.201956 0.043935 0.038907
2 0.616049 0.201810 0.043520 0.038405
2 0.603535 0.201970 0.043290 0.038234
2 0.597406 0.201832 0.042894 0.037761
2 0.584894 0.201419 0.043020 0.037934
2 0.578668 0.201175 0.042800 0.037708
2 0.566453 0.199879 0.042248 0.037430
2 0.554266 0.198797 0.042388 0.037459
2 0.548385 0.197845 0.043571 0.038505
2 0.536682 0.195831 0.042604 0.037756
2 0.531041 0.194878 0.043490 0.038717
2 0.520217 0.192132 0.043711 0.038709
2 0.509974 0.189383 0.042839 0.037732
2 0.500457 0.185987 0.043178 0.038037
2 0.491406 0.182617 0.042188 0.037109
