2 0.754687 0.420898 0.043750 0.037109
2 0.754730 0.421178 0.046898 0.040918
2 0.754869 0.421071 0.045846 0.039057
2 0.754891 0.421051 0.046665 0.041346
2 0.755028 0.421235 0.051198 0.049600
2 0.755126 0.421287 0.050901 0.049639
2 0.755863 0.419839 0.038812 0.036343
2 0.756123 0.419729 0.040855 0.036935
2 0.757094 0.419402 0.050004 0.044915
2 0.757108 0.418677 0.041329 0.037836
2 0.758016 0.417309 0.044736 0.038577
2 0.758653 0.416042 0.040391 0.037268
2 0.759095 0.415346 0.043426 0.038040
2 0.759661 0.413914 0.045767 0.042705
2 0.759941 0.412935 0.045741 0.043836
2 0.760782 0.411246 0.041134 0.035458
2 0.760929 0.410222 0.039476 0.037282
2 0.761706 0.408511 0.039952 0.037761
2 0.762158 0.407554 0.042018 0.035893
2 0.762619 0.405748 0.043465 0.037983
2 0.762963 0.404094 0.051360 0.049096
2 0.763214 0.402717 0.040538 0.038845
2 0.763536 0.400732 0.035678 0.032186
2 0.763679 0.399957 0.038055 0.032821
2 0.763732 0.398078 0.037974 0.033077
2 0.763643 0.396381 0.035705 0.031824
2 0.763771 0.395547 0.040086 0.034238
2 0.763801 0.393769 0.041769 0.035627
2 0.763596 0.392859 0.035750 0.031630
2 0.763196 0.391100 0.041997 0.039817
2 0.762829 0.389955 0.049972 0.047211
2 0.762648 0.388739 0.042412 0.040789
2 0.762205 0.387283 0.037117 0.032701
2 0.762147 0.386420 0.038509 0.033601
2 0.761104 0.384062 0.043118 0.037990
2 0.760591 0.383030 0.034922 0.031363
2 0.759875 0.382184 0.051706 0.050206
2 0.759508 0.381025 0.043507 0.042812
2 0.758956 0.379957 0.040922 0.035749
2 0.758249 0.379481 0.045929 0.045761
2 0.757511 0.378207 0.041717 0.036210
2 0.757085 0.377285 0.039532 0.037060
2 0.756035 0.376384 0.042036 0.036373
2 0.755406 0.375600 0.043132 0.041541
2 0.754085 0.374765 0.038530 0.034403
2 0.752985 0.373326 0.035673 0.031756
2 0.752226 0.373244 0.040013 0.037644
2 0.751305 0.372611 0.039978 0.034593
2 0.750357 0.372351 0.048706 0.046600
2 0.748637 0.371361 0.043899 0.043565
2 0.747989 0.370866 0.037560 0.033680
2 0.746858 0.370656 0.042355 0.037664
2 0.746140 0.370496 0.046093 0.042340
2 0.744664 0.369917 0.040480 0.037125
2 0.743790 0.369648 0.041849 0.040499
2 0.742295 0.369476 0.045106 0.045042
2 0.740826 0.369124 0.050671 0.050808
2 0.740085 0.368996 0.040884 0.037782
2 0.738825 0.368884 0.041080 0.037426
2 0.738032 0.369361 0.046194 0.046185
2 0.737007 0.369099 0.041914 0.039547
2 0.736151 0.369563 0.049863 0.052088
2 0.734983 0.369570 0.044797 0.044621
2 0.734204 0.369662 0.040386 0.038568
2 0.732999 0.370811 0.052460 0.052644
2 0.732691 0.370768 0.044024 0.041504
2 0.731366 0.371965 0.050233 0.052369
2 0.731129 0.372223 0.044704 0.042133
2 0.729822 0.373849 0.051351 0.054078
2 0.729667 0.374149 0.046281 0.044260
2 0.729084 0.375458 0.041424 0.039516
2 0.728068 0.377205 0.044232 0.043978
2 0.727794 0.378573 0.043151 0.039655
2 0.727453 0.379681 0.042953 0.041224
2 0.726880 0.381696 0.051103 0.053203
2 0.726805 0.382455 0.052627 0.052679
2 0.726360 0.384458 0.041945 0.038167
2 0.726274 0.385191 0.039418 0.036553
2 0.726081 0.387726 0.042105 0.038133
2 0.726170 0.390122 0.042924 0.038620
2 0.726053 0.392514 0.038373 0.035397
2 0.726163 0.393945 0.042295 0.037918
2 0.725919 0.396909 0.040076 0.037652
2 0.726128 0.398203 0.041133 0.037857
2 0.726259 0.401189 0.040754 0.037336
2 0.726531 0.404142 0.042410 0.040320
2 0.726735 0.407382 0.046698 0.045213
2 0.727065 0.410132 0.046843 0.046646
2 0.727649 0.411470 0.043038 0.038786
2 0.727744 0.413888 0.038246 0.035692
2 0.727745 0.415155 0.041287 0.036792
2 0.727827 0.417739 0.037853 0.035027
2 0.727912 0.418697 0.039031 0.035831
2 0.727963 0.420916 0.040522 0.035929
2 0.727929 0.423044 0.042021 0.037548
2 0.727597 0.423857 0.037261 0.035420
2 0.727591 0.425476 0.041244 0.038129
2 0.727430 0.426032 0.038855 0.037565
2 0.726816 0.427889 0.049831 0.051150
2 0.726613 0.428536 0.045240 0.044221
2 0.726284 0.429286 0.045078 0.039954
2 0.725882 0.429772 0.039795 0.038891
2 0.725495 0.430478 0.047614 0.048394
2 0.725141 0.430712 0.049342 0.049906
2 0.724663 0.430883 0.045429 0.040711
2 0.723964 0.431380 0.054941 0.053851
2 0.723469 0.431035 0.047604 0.043754
2 0.723145 0.430534 0.042385 0.039686
2 0.722697 0.429903 0.041686 0.041313
2 0.722074 0.429785 0.052230 0.053670
2 0.722036 0.429125 0.049150 0.045864
2 0.721603 0.428013 0.040560 0.039509
2 0.721417 0.427181 0.045851 0.041342
2 0.720838 0.426337 0.047591 0.049400
2 0.720412 0.424900 0.052038 0.053647
2 0.720232 0.423998 0.045419 0.046098
2 0.720126 0.422459 0.044652 0.044829
2 0.720112 0.421709 0.043660 0.041753
2 0.720135 0.419800 0.043502 0.041789
2 0.720087 0.418289 0.042591 0.042130
2 0.720380 0.417264 0.052156 0.052453
2 0.720581 0.415825 0.059222 0.061219
2 0.721113 0.413812 0.052945 0.051513
2 0.721297 0.412503 0.042360 0.041883
2 0.721771 0.410787 0.048344 0.050622
2 0.722033 0.410212 0.055770 0.057720
2 0.722991 0.407969 0.045767 0.042657
2 0.723301 0.407313 0.046257 0.043762
2 0.724412 0.404409 0.042721 0.041573
2 0.724778 0.403947 0.045880 0.041449
2 0.725720 0.402332 0.056035 0.054979
2 0.725988 0.401795 0.048759 0.044967
2 0.726649 0.400310 0.049939 0.048622
2 0.727299 0.399162 0.045963 0.045437
2 0.727858 0.398599 0.040990 0.039819
2 0.728412 0.398016 0.054088 0.052443
2 0.728517 0.397374 0.052961 0.054147
2 0.729226 0.396534 0.039280 0.036846
2 0.729958 0.396345 0.052750 0.051145
2 0.730050 0.396419 0.054291 0.053444
2 0.730575 0.396231 0.047451 0.044286
2 0.730828 0.396178 0.041980 0.038346
2 0.730841 0.396532 0.037908 0.035828
2 0.731036 0.396637 0.040100 0.038862
2 0.731125 0.397190 0.041702 0.040091
2 0.731360 0.398632 0.046619 0.047509
2 0.731503 0.399880 0.052930 0.052682
2 0.731524 0.401071 0.049141 0.051310
2 0.731709 0.401525 0.051032 0.051641
2 0.731712 0.402858 0.046998 0.048119
2 0.731915 0.403644 0.046664 0.044562
2 0.731677 0.405005 0.044957 0.045618
2 0.731627 0.406129 0.048106 0.048508
2 0.731663 0.407398 0.048642 0.048891
2 0.731660 0.409284 0.047498 0.047890
2 0.731581 0.410021 0.047247 0.047820
2 0.731515 0.411743 0.048641 0.047885
2 0.731370 0.412375 0.044869 0.046630
2 0.731565 0.413825 0.047435 0.046858
2 0.731224 0.414313 0.037139 0.036967
2 0.731189 0.415640 0.039154 0.036879
2 0.731119 0.416030 0.036770 0.036111
2 0.731178 0.417175 0.038831 0.034397
2 0.730977 0.417467 0.036653 0.032807
2 0.730779 0.418235 0.033517 0.031395
2 0.731080 0.418892 0.038169 0.034115
2 0.730996 0.419390 0.038323 0.034103
2 0.730834 0.419787 0.035086 0.033053
2 0.730854 0.420154 0.034758 0.032869
2 0.730983 0.420772 0.037751 0.033935
2 0.730883 0.420758 0.037193 0.033179
2 0.730948 0.420890 0.038459 0.034239
2 0.730977 0.420916 0.038008 0.033448
2 0.731062 0.420891 0.038659 0.034571
2 0.731102 0.420662 0.038167 0.035021
2 0.731138 0.420324 0.039751 0.039757
2 0.731241 0.420040 0.045475 0.047488
2 0.731426 0.419781 0.051519 0.052485
2 0.732104 0.419107 0.044622 0.042281
2 0.732031 0.418025 0.040703 0.040242
2 0.732914 0.417612 0.049082 0.048147
2 0.732876 0.417096 0.051271 0.054042
2 0.733419 0.416039 0.046791 0.047687
2 0.733957 0.415004 0.040902 0.038194
2 0.734134 0.413728 0.041124 0.038959
2 0.734921 0.413472 0.050838 0.050595
2 0.735340 0.411770 0.040222 0.037729
2 0.735416 0.411250 0.041528 0.038015
2 0.735965 0.410074 0.048119 0.049541
2 0.736415 0.409007 0.047266 0.049136
2 0.737301 0.407487 0.042365 0.039253
2 0.737355 0.406842 0.042069 0.043300
2 0.738222 0.404927 0.041033 0.041471
2 0.738603 0.404110 0.036770 0.036128
2 0.739260 0.402617 0.046232 0.050636
2 0.740123 0.400720 0.035971 0.036249
2 0.740719 0.399146 0.047340 0.051872
2 0.741421 0.398087 0.041394 0.040903
2 0.742028 0.396540 0.041255 0.043616
2 0.743083 0.394396 0.035468 0.035328
2 0.743773 0.394122 0.046650 0.047048
2 0.744723 0.391957 0.040324 0.037849
2 0.744801 0.390639 0.034282 0.034099
2 0.745851 0.388852 0.040709 0.042415
2 0.746370 0.387881 0.039471 0.036206
2 0.746876 0.386400 0.045001 0.045021
2 0.747504 0.385155 0.039526 0.040379
2 0.748239 0.383234 0.038970 0.039595
2 0.748635 0.382622 0.049756 0.051237
2 0.749723 0.380451 0.039326 0.037319
2 0.750527 0.378910 0.043528 0.044542
2 0.750701 0.377626 0.041841 0.041952
2 0.751261 0.375833 0.040551 0.039217
2 0.751447 0.375579 0.047658 0.050835
2 0.752362 0.373487 0.040913 0.041435
2 0.752734 0.372787 0.041352 0.040171
2 0.753423 0.371985 0.055195 0.059937
2 0.753637 0.371137 0.051449 0.052689
2 0.754252 0.369747 0.041443 0.041326
2 0.754343 0.369388 0.043678 0.045054
2 0.754967 0.368919 0.060614 0.063161
2 0.755193 0.368477 0.056260 0.059186
2 0.755575 0.367359 0.044516 0.045822
2 0.756027 0.367285 0.046577 0.047772
2 0.756490 0.367228 0.063165 0.066278
2 0.756594 0.367031 0.062975 0.065981
2 0.756809 0.367037 0.060411 0.062058
2 0.757140 0.366175 0.047486 0.047796
2 0.757572 0.366136 0.048306 0.049198
2 0.757796 0.366395 0.057780 0.062223
2 0.757849 0.366490 0.058610 0.062967
2 0.758478 0.366737 0.056591 0.058091
2 0.758620 0.367096 0.053875 0.054495
2 0.758734 0.366997 0.051527 0.051372
2 0.758939 0.367359 0.046326 0.048329
2 0.758971 0.367450 0.046510 0.048822
2 0.759058 0.367972 0.047500 0.049665
2 0.759491 0.368933 0.061265 0.064401
2 0.759278 0.369713 0.058271 0.064788
2 0.759393 0.370281 0.061835 0.069004
2 0.759716 0.370438 0.061805 0.067664
2 0.759894 0.371447 0.066277 0.071558
2 0.759889 0.371936 0.057110 0.063206
2 0.760008 0.372014 0.052782 0.057039
2 0.760303 0.372992 0.054317 0.055168
2 0.760284 0.373085 0.053745 0.055862
2 0.760330 0.374176 0.052134 0.054616
2 0.760604 0.375318 0.054633 0.059667
2 0.760694 0.376404 0.058145 0.061944
2 0.760712 0.376824 0.061080 0.063230
2 0.760812 0.377155 0.058652 0.062652
2 0.760740 0.378137 0.058097 0.063798
2 0.760962 0.378891 0.065581 0.070186
2 0.760955 0.379870 0.063088 0.071738
2 0.761158 0.381219 0.066361 0.072428
2 0.761032 0.381998 0.062906 0.071092
2 0.761221 0.382820 0.067707 0.073804
2 0.761112 0.383717 0.063191 0.071676
2 0.761299 0.384963 0.067764 0.073171
2 0.761207 0.385228 0.065396 0.072478
2 0.761260 0.386877 0.066150 0.070813
2 0.761237 0.387142 0.063238 0.069408
2 0.761367 0.388625 0.065559 0.069396
2 0.761374 0.389298 0.056840 0.062294
2 0.761545 0.390389 0.061062 0.063685
2 0.761368 0.392452 0.064090 0.068064
2 0.761316 0.392881 0.061003 0.066458
2 0.761428 0.394404 0.063787 0.067293
2 0.761409 0.394415 0.063978 0.067668
2 0.761395 0.396381 0.064679 0.068524
2 0.761572 0.396504 0.061575 0.064416
2 0.761464 0.397755 0.057679 0.062059
2 0.761380 0.398920 0.057181 0.063654
2 0.761402 0.399116 0.056401 0.063087
2 0.761460 0.400665 0.058499 0.064132
2 0.761140 0.401520 0.060364 0.067381
2 0.761009 0.402936 0.061170 0.069169
2 0.760950 0.403052 0.060236 0.068722
2 0.760954 0.403089 0.060125 0.068615
2 0.760772 0.404712 0.060070 0.067236
2 0.760732 0.404635 0.058701 0.065983
2 0.760677 0.404768 0.056741 0.063906
2 0.760587 0.404749 0.053439 0.059910
2 0.760517 0.406191 0.049250 0.051552
2 0.760518 0.406175 0.048746 0.050945
2 0.760432 0.406534 0.046956 0.050936
2 0.760389 0.406676 0.046644 0.050694
2 0.759992 0.406969 0.048457 0.052978
2 0.759992 0.406969 0.048457 0.052978
2 0.759987 0.407072 0.049122 0.053554
2 0.760088 0.407618 0.054907 0.057079
2 0.758993 0.407735 0.052141 0.051682
2 0.758993 0.407735 0.052141 0.051682
2 0.758809 0.408617 0.047714 0.050598
2 0.758597 0.408665 0.048431 0.051636
2 0.757730 0.408804 0.058514 0.065921
2 0.757707 0.408840 0.058040 0.065507
2 0.757592 0.408528 0.052420 0.056822
2 0.756985 0.408479 0.047707 0.050723
2 0.756902 0.408514 0.047428 0.050240
2 0.756522 0.408557 0.051427 0.055910
2 0.756231 0.408525 0.051068 0.055700
2 0.756201 0.408344 0.050146 0.053880
2 0.755666 0.408093 0.042288 0.043342
2 0.754979 0.408318 0.052887 0.057009
2 0.755073 0.408158 0.056253 0.058407
2 0.754245 0.408019 0.045747 0.045931
2 0.753828 0.408081 0.050576 0.051558
2 0.753512 0.408232 0.054735 0.057354
2 0.753060 0.407810 0.051642 0.051834
2 0.752736 0.407732 0.047794 0.046606
2 0.752509 0.407768 0.048829 0.047960
2 0.751780 0.407718 0.056899 0.059473
2 0.751390 0.407322 0.050602 0.054049
2 0.751187 0.407166 0.045346 0.045927
2 0.750714 0.407352 0.049362 0.050941
