2 0.629820 0.091658 0.066764 0.043246
2 0.631058 0.091453 0.073478 0.047987
2 0.632777 0.091440 0.078312 0.055346
2 0.632869 0.091497 0.085518 0.065656
2 0.634496 0.091647 0.069942 0.047629
2 0.636694 0.092639 0.082173 0.056058
2 0.637194 0.093216 0.094349 0.061650
2 0.638900 0.094148 0.080245 0.058024
2 0.640534 0.095710 0.072234 0.049308
2 0.640874 0.097392 0.101119 0.081585
2 0.642253 0.099338 0.074023 0.049061
2 0.643137 0.100229 0.081696 0.055977
2 0.644497 0.103139 0.102053 0.083063
2 0.645357 0.104104 0.079188 0.057611
2 0.646975 0.107232 0.091995 0.074055
2 0.648235 0.109627 0.072090 0.046826
2 0.648698 0.111312 0.072700 0.052160
2 0.650079 0.115057 0.073562 0.053550
2 0.651392 0.116846 0.098917 0.074952
2 0.652801 0.120771 0.075526 0.054180
2 0.653839 0.124805 0.071268 0.046600
2 0.654893 0.126766 0.072808 0.051269
2 0.655912 0.131226 0.083689 0.062185
2 0.657500 0.134128 0.097778 0.068325
2 0.658319 0.139083 0.074924 0.053977
2 0.659435 0.144551 0.075593 0.058081
2 0.660876 0.149497 0.091423 0.073036
2 0.662355 0.154518 0.072947 0.052338
2 0.662617 0.157942 0.108081 0.092247
2 0.663675 0.161911 0.068149 0.045806
2 0.665310 0.167786 0.101433 0.083461
2 0.665622 0.169638 0.105725 0.090699
2 0.666583 0.173832 0.067515 0.045017
2 0.667807 0.177386 0.102765 0.086581
2 0.668743 0.180392 0.077118 0.059698
2 0.669004 0.181712 0.062695 0.043719
2 0.670356 0.184912 0.086657 0.067158
2 0.671709 0.187190 0.063687 0.041336
2 0.671937 0.187433 0.062343 0.041053
2 0.673728 0.189271 0.063085 0.041321
2 0.674582 0.189118 0.075636 0.058095
2 0.675723 0.189392 0.068242 0.048659
2 0.676736 0.189546 0.065253 0.044599
2 0.677952 0.188991 0.081627 0.060266
2 0.679172 0.188119 0.077107 0.051402
2 0.680545 0.185877 0.071247 0.048905
2 0.682386 0.183994 0.076455 0.056200
2 0.682654 0.182962 0.087890 0.069761
2 0.684446 0.180216 0.071499 0.054116
2 0.685360 0.178261 0.074756 0.052283
2 0.686862 0.175254 0.072247 0.051691
2 0.688779 0.172197 0.066684 0.044114
2 0.689116 0.170326 0.068120 0.048172
2 0.690826 0.167406 0.091266 0.074703
2 0.692718 0.163397 0.089096 0.071797
2 0.693495 0.161827 0.071346 0.052413
2 0.695230 0.158408 0.068890 0.053921
2 0.697018 0.155495 0.089137 0.075719
2 0.697795 0.154028 0.071706 0.048362
2 0.699750 0.151815 0.096411 0.079194
2 0.701258 0.150094 0.083861 0.065303
2 0.701930 0.148279 0.071037 0.051139
2 0.703856 0.147695 0.090636 0.068962
2 0.704518 0.146288 0.071608 0.049270
2 0.706216 0.146135 0.101262 0.079795
2 0.707694 0.144517 0.070361 0.047745
2 0.709167 0.143666 0.092039 0.064589
2 0.709714 0.143743 0.092137 0.073442
2 0.711237 0.142468 0.072089 0.049848
2 0.712627 0.142586 0.071523 0.049428
2 0.714171 0.142614 0.071639 0.049424
2 0.715076 0.142492 0.078499 0.058090
2 0.716289 0.142585 0.072634 0.048008
2 0.717424 0.142683 0.072982 0.051699
2 0.718524 0.143404 0.085618 0.060399
2 0.719611 0.143676 0.093471 0.070400
2 0.720807 0.144644 0.079119 0.059762
2 0.721696 0.144437 0.085638 0.065678
2 0.723085 0.145355 0.087382 0.061235
2 0.724217 0.146286 0.110906 0.090482
2 0.724730 0.146313 0.085393 0.061243
2 0.726000 0.146532 0.078290 0.051552
2 0.727070 0.147062 0.083095 0.063422
2 0.728217 0.147727 0.099782 0.077773
2 0.729681 0.148324 0.105067 0.081497
2 0.730804 0.149234 0.090040 0.061178
2 0.731344 0.148986 0.084378 0.065536
2 0.732680 0.150332 0.084288 0.061798
2 0.734527 0.151277 0.090088 0.068400
2 0.735226 0.151208 0.088519 0.063844
2 0.736370 0.152471 0.079775 0.057722
2 0.737704 0.153005 0.085925 0.066459
2 0.738688 0.154141 0.099576 0.070813
2 0.739927 0.154704 0.082848 0.056252
2 0.741037 0.156201 0.096516 0.076141
2 0.742402 0.158232 0.109290 0.088721
2 0.743198 0.158254 0.085670 0.056972
2 0.744469 0.160155 0.100640 0.078959
2 0.745196 0.160450 0.086708 0.063881
2 0.746575 0.162358 0.088156 0.057636
2 0.747280 0.163987 0.123985 0.105362
2 0.748615 0.165758 0.116627 0.097559
2 0.748958 0.166271 0.091142 0.072557
2 0.750610 0.168178 0.090736 0.070840
2 0.751496 0.169409 0.109191 0.088150
2 0.752978 0.171909 0.092385 0.069537
2 0.754521 0.174510 0.089534 0.066570
2 0.755086 0.176431 0.086821 0.067168
2 0.757022 0.179741 0.082048 0.057440
2 0.759030 0.183858 0.084425 0.058456
2 0.759598 0.186272 0.089523 0.069879
2 0.761604 0.191401 0.125350 0.107031
2 0.762844 0.193525 0.128558 0.111077
2 0.764183 0.198018 0.091538 0.074014
2 0.765915 0.203303 0.109585 0.095092
2 0.767627 0.207591 0.086749 0.068924
2 0.768707 0.211082 0.119721 0.100125
2 0.770117 0.215216 0.087571 0.068600
2 0.771698 0.218606 0.124162 0.097960
2 0.773086 0.223005 0.091291 0.065598
2 0.775034 0.228817 0.098013 0.081552
2 0.775981 0.231120 0.095475 0.073411
2 0.777913 0.236624 0.099072 0.078957
2 0.779939 0.241958 0.118421 0.104555
2 0.781763 0.246312 0.107665 0.090997
2 0.782724 0.248913 0.097713 0.076728
2 0.784764 0.253973 0.128302 0.112678
2 0.786907 0.258510 0.096849 0.072849
2 0.789348 0.263241 0.113987 0.097791
2 0.791245 0.267866 0.098957 0.079578
2 0.792362 0.270319 0.097360 0.079186
2 0.794611 0.275384 0.124982 0.105662
2 0.795543 0.277635 0.097228 0.079638
2 0.798289 0.282136 0.099008 0.075031
2 0.800400 0.287374 0.099102 0.080643
2 0.801691 0.289324 0.100568 0.082213
2 0.804229 0.294240 0.108991 0.084328
2 0.805294 0.296389 0.112187 0.092805
2 0.807707 0.301030 0.092511 0.070603
2 0.808832 0.303238 0.091229 0.065653
2 0.811440 0.308855 0.117447 0.102060
2 0.814107 0.313447 0.098880 0.079966
2 0.815383 0.315859 0.108020 0.082750
2 0.817850 0.320557 0.085285 0.063768
2 0.820385 0.325182 0.094459 0.074908
2 0.823294 0.329948 0.105626 0.078170
2 0.824610 0.332202 0.086203 0.057338
2 0.827077 0.337224 0.102859 0.083758
2 0.828365 0.339863 0.118489 0.100540
2 0.830928 0.343661 0.087207 0.064469
2 0.833554 0.348684 0.092911 0.073269
2 0.836291 0.353286 0.109506 0.093497
2 0.837358 0.355424 0.083568 0.065513
2 0.840182 0.359563 0.076417 0.050782
2 0.841458 0.362437 0.092564 0.070658
2 0.843792 0.367165 0.081667 0.063359
2 0.846795 0.372520 0.101237 0.081504
2 0.849654 0.377319 0.080091 0.058848
2 0.850916 0.380599 0.106155 0.085998
2 0.853417 0.386005 0.096407 0.079876
2 0.856265 0.391092 0.083190 0.064741
2 0.857699 0.394205 0.107061 0.083446
2 0.859931 0.398765 0.082254 0.061658
2 0.862129 0.404115 0.083225 0.055786
2 0.863387 0.406485 0.080385 0.055795
2 0.865727 0.411936 0.095268 0.077003
2 0.866910 0.413850 0.084486 0.062732
2 0.868923 0.418482 0.078662 0.059665
2 0.871037 0.422928 0.090697 0.067657
2 0.873363 0.426968 0.094890 0.068542
2 0.875532 0.431402 0.097355 0.077670
2 0.876800 0.432861 0.094729 0.072642
2 0.879281 0.436189 0.086430 0.059784
2 0.881388 0.439631 0.076979 0.054682
2 0.884083 0.442421 0.093915 0.062883
2 0.885081 0.443791 0.078819 0.053730
2 0.887713 0.445987 0.081747 0.061814
2 0.890523 0.448625 0.096478 0.075482
2 0.891936 0.449240 0.076894 0.054141
2 0.894423 0.451180 0.078509 0.056306
2 0.895631 0.452081 0.086585 0.068016
2 0.898285 0.453301 0.076870 0.056718
2 0.901026 0.454687 0.093971 0.068425
2 0.903445 0.455335 0.077801 0.058332
2 0.904911 0.456295 0.092371 0.075656
2 0.907488 0.457106 0.077690 0.057382
2 0.909665 0.458980 0.079002 0.062196
2 0.910999 0.459964 0.087522 0.073119
2 0.913374 0.462144 0.093883 0.075670
2 0.914479 0.463111 0.080991 0.067190
2 0.916920 0.465576 0.084753 0.070541
2 0.917905 0.466935 0.081463 0.065104
2 0.920016 0.470485 0.103673 0.088183
2 0.921829 0.473145 0.080517 0.068827
2 0.923856 0.476536 0.085469 0.072372
2 0.924909 0.478402 0.103683 0.090951
2 0.926352 0.481210 0.083220 0.071935
2 0.927064 0.482676 0.078165 0.064079
2 0.928431 0.486381 0.087301 0.074477
2 0.929422 0.488138 0.100636 0.084130
2 0.931222 0.494772 0.085438 0.071117
2 0.931693 0.496565 0.084178 0.068766
2 0.932528 0.500473 0.084139 0.067771
2 0.932949 0.504734 0.087723 0.073440
2 0.933019 0.506898 0.093248 0.078707
2 0.933392 0.511752 0.089819 0.072928
2 0.933549 0.515973 0.081886 0.062907
2 0.933527 0.519392 0.110637 0.093383
2 0.933470 0.523845 0.082081 0.064238
2 0.933451 0.529585 0.081896 0.064587
2 0.933142 0.532595 0.101500 0.086157
2 0.932821 0.539004 0.114066 0.096825
2 0.932290 0.541106 0.080435 0.057581
2 0.931472 0.547669 0.086761 0.073059
2 0.931001 0.553415 0.083146 0.068107
2 0.930078 0.558789 0.080376 0.065743
2 0.929012 0.565094 0.082795 0.061627
2 0.928225 0.567553 0.093128 0.080489
2 0.927020 0.573760 0.101747 0.087998
2 0.925358 0.578688 0.081021 0.070286
2 0.924882 0.581427 0.096567 0.086666
2 0.923268 0.586026 0.084257 0.074729
2 0.922152 0.588343 0.080368 0.070342
2 0.920677 0.592902 0.089686 0.079680
2 0.918941 0.596517 0.083489 0.074983
2 0.917087 0.601500 0.097921 0.087740
2 0.915910 0.601975 0.079588 0.071770
2 0.913862 0.605692 0.080759 0.073569
2 0.912096 0.607955 0.081343 0.074802
2 0.911025 0.609572 0.083198 0.077358
2 0.909499 0.611380 0.103902 0.096469
2 0.907683 0.612109 0.085885 0.079354
2 0.906808 0.613370 0.089500 0.079379
2 0.905390 0.613839 0.083440 0.071639
2 0.904040 0.615326 0.089529 0.075983
2 0.902661 0.615176 0.108394 0.096210
2 0.900991 0.613921 0.083098 0.072526
2 0.899762 0.613893 0.082566 0.074804
2 0.898706 0.612902 0.103768 0.094697
2 0.897198 0.611329 0.098390 0.087743
2 0.896801 0.610261 0.087975 0.079048
2 0.895592 0.607794 0.083753 0.073126
2 0.894532 0.605575 0.085200 0.070617
2 0.893368 0.601645 0.086947 0.074660
2 0.892208 0.597639 0.095780 0.087747
2 0.891758 0.595631 0.092836 0.081721
2 0.890531 0.590644 0.083614 0.074477
2 0.889685 0.585871 0.091084 0.078939
2 0.889175 0.582314 0.079928 0.070572
2 0.888239 0.576231 0.081424 0.068089
2 0.887270 0.568749 0.077930 0.066939
2 0.886437 0.560681 0.078860 0.066554
2 0.885788 0.552788 0.080172 0.068043
2 0.885335 0.543561 0.079918 0.061083
2 0.884559 0.535035 0.082871 0.070614
2 0.884115 0.526287 0.083364 0.070499
2 0.883310 0.517423 0.083004 0.068981
2 0.882994 0.513407 0.099044 0.086647
2 0.882036 0.503848 0.077081 0.059522
2 0.881066 0.494514 0.075603 0.061122
2 0.880378 0.490143 0.078853 0.060703
2 0.879186 0.480535 0.081220 0.060429
2 0.878490 0.476271 0.103302 0.087986
2 0.877041 0.466258 0.096924 0.080471
2 0.875438 0.456445 0.093280 0.076298
2 0.873558 0.445844 0.075206 0.058997
2 0.871760 0.435531 0.073111 0.056501
2 0.869898 0.425428 0.083854 0.062050
2 0.867886 0.414631 0.077350 0.057615
2 0.865750 0.404456 0.072469 0.055610
2 0.864804 0.399956 0.094525 0.073963
2 0.862684 0.390247 0.095223 0.078744
2 0.859966 0.380697 0.075285 0.055435
2 0.857692 0.371377 0.072929 0.055608
2 0.855148 0.362808 0.094118 0.075258
2 0.853728 0.358074 0.077935 0.058762
2 0.850956 0.349713 0.073254 0.047724
2 0.849490 0.345608 0.074262 0.048580
2 0.846591 0.337592 0.079248 0.057065
2 0.843490 0.329752 0.081806 0.059839
2 0.841947 0.325821 0.089334 0.065897
2 0.838686 0.318008 0.089270 0.062041
2 0.836911 0.314185 0.092420 0.068559
2 0.833209 0.306627 0.087555 0.069628
2 0.829870 0.298821 0.112287 0.095292
2 0.828264 0.294816 0.116794 0.099955
2 0.824651 0.285590 0.092128 0.071102
2 0.822516 0.281420 0.093925 0.076402
2 0.819246 0.271836 0.092072 0.076197
2 0.816030 0.262133 0.091784 0.077063
2 0.814636 0.257225 0.104606 0.088716
2 0.811599 0.246509 0.091144 0.076208
2 0.808970 0.235429 0.099246 0.080618
2 0.807553 0.229743 0.100661 0.084958
2 0.805055 0.217287 0.089617 0.076792
2 0.803055 0.205015 0.114992 0.101245
2 0.800619 0.191653 0.096527 0.083353
2 0.798519 0.177887 0.105670 0.094756
2 0.797315 0.170588 0.095716 0.086088
2 0.795438 0.155621 0.104014 0.095659
2 0.794445 0.147857 0.104653 0.094810
2 0.792459 0.131141 0.099406 0.090906
2 0.790869 0.113566 0.102291 0.094873
2 0.790092 0.104254 0.096770 0.085355
2 0.789124 0.085246 0.102073 0.093217
