3 0.664062 0.584961 0.043750 0.060547
3 0.664271 0.583919 0.043750 0.060807
3 0.664479 0.582878 0.043750 0.061068
3 0.664688 0.581836 0.043750 0.061328
3 0.664896 0.580794 0.043750 0.061589
3 0.665104 0.579753 0.043750 0.061849
3 0.665313 0.578711 0.043750 0.062109
3 0.665521 0.577669 0.043750 0.062370
3 0.665729 0.576628 0.043750 0.062630
3 0.665938 0.575586 0.043750 0.062891
3 0.666146 0.574544 0.043750 0.063151
3 0.666354 0.573503 0.043750 0.063411
3 0.666563 0.572461 0.043750 0.063672
3 0.666771 0.571419 0.043750 0.063932
3 0.666979 0.570378 0.043750 0.064193
3 0.667187 0.569336 0.043750 0.064453
3 0.667096 0.568187 0.043382 0.063764
3 0.667004 0.567038 0.043015 0.063074
3 0.666912 0.565889 0.042647 0.062385
3 0.666820 0.564740 0.042279 0.061696
3 0.666728 0.563591 0.041912 0.061006
3 0.666636 0.562443 0.041544 0.060317
3 0.666544 0.561294 0.041176 0.059628
3 0.666452 0.560145 0.040809 0.058938
3 0.666360 0.558996 0.040441 0.058249
3 0.666268 0.557847 0.040074 0.057560
3 0.666176 0.556698 0.039706 0.056870
3 0.666085 0.555549 0.039338 0.056181
3 0.665993 0.554400 0.038971 0.055492
3 0.665901 0.553251 0.038603 0.054802
3 0.665809 0.552102 0.038235 0.054113
3 0.665717 0.550954 0.037868 0.053424
3 0.665625 0.549805 0.037500 0.052734
3 0.665625 0.549072 0.037370 0.053223
3 0.665625 0.548340 0.037240 0.053711
3 0.665625 0.547607 0.037109 0.054199
3 0.665625 0.546875 0.036979 0.054688
3 0.665625 0.546143 0.036849 0.055176
3 0.665625 0.545410 0.036719 0.055664
3 0.665625 0.544678 0.036589 0.056152
3 0.665625 0.543945 0.036458 0.056641
3 0.665625 0.543213 0.036328 0.057129
3 0.665625 0.542480 0.036198 0.057617
3 0.665625 0.541748 0.036068 0.058105
3 0.665625 0.541016 0.035937 0.058594
3 0.665625 0.540283 0.035807 0.059082
3 0.665625 0.539551 0.035677 0.059570
3 0.665625 0.538818 0.035547 0.060059
3 0.665625 0.538086 0.035417 0.060547
3 0.665625 0.537354 0.035286 0.061035
3 0.665625 0.536621 0.035156 0.061523
3 0.665625 0.535889 0.035026 0.062012
3 0.665625 0.535156 0.034896 0.062500
3 0.665625 0.534424 0.034766 0.062988
3 0.665625 0.533691 0.034635 0.063477
3 0.665625 0.532959 0.034505 0.063965
3 0.665625 0.532227 0.034375 0.064453
3 0.665458 0.531703 0.034710 0.064383
3 0.665290 0.531180 0.035045 0.064314
3 0.665123 0.530657 0.035379 0.064244
3 0.664955 0.530134 0.035714 0.064174
3 0.664788 0.529611 0.036049 0.064104
3 0.664621 0.529088 0.036384 0.064035
3 0.664453 0.528564 0.036719 0.063965
3 0.664286 0.528041 0.037054 0.063895
3 0.664118 0.527518 0.037388 0.063825
3 0.663951 0.526995 0.037723 0.063756
3 0.663783 0.526472 0.038058 0.063686
3 0.663616 0.525949 0.038393 0.063616
3 0.663449 0.525426 0.038728 0.063546
3 0.663281 0.524902 0.039063 0.063477
3 0.663114 0.524379 0.039397 0.063407
3 0.662946 0.523856 0.039732 0.063337
3 0.662779 0.523333 0.040067 0.063267
3 0.662612 0.522810 0.040402 0.063198
3 0.662444 0.522287 0.040737 0.063128
3 0.662277 0.521763 0.041071 0.063058
3 0.662109 0.521240 0.041406 0.062988
3 0.661942 0.520717 0.041741 0.062919
3 0.661775 0.520194 0.042076 0.062849
3 0.661607 0.519671 0.042411 0.062779
3 0.661440 0.519148 0.042746 0.062709
3 0.661272 0.518624 0.043080 0.062640
3 0.661105 0.518101 0.043415 0.062570
3 0.660937 0.517578 0.043750 0.062500
3 0.660948 0.517057 0.043729 0.062344
3 0.660958 0.516536 0.043708 0.062187
3 0.660969 0.516016 0.043687 0.062031
3 0.660979 0.515495 0.043667 0.061875
3 0.660990 0.514974 0.043646 0.061719
3 0.661000 0.514453 0.043625 0.061562
3 0.661010 0.513932 0.043604 0.061406
3 0.661021 0.513411 0.043583 0.061250
3 0.661031 0.512891 0.043562 0.061094
3 0.661042 0.512370 0.043542 0.060937
3 0.661052 0.511849 0.043521 0.060781
3 0.661063 0.511328 0.043500 0.060625
3 0.661073 0.510807 0.043479 0.060469
3 0.661083 0.510286 0.043458 0.060312
3 0.661094 0.509766 0.043437 0.060156
3 0.661104 0.509245 0.043417 0.060000
3 0.661115 0.508724 0.043396 0.059844
3 0.661125 0.508203 0.043375 0.059687
3 0.661135 0.507682 0.043354 0.059531
3 0.661146 0.507161 0.043333 0.059375
3 0.661156 0.506641 0.043312 0.059219
3 0.661167 0.506120 0.043292 0.059062
3 0.661177 0.505599 0.043271 0.058906
3 0.661188 0.505078 0.043250 0.058750
3 0.661198 0.504557 0.043229 0.058594
3 0.661208 0.504036 0.043208 0.058437
3 0.661219 0.503516 0.043187 0.058281
3 0.661229 0.502995 0.043167 0.058125
3 0.661240 0.502474 0.043146 0.057969
3 0.661250 0.501953 0.043125 0.057812
3 0.661260 0.501432 0.043104 0.057656
3 0.661271 0.500911 0.043083 0.057500
3 0.661281 0.500391 0.043062 0.057344
3 0.661292 0.499870 0.043042 0.057187
3 0.661302 0.499349 0.043021 0.057031
3 0.661313 0.498828 0.043000 0.056875
3 0.661323 0.498307 0.042979 0.056719
3 0.661333 0.497786 0.042958 0.056562
3 0.661344 0.497266 0.042937 0.056406
3 0.661354 0.496745 0.042917 0.056250
3 0.661365 0.496224 0.042896 0.056094
3 0.661375 0.495703 0.042875 0.055937
3 0.661385 0.495182 0.042854 0.055781
3 0.661396 0.494661 0.042833 0.055625
3 0.661406 0.494141 0.042812 0.055469
3 0.661417 0.493620 0.042792 0.055312
3 0.661427 0.493099 0.042771 0.055156
3 0.661438 0.492578 0.042750 0.055000
3 0.661448 0.492057 0.042729 0.054844
3 0.661458 0.491536 0.042708 0.054687
3 0.661469 0.491016 0.042687 0.054531
3 0.661479 0.490495 0.042667 0.054375
3 0.661490 0.489974 0.042646 0.054219
3 0.661500 0.489453 0.042625 0.054062
3 0.661510 0.488932 0.042604 0.053906
3 0.661521 0.488411 0.042583 0.053750
3 0.661531 0.487891 0.042562 0.053594
3 0.661542 0.487370 0.042542 0.053437
3 0.661552 0.486849 0.042521 0.053281
3 0.661563 0.486328 0.042500 0.053125
3 0.661573 0.485807 0.042479 0.052969
3 0.661583 0.485286 0.042458 0.052812
3 0.661594 0.484766 0.042437 0.052656
3 0.661604 0.484245 0.042417 0.052500
3 0.661615 0.483724 0.042396 0.052344
3 0.661625 0.483203 0.042375 0.052187
3 0.661635 0.482682 0.042354 0.052031
3 0.661646 0.482161 0.042333 0.051875
3 0.661656 0.481641 0.042312 0.051719
3 0.661667 0.481120 0.042292 0.051562
3 0.661677 0.480599 0.042271 0.051406
3 0.661687 0.480078 0.042250 0.051250
3 0.661698 0.479557 0.042229 0.051094
3 0.661708 0.479036 0.042208 0.050937
3 0.661719 0.478516 0.042188 0.050781
3 0.661612 0.478075 0.042034 0.050896
3 0.661504 0.477635 0.041881 0.051011
3 0.661397 0.477194 0.041728 0.051126
3 0.661290 0.476754 0.041575 0.051241
3 0.661183 0.476314 0.041422 0.051356
3 0.661075 0.475873 0.041268 0.051471
3 0.660968 0.475433 0.041115 0.051585
3 0.660861 0.474992 0.040962 0.051700
3 0.660754 0.474552 0.040809 0.051815
3 0.660646 0.474112 0.040656 0.051930
3 0.660539 0.473671 0.040502 0.052045
3 0.660432 0.473231 0.040349 0.052160
3 0.660325 0.472790 0.040196 0.052275
3 0.660218 0.472350 0.040043 0.052390
3 0.660110 0.471909 0.039890 0.052505
3 0.660003 0.471469 0.039737 0.052619
3 0.659896 0.471029 0.039583 0.052734
3 0.659789 0.470588 0.039430 0.052849
3 0.659681 0.470148 0.039277 0.052964
3 0.659574 0.469707 0.039124 0.053079
3 0.659467 0.469267 0.038971 0.053194
3 0.659360 0.468827 0.038817 0.053309
3 0.659252 0.468386 0.038664 0.053424
3 0.659145 0.467946 0.038511 0.053539
3 0.659038 0.467505 0.038358 0.053653
3 0.658931 0.467065 0.038205 0.053768
3 0.658824 0.466625 0.038051 0.053883
3 0.658716 0.466184 0.037898 0.053998
3 0.658609 0.465744 0.037745 0.054113
3 0.658502 0.465303 0.037592 0.054228
3 0.658395 0.464863 0.037439 0.054343
3 0.658287 0.464422 0.037286 0.054458
3 0.658180 0.463982 0.037132 0.054573
3 0.658073 0.463542 0.036979 0.054688
3 0.657966 0.463101 0.036826 0.054802
3 0.657858 0.462661 0.036673 0.054917
3 0.657751 0.462220 0.036520 0.055032
3 0.657644 0.461780 0.036366 0.055147
3 0.657537 0.461340 0.036213 0.055262
3 0.657430 0.460899 0.036060 0.055377
3 0.657322 0.460459 0.035907 0.055492
3 0.657215 0.460018 0.035754 0.055607
3 0.657108 0.459578 0.035600 0.055722
3 0.657001 0.459138 0.035447 0.055836
3 0.656893 0.458697 0.035294 0.055951
3 0.656786 0.458257 0.035141 0.056066
3 0.656679 0.457816 0.034988 0.056181
3 0.656572 0.457376 0.034835 0.056296
3 0.656464 0.456936 0.034681 0.056411
3 0.656357 0.456495 0.034528 0.056526
3 0.656250 0.456055 0.034375 0.056641
3 0.656265 0.455806 0.034498 0.056679
3 0.656281 0.455557 0.034620 0.056717
3 0.656296 0.455308 0.034743 0.056756
3 0.656311 0.455059 0.034865 0.056794
3 0.656327 0.454810 0.034988 0.056832
3 0.656342 0.454561 0.035110 0.056870
3 0.656357 0.454312 0.035233 0.056909
3 0.656373 0.454063 0.035355 0.056947
3 0.656388 0.453814 0.035478 0.056985
3 0.656403 0.453565 0.035600 0.057024
3 0.656419 0.453316 0.035723 0.057062
3 0.656434 0.453068 0.035846 0.057100
3 0.656449 0.452819 0.035968 0.057138
3 0.656464 0.452570 0.036091 0.057177
3 0.656480 0.452321 0.036213 0.057215
3 0.656495 0.452072 0.036336 0.057253
3 0.656510 0.451823 0.036458 0.057292
3 0.656526 0.451574 0.036581 0.057330
3 0.656541 0.451325 0.036703 0.057368
3 0.656556 0.451076 0.036826 0.057407
3 0.656572 0.450827 0.036949 0.057445
3 0.656587 0.450578 0.037071 0.057483
3 0.656602 0.450329 0.037194 0.057521
3 0.656618 0.450080 0.037316 0.057560
3 0.656633 0.449831 0.037439 0.057598
3 0.656648 0.449583 0.037561 0.057636
3 0.656664 0.449334 0.037684 0.057675
3 0.656679 0.449085 0.037806 0.057713
3 0.656694 0.448836 0.037929 0.057751
3 0.656710 0.448587 0.038051 0.057790
3 0.656725 0.448338 0.038174 0.057828
3 0.656740 0.448089 0.038297 0.057866
3 0.656756 0.447840 0.038419 0.057904
3 0.656771 0.447591 0.038542 0.057943
3 0.656786 0.447342 0.038664 0.057981
3 0.656801 0.447093 0.038787 0.058019
3 0.656817 0.446844 0.038909 0.058058
3 0.656832 0.446595 0.039032 0.058096
3 0.656847 0.446347 0.039154 0.058134
3 0.656863 0.446098 0.039277 0.058172
3 0.656878 0.445849 0.039400 0.058211
3 0.656893 0.445600 0.039522 0.058249
3 0.656909 0.445351 0.039645 0.058287
3 0.656924 0.445102 0.039767 0.058326
3 0.656939 0.444853 0.039890 0.058364
3 0.656955 0.444604 0.040012 0.058402
3 0.656970 0.444355 0.040135 0.058441
3 0.656985 0.444106 0.040257 0.058479
3 0.657001 0.443857 0.040380 0.058517
3 0.657016 0.443608 0.040502 0.058555
3 0.657031 0.443359 0.040625 0.058594
3 0.657047 0.443110 0.040748 0.058632
3 0.657062 0.442862 0.040870 0.058670
3 0.657077 0.442613 0.040993 0.058709
3 0.657093 0.442364 0.041115 0.058747
3 0.657108 0.442115 0.041238 0.058785
3 0.657123 0.441866 0.041360 0.058824
3 0.657138 0.441617 0.041483 0.058862
3 0.657154 0.441368 0.041605 0.058900
3 0.657169 0.441119 0.041728 0.058938
3 0.657184 0.440870 0.041850 0.058977
3 0.657200 0.440621 0.041973 0.059015
3 0.657215 0.440372 0.042096 0.059053
3 0.657230 0.440123 0.042218 0.059092
3 0.657246 0.439874 0.042341 0.059130
3 0.657261 0.439625 0.042463 0.059168
3 0.657276 0.439377 0.042586 0.059206
3 0.657292 0.439128 0.042708 0.059245
3 0.657307 0.438879 0.042831 0.059283
3 0.657322 0.438630 0.042953 0.059321
3 0.657338 0.438381 0.043076 0.059360
3 0.657353 0.438132 0.043199 0.059398
3 0.657368 0.437883 0.043321 0.059436
3 0.657384 0.437634 0.043444 0.059475
3 0.657399 0.437385 0.043566 0.059513
3 0.657414 0.437136 0.043689 0.059551
3 0.657430 0.436887 0.043811 0.059589
3 0.657445 0.436638 0.043934 0.059628
3 0.657460 0.436389 0.044056 0.059666
3 0.657475 0.436140 0.044179 0.059704
3 0.657491 0.435892 0.044301 0.059743
3 0.657506 0.435643 0.044424 0.059781
3 0.657521 0.435394 0.044547 0.059819
3 0.657537 0.435145 0.044669 0.059858
3 0.657552 0.434896 0.044792 0.059896
3 0.657567 0.434647 0.044914 0.059934
3 0.657583 0.434398 0.045037 0.059972
3 0.657598 0.434149 0.045159 0.060011
3 0.657613 0.433900 0.045282 0.060049
3 0.657629 0.433651 0.045404 0.060087
3 0.657644 0.433402 0.045527 0.060126
3 0.657659 0.433153 0.045650 0.060164
3 0.657675 0.432904 0.045772 0.060202
3 0.657690 0.432655 0.045895 0.060241
3 0.657705 0.432407 0.046017 0.060279
3 0.657721 0.432158 0.046140 0.060317
3 0.657736 0.431909 0.046262 0.060355
3 0.657751 0.431660 0.046385 0.060394
3 0.657767 0.431411 0.046507 0.060432
3 0.657782 0.431162 0.046630 0.060470
3 0.657797 0.430913 0.046752 0.060509
3 0.657813 0.430664 0.046875 0.060547
