3 0.371497 0.419543 0.091957 0.127586
3 0.374673 0.422431 0.091880 0.127769
3 0.379111 0.423304 0.090956 0.126870
3 0.380958 0.423989 0.091072 0.126975
3 0.383982 0.424431 0.091011 0.127009
3 0.385775 0.427466 0.090864 0.127010
3 0.387768 0.428543 0.090816 0.127142
3 0.390038 0.429874 0.090685 0.127100
3 0.392186 0.432208 0.090501 0.127130
3 0.394602 0.433970 0.090574 0.127425
3 0.395825 0.434251 0.090372 0.127442
3 0.396210 0.435252 0.090366 0.127416
3 0.398431 0.437415 0.089565 0.126529
3 0.398914 0.439123 0.089981 0.127155
3 0.398787 0.440481 0.090257 0.127916
3 0.399835 0.442217 0.089544 0.127062
3 0.400225 0.442950 0.090257 0.127975
3 0.401851 0.445017 0.089582 0.126974
3 0.403324 0.447638 0.089618 0.127336
3 0.404733 0.449783 0.089388 0.127291
3 0.404824 0.449895 0.089649 0.127593
3 0.404899 0.452471 0.089686 0.127742
3 0.408199 0.455124 0.089270 0.126974
3 0.409274 0.455476 0.089189 0.127028
3 0.409419 0.457369 0.089256 0.127367
3 0.410251 0.457999 0.089639 0.127909
3 0.412298 0.461445 0.089273 0.127639
3 0.413356 0.461514 0.089915 0.128550
3 0.415250 0.463675 0.088849 0.127233
3 0.415482 0.464664 0.088286 0.126491
3 0.416401 0.467082 0.087329 0.125301
3 0.418403 0.470103 0.086691 0.124452
3 0.419313 0.470177 0.086769 0.124586
3 0.420663 0.473132 0.086508 0.124377
3 0.421948 0.475263 0.085646 0.123492
3 0.422964 0.476623 0.084980 0.122645
3 0.424334 0.478499 0.084263 0.121863
3 0.425251 0.479768 0.083457 0.120872
3 0.426648 0.482054 0.083531 0.121086
3 0.427462 0.483107 0.084030 0.121979
3 0.427254 0.485064 0.084185 0.122289
3 0.428519 0.486675 0.083484 0.121468
3 0.429528 0.488844 0.083645 0.121542
3 0.431540 0.489604 0.082866 0.120845
3 0.431852 0.492199 0.081992 0.119866
3 0.432215 0.493185 0.082009 0.119913
3 0.433466 0.496152 0.082023 0.119909
3 0.435332 0.498686 0.081137 0.118936
3 0.437182 0.500854 0.080186 0.117809
3 0.438225 0.502268 0.079960 0.117408
3 0.439820 0.504284 0.079987 0.117680
3 0.440751 0.505402 0.079545 0.117297
3 0.442774 0.508612 0.079653 0.117656
3 0.445110 0.509734 0.078527 0.116401
3 0.445637 0.511402 0.078764 0.116607
3 0.447239 0.513819 0.078849 0.116858
3 0.449898 0.515635 0.078505 0.116537
3 0.450664 0.515969 0.079457 0.117817
3 0.452850 0.518497 0.078456 0.116590
3 0.455389 0.520426 0.077299 0.115068
3 0.456463 0.521424 0.077368 0.114945
3 0.459220 0.523531 0.077184 0.114869
3 0.463268 0.526716 0.076488 0.114224
3 0.467142 0.529064 0.076163 0.113839
3 0.467820 0.529912 0.075420 0.113131
3 0.468554 0.532862 0.074570 0.111977
3 0.470003 0.534145 0.074229 0.111517
3 0.473190 0.535824 0.074144 0.111420
3 0.473062 0.538299 0.074100 0.111551
3 0.473404 0.539998 0.074034 0.111540
3 0.474938 0.540814 0.073880 0.111415
3 0.475478 0.542723 0.073856 0.111513
3 0.475638 0.544177 0.073454 0.111135
3 0.476140 0.544886 0.073101 0.110803
3 0.477964 0.546812 0.072259 0.109940
3 0.477104 0.548527 0.071426 0.108905
3 0.476130 0.550794 0.070811 0.108169
3 0.476610 0.550922 0.070704 0.108018
3 0.476497 0.552451 0.070583 0.108044
3 0.474508 0.554061 0.070353 0.107923
3 0.473958 0.554914 0.070701 0.108307
3 0.472970 0.556379 0.070441 0.108072
3 0.469920 0.558890 0.069922 0.107357
3 0.464566 0.559944 0.070140 0.107647
3 0.460279 0.560798 0.069623 0.107146
3 0.455556 0.562061 0.069719 0.107305
3 0.447629 0.563076 0.069735 0.107407
3 0.441415 0.563974 0.069791 0.107557
3 0.438462 0.564865 0.069471 0.107140
3 0.431865 0.565733 0.069467 0.107116
3 0.424170 0.566381 0.068895 0.106397
3 0.415884 0.567746 0.068973 0.106472
3 0.408525 0.567863 0.068682 0.106176
3 0.399956 0.568977 0.068705 0.106185
3 0.395634 0.568534 0.069121 0.106727
3 0.388174 0.570827 0.068443 0.105987
3 0.382319 0.570907 0.067886 0.105329
3 0.375270 0.571280 0.067062 0.104254
3 0.371510 0.572842 0.067022 0.104197
3 0.364089 0.572815 0.066893 0.104082
3 0.357507 0.574657 0.066964 0.104271
3 0.350547 0.573540 0.066645 0.104012
3 0.344519 0.575212 0.066703 0.104149
3 0.341907 0.575803 0.066516 0.103811
3 0.335333 0.575915 0.066232 0.103486
3 0.329807 0.576861 0.066294 0.103683
3 0.326323 0.576718 0.066403 0.103832
3 0.322797 0.577671 0.066156 0.103529
3 0.320754 0.578266 0.066073 0.103619
3 0.320679 0.578386 0.066230 0.103800
3 0.319546 0.579752 0.066053 0.103515
3 0.319517 0.581298 0.065812 0.103243
3 0.320488 0.581554 0.065505 0.102777
3 0.322758 0.583734 0.065239 0.102477
3 0.325587 0.584361 0.065250 0.102624
3 0.329591 0.585954 0.065217 0.102503
3 0.334666 0.586587 0.065192 0.102586
3 0.340196 0.588410 0.065350 0.102799
3 0.346909 0.589104 0.065042 0.102419
3 0.351215 0.590174 0.065194 0.102637
3 0.359310 0.593040 0.064604 0.101828
3 0.368161 0.593895 0.064612 0.101871
3 0.372363 0.594975 0.064366 0.101548
3 0.381296 0.596152 0.064556 0.101908
3 0.389415 0.598968 0.063848 0.100971
3 0.396642 0.601035 0.063434 0.100512
3 0.400170 0.602759 0.063522 0.100613
3 0.409391 0.605551 0.063589 0.100823
3 0.416273 0.608445 0.063193 0.100212
3 0.418997 0.609387 0.063175 0.100223
3 0.426821 0.614334 0.063164 0.100184
3 0.431164 0.615040 0.063104 0.100163
3 0.434631 0.617286 0.063271 0.100372
3 0.436602 0.619020 0.063484 0.100658
3 0.442984 0.620652 0.063146 0.100206
3 0.447761 0.623506 0.062854 0.099886
3 0.449837 0.624415 0.062367 0.099241
3 0.454157 0.627744 0.062615 0.099577
3 0.459933 0.629610 0.062714 0.099756
3 0.463900 0.631032 0.062535 0.099574
3 0.468605 0.633857 0.062442 0.099520
3 0.470868 0.635034 0.062655 0.099801
3 0.475997 0.638002 0.062318 0.099344
3 0.482194 0.638897 0.062579 0.099780
3 0.484572 0.641383 0.062405 0.099570
3 0.487631 0.644912 0.062294 0.099500
3 0.488507 0.643697 0.062424 0.099622
3 0.489836 0.646231 0.062265 0.099413
3 0.491541 0.648832 0.061835 0.098911
3 0.493421 0.649765 0.061333 0.098190
3 0.494278 0.649327 0.061590 0.098524
3 0.494954 0.647954 0.061118 0.097914
3 0.495062 0.647999 0.061474 0.098425
3 0.496667 0.646503 0.061264 0.098174
3 0.497521 0.645825 0.060623 0.097356
3 0.498287 0.642558 0.060743 0.097519
3 0.498687 0.639831 0.060619 0.097316
3 0.501126 0.636328 0.060707 0.097498
3 0.503492 0.632757 0.060824 0.097656
3 0.503470 0.631168 0.060958 0.097886
3 0.505050 0.626729 0.060866 0.097781
3 0.508278 0.623815 0.060704 0.097615
3 0.509143 0.622490 0.060749 0.097673
3 0.509221 0.619670 0.060399 0.097200
3 0.511599 0.614496 0.060477 0.097322
3 0.512493 0.610163 0.060583 0.097503
3 0.513279 0.607277 0.060894 0.098003
3 0.515016 0.603494 0.060456 0.097450
3 0.517546 0.598458 0.060067 0.096858
3 0.517870 0.594337 0.059537 0.096201
3 0.518377 0.592929 0.059267 0.095826
3 0.522317 0.585735 0.059486 0.096121
3 0.523533 0.580421 0.059391 0.095932
3 0.524334 0.577480 0.059190 0.095785
3 0.526541 0.573480 0.059200 0.095698
3 0.527018 0.572347 0.059264 0.095845
3 0.528000 0.569340 0.059411 0.096064
3 0.530869 0.565422 0.059036 0.095629
3 0.531637 0.562561 0.058612 0.095017
3 0.531873 0.559615 0.057998 0.094272
3 0.534993 0.557910 0.057767 0.093944
3 0.537105 0.556176 0.057334 0.093323
3 0.537854 0.553695 0.057350 0.093257
3 0.539776 0.551177 0.056658 0.092394
3 0.541710 0.549258 0.055281 0.090455
3 0.543217 0.547153 0.053971 0.088685
3 0.544147 0.545775 0.051591 0.085506
3 0.545755 0.543407 0.049635 0.083081
3 0.547046 0.541181 0.046331 0.078899
3 0.548514 0.539282 0.044220 0.076196
3 0.550000 0.537109 0.037500 0.066406
3 0.546875 0.536133 0.043750 0.064453
3 0.553906 0.533203 0.035937 0.054688
3 0.555469 0.531250 0.032813 0.054688
3 0.554688 0.533203 0.034375 0.058594
3 0.556250 0.530273 0.037500 0.052734
3 0.558594 0.530273 0.032813 0.041016
3 0.562500 0.526367 0.034375 0.048828
3 0.568750 0.525391 0.031250 0.054688
3 0.564844 0.528320 0.029687 0.048828
3 0.562500 0.523438 0.034375 0.046875
3 0.566406 0.525391 0.035937 0.050781
3 0.567969 0.523438 0.035937 0.058594
3 0.573438 0.520508 0.031250 0.052734
3 0.568750 0.522461 0.040625 0.064453
3 0.579687 0.522461 0.040625 0.048828
3 0.578125 0.522461 0.034375 0.041016
3 0.581250 0.523438 0.040625 0.054688
3 0.579687 0.524414 0.040625 0.052734
3 0.580469 0.517578 0.039062 0.058594
3 0.580469 0.520508 0.042188 0.052734
3 0.585156 0.521484 0.045312 0.058594
3 0.591406 0.530273 0.048438 0.052734
3 0.592187 0.524414 0.040625 0.048828
3 0.593750 0.524414 0.046875 0.052734
3 0.596094 0.523438 0.045312 0.050781
3 0.596875 0.527344 0.034375 0.054688
3 0.596875 0.524414 0.034375 0.041016
3 0.596875 0.521484 0.040625 0.054688
3 0.599219 0.529297 0.029687 0.042969
3 0.600781 0.524414 0.039062 0.048828
3 0.607031 0.525391 0.032813 0.050781
3 0.608594 0.528320 0.029687 0.048828
3 0.608594 0.529297 0.026562 0.039062
3 0.610938 0.524414 0.031250 0.048828
3 0.614062 0.526367 0.031250 0.048828
3 0.615625 0.530273 0.031250 0.052734
3 0.616406 0.527344 0.029687 0.046875
3 0.621094 0.531250 0.029687 0.050781
3 0.619531 0.529297 0.032813 0.054688
3 0.623437 0.531250 0.034375 0.050781
3 0.623691 0.540367 0.043552 0.056277
3 0.625880 0.540541 0.042721 0.055288
3 0.628044 0.541819 0.039883 0.051782
3 0.630009 0.542646 0.040175 0.052180
3 0.632310 0.542530 0.041015 0.053232
3 0.633566 0.544569 0.039737 0.051644
3 0.637491 0.545081 0.039801 0.051708
3 0.640585 0.547039 0.040070 0.052044
3 0.642562 0.547080 0.039718 0.051578
3 0.642601 0.548601 0.040127 0.052127
3 0.644860 0.549620 0.040266 0.052245
3 0.648009 0.550221 0.041897 0.054307
3 0.650200 0.552336 0.040208 0.052248
3 0.651498 0.553028 0.040333 0.052350
3 0.655066 0.554710 0.039588 0.051427
3 0.656730 0.555002 0.038561 0.050126
3 0.659457 0.555910 0.040675 0.052810
3 0.662683 0.558240 0.040243 0.052263
3 0.665075 0.558802 0.039816 0.051665
3 0.666832 0.560346 0.042199 0.054617
3 0.670386 0.562303 0.040849 0.052995
3 0.671537 0.562273 0.041855 0.054201
3 0.673026 0.563692 0.041115 0.053304
3 0.675441 0.565046 0.038219 0.049660
3 0.675967 0.565299 0.039036 0.050682
3 0.678506 0.566423 0.038928 0.050583
3 0.679342 0.566588 0.040628 0.052644
3 0.681738 0.567897 0.039318 0.051094
3 0.684154 0.568990 0.040464 0.052428
3 0.686925 0.571047 0.039137 0.050787
3 0.688480 0.571364 0.039747 0.051571
3 0.688304 0.571897 0.039410 0.051188
3 0.691046 0.572192 0.038808 0.050439
3 0.693021 0.573710 0.039751 0.051627
3 0.692994 0.574596 0.038431 0.049938
3 0.694520 0.575297 0.038871 0.050522
3 0.695101 0.576589 0.040407 0.052384
3 0.695138 0.575611 0.041686 0.054072
3 0.693806 0.577316 0.040384 0.052477
3 0.693071 0.578025 0.039833 0.051766
3 0.693001 0.577975 0.039945 0.051898
3 0.686755 0.578496 0.039384 0.051148
3 0.683684 0.578800 0.039214 0.050951
3 0.680574 0.579812 0.039746 0.051654
3 0.672743 0.581338 0.039603 0.051482
3 0.662207 0.579901 0.041305 0.053543
3 0.660072 0.580471 0.039075 0.050773
3 0.652982 0.582343 0.040733 0.052850
3 0.643277 0.582015 0.041568 0.053883
3 0.631223 0.582937 0.040789 0.052963
3 0.620712 0.584929 0.040104 0.052090
3 0.606762 0.585009 0.040163 0.052140
3 0.589822 0.584532 0.039145 0.050844
3 0.581238 0.585717 0.040314 0.052357
3 0.565184 0.587645 0.040730 0.052839
3 0.547118 0.587285 0.039848 0.051771
3 0.530697 0.587540 0.040210 0.052214
3 0.514349 0.588405 0.038932 0.050559
3 0.505780 0.588419 0.039450 0.051208
3 0.488610 0.587893 0.040539 0.052591
3 0.473444 0.589539 0.040600 0.052722
3 0.457470 0.589002 0.040805 0.052933
3 0.444230 0.589213 0.040136 0.052134
3 0.439657 0.589421 0.040064 0.052047
3 0.430558 0.589525 0.039963 0.051919
3 0.418116 0.589861 0.039430 0.051230
3 0.407176 0.589846 0.039483 0.051284
3 0.393559 0.590467 0.040352 0.052334
3 0.377603 0.589423 0.040696 0.052805
3 0.361585 0.589082 0.039565 0.051397
3 0.350682 0.588452 0.038866 0.050494
3 0.322577 0.586980 0.039413 0.051206
3 0.292969 0.587891 0.039062 0.050781
