3 0.223964 0.568571 0.213177 0.180088
3 0.234742 0.568766 0.213926 0.181229
3 0.240070 0.569086 0.214250 0.181447
3 0.250064 0.568910 0.213914 0.181264
3 0.254834 0.567821 0.214211 0.181745
3 0.264675 0.568247 0.214630 0.182237
3 0.275054 0.567353 0.214687 0.182080
3 0.280058 0.567243 0.215224 0.182862
3 0.290843 0.568572 0.215460 0.182973
3 0.301798 0.568625 0.215545 0.183076
3 0.305679 0.568329 0.215611 0.182974
3 0.314938 0.568512 0.215710 0.183133
3 0.319108 0.568106 0.215932 0.183224
3 0.327913 0.569840 0.215597 0.182477
3 0.331901 0.569940 0.216018 0.182948
3 0.340569 0.570303 0.216116 0.182975
3 0.345589 0.570776 0.216216 0.182955
3 0.355737 0.572247 0.216288 0.182899
3 0.364679 0.573579 0.216755 0.183217
3 0.369377 0.573033 0.216945 0.183354
3 0.379208 0.574030 0.217690 0.184125
3 0.388659 0.573998 0.218148 0.184413
3 0.392695 0.574414 0.218507 0.184928
3 0.401924 0.573831 0.219256 0.185858
3 0.406708 0.573589 0.219708 0.186231
3 0.414949 0.573035 0.219933 0.186310
3 0.423646 0.572233 0.220584 0.187161
3 0.431880 0.571043 0.220856 0.187111
3 0.436016 0.570835 0.220593 0.186937
3 0.444180 0.568612 0.221048 0.187195
3 0.453129 0.567147 0.221273 0.187702
3 0.456864 0.566040 0.222252 0.188531
3 0.464886 0.563965 0.222421 0.188682
3 0.471979 0.561451 0.222911 0.188892
3 0.474933 0.560491 0.222654 0.188410
3 0.480360 0.558131 0.223334 0.189283
3 0.483539 0.554616 0.223111 0.188615
3 0.485933 0.553388 0.223785 0.189228
3 0.490203 0.549558 0.224061 0.189485
3 0.491179 0.548956 0.224365 0.189787
3 0.495132 0.545534 0.224697 0.190097
3 0.497809 0.543154 0.225569 0.191083
3 0.500903 0.538726 0.226044 0.191887
3 0.504264 0.535715 0.226670 0.192519
3 0.508966 0.531736 0.226939 0.192810
3 0.509396 0.525856 0.227665 0.193813
3 0.509250 0.522972 0.228378 0.194689
3 0.497905 0.515267 0.229287 0.196394
3 0.447969 0.489691 0.230405 0.197611
3 0.426023 0.483374 0.231517 0.198713
3 0.402505 0.479609 0.232945 0.200455
3 0.394940 0.480043 0.232997 0.200548
3 0.376263 0.477305 0.234771 0.203178
3 0.356098 0.473620 0.236039 0.204860
3 0.347367 0.471148 0.237271 0.206655
3 0.321418 0.462833 0.238935 0.209235
3 0.312569 0.460209 0.240031 0.210537
3 0.297289 0.453828 0.241265 0.212257
3 0.282464 0.446943 0.242181 0.213773
3 0.273985 0.441800 0.243046 0.215006
3 0.257494 0.436795 0.244844 0.217484
3 0.248672 0.431728 0.246202 0.219431
3 0.230208 0.425391 0.248258 0.222481
3 0.223282 0.421745 0.248413 0.222712
3 0.213246 0.418421 0.249624 0.224150
3 0.208333 0.413118 0.250453 0.225312
3 0.203486 0.408233 0.251264 0.226352
3 0.202883 0.404863 0.252089 0.227554
3 0.202913 0.403014 0.251892 0.227153
3 0.203557 0.401331 0.252277 0.227564
3 0.205201 0.397395 0.252423 0.227767
3 0.206407 0.395868 0.252631 0.227739
3 0.209069 0.393851 0.253076 0.228176
3 0.210325 0.393002 0.252512 0.227428
3 0.211270 0.389873 0.253400 0.228460
3 0.212563 0.385525 0.254067 0.229469
3 0.215035 0.384498 0.253606 0.228884
3 0.216450 0.382150 0.254663 0.230273
3 0.219944 0.379383 0.254493 0.229929
3 0.222457 0.378067 0.254996 0.230626
3 0.227207 0.375814 0.254906 0.230534
3 0.230244 0.374182 0.255256 0.230774
3 0.235782 0.370803 0.255611 0.231406
3 0.242202 0.368791 0.255804 0.231472
3 0.247654 0.365255 0.256318 0.232475
3 0.249795 0.364937 0.256437 0.232486
3 0.255585 0.361642 0.256225 0.232381
3 0.258371 0.360650 0.256287 0.232418
3 0.263604 0.358557 0.256234 0.232324
3 0.267973 0.355598 0.256906 0.233415
3 0.271365 0.354052 0.256631 0.233145
3 0.278811 0.353111 0.256912 0.233503
3 0.285077 0.350366 0.257629 0.234811
3 0.287443 0.349735 0.256743 0.233738
3 0.294804 0.346247 0.257258 0.234455
3 0.303568 0.345347 0.256919 0.234327
3 0.307602 0.343689 0.257027 0.234489
3 0.313623 0.342479 0.257015 0.234736
3 0.321633 0.339697 0.257314 0.235326
3 0.330589 0.338196 0.257185 0.235343
3 0.334639 0.338116 0.257057 0.235387
3 0.342482 0.335156 0.257413 0.236140
3 0.346823 0.333346 0.257798 0.236775
3 0.354740 0.332423 0.258016 0.237215
3 0.358012 0.331016 0.257699 0.237213
3 0.363945 0.329564 0.257318 0.236967
3 0.370594 0.327674 0.258057 0.238316
3 0.373801 0.326006 0.257824 0.238123
3 0.378955 0.324606 0.259140 0.240310
3 0.381565 0.323400 0.258155 0.239136
3 0.388873 0.320889 0.258328 0.239539
3 0.392560 0.320266 0.258916 0.240420
3 0.398785 0.319083 0.259596 0.241852
3 0.404132 0.315466 0.259930 0.242626
3 0.407828 0.315157 0.259597 0.242293
3 0.415572 0.312983 0.259492 0.242475
3 0.418273 0.312542 0.260149 0.243701
3 0.422255 0.309759 0.260267 0.244222
3 0.428449 0.308061 0.260836 0.245342
3 0.431952 0.307144 0.260086 0.244515
3 0.436781 0.305654 0.260410 0.245219
3 0.441541 0.304035 0.261518 0.247121
3 0.444763 0.302744 0.260766 0.246180
3 0.451139 0.302756 0.261361 0.247301
3 0.453439 0.302029 0.261814 0.248074
3 0.458451 0.298801 0.261612 0.247954
3 0.464205 0.297638 0.261743 0.248589
3 0.466128 0.296259 0.262114 0.249111
3 0.470501 0.297520 0.262151 0.249608
3 0.476002 0.296749 0.262564 0.250382
3 0.482000 0.296151 0.262783 0.251163
3 0.484335 0.296468 0.262951 0.251376
3 0.486629 0.295979 0.262887 0.251540
3 0.491078 0.295057 0.262764 0.251764
3 0.495814 0.294525 0.262857 0.252137
3 0.501303 0.296516 0.262852 0.252294
3 0.503576 0.294936 0.262851 0.252190
3 0.509186 0.295426 0.262887 0.252470
3 0.512061 0.296818 0.263207 0.253053
3 0.515490 0.298784 0.263175 0.253421
3 0.518733 0.298842 0.263571 0.254225
3 0.522828 0.301345 0.263323 0.254018
3 0.525192 0.302743 0.263778 0.254804
3 0.526796 0.304913 0.264288 0.255846
3 0.527876 0.304729 0.264257 0.256064
3 0.531052 0.309721 0.264358 0.256511
3 0.533312 0.315498 0.264563 0.257293
3 0.534139 0.317315 0.264644 0.257394
3 0.537678 0.324083 0.264942 0.258230
3 0.540019 0.327478 0.264731 0.257915
3 0.543326 0.336638 0.264806 0.258511
3 0.545707 0.343169 0.265343 0.259659
3 0.547204 0.348507 0.265826 0.260499
3 0.550844 0.355559 0.265872 0.260918
3 0.554289 0.365270 0.265638 0.261108
3 0.555804 0.368984 0.265989 0.261619
3 0.560758 0.375005 0.265809 0.261866
3 0.564370 0.384557 0.266282 0.263135
3 0.566690 0.390746 0.266602 0.264317
3 0.568159 0.393681 0.266675 0.264691
3 0.573503 0.399805 0.266840 0.265394
3 0.577821 0.408062 0.266939 0.266114
3 0.578161 0.410574 0.267008 0.266241
3 0.581463 0.414888 0.267195 0.266845
3 0.583617 0.417310 0.267751 0.267840
3 0.586787 0.421643 0.267842 0.268300
3 0.588143 0.423917 0.267915 0.268733
3 0.592045 0.427311 0.268048 0.269143
3 0.595541 0.431580 0.269417 0.271934
3 0.597165 0.436572 0.270215 0.273590
3 0.600843 0.439974 0.269605 0.273268
3 0.603558 0.441544 0.270708 0.274967
3 0.605852 0.447451 0.270337 0.275348
3 0.606962 0.449277 0.270540 0.275419
3 0.610968 0.454510 0.270184 0.275259
3 0.613753 0.454687 0.270722 0.276101
3 0.617201 0.460585 0.271368 0.277767
3 0.620804 0.465683 0.271688 0.278398
3 0.623580 0.467996 0.273369 0.281649
3 0.628352 0.472975 0.274584 0.283683
3 0.633324 0.476421 0.275381 0.285670
3 0.635108 0.477908 0.274854 0.284828
3 0.640536 0.480971 0.275060 0.285637
3 0.646596 0.485484 0.274421 0.285141
3 0.651286 0.489505 0.274378 0.285593
3 0.654480 0.490971 0.274449 0.285963
3 0.664250 0.493333 0.274425 0.286500
3 0.673690 0.496854 0.274652 0.287383
3 0.677090 0.499152 0.274930 0.287727
3 0.685740 0.501695 0.274495 0.287290
3 0.692085 0.502446 0.274524 0.287739
3 0.702732 0.502850 0.274115 0.287545
3 0.706436 0.506091 0.273818 0.287000
3 0.716501 0.508853 0.273757 0.286816
3 0.723352 0.509272 0.273703 0.287078
3 0.734690 0.510239 0.273800 0.287400
3 0.739319 0.513288 0.274490 0.288288
3 0.750024 0.512805 0.274298 0.288153
3 0.757845 0.515961 0.273477 0.287246
3 0.760634 0.517606 0.273974 0.288460
3 0.762539 0.518865 0.273129 0.287414
3 0.766011 0.518503 0.272609 0.286582
3 0.767801 0.519470 0.271948 0.285589
3 0.769797 0.522074 0.272378 0.286848
3 0.769829 0.521455 0.271697 0.286051
3 0.770607 0.521941 0.271852 0.286676
3 0.771307 0.522442 0.271282 0.285933
3 0.771503 0.522999 0.270930 0.285904
3 0.770716 0.522031 0.270826 0.285779
3 0.768382 0.520142 0.270313 0.285442
3 0.766359 0.518490 0.269844 0.284891
3 0.758964 0.516486 0.269792 0.285563
3 0.751594 0.513561 0.269283 0.285204
3 0.732310 0.501772 0.269222 0.285091
3 0.727281 0.503299 0.266838 0.281872
3 0.721741 0.500765 0.267219 0.283570
3 0.711726 0.496081 0.266765 0.283240
3 0.703589 0.491167 0.267059 0.284190
3 0.700160 0.488518 0.266148 0.282751
3 0.693712 0.484303 0.266250 0.283392
3 0.690726 0.481907 0.265681 0.282830
3 0.686285 0.478238 0.265275 0.282547
3 0.680314 0.474951 0.264612 0.281931
3 0.676464 0.473519 0.264932 0.282848
3 0.668530 0.471384 0.264049 0.281905
3 0.660591 0.468613 0.264095 0.282211
3 0.656703 0.466898 0.264395 0.282396
3 0.648398 0.465334 0.264277 0.282803
3 0.644238 0.463597 0.263653 0.282387
3 0.636112 0.462109 0.263703 0.282688
3 0.629023 0.460193 0.263044 0.281881
3 0.626125 0.458560 0.262694 0.281761
3 0.622258 0.457214 0.261988 0.280706
3 0.620347 0.457143 0.261814 0.280783
3 0.615549 0.454110 0.260515 0.279266
3 0.611166 0.453806 0.260547 0.279637
3 0.609775 0.452711 0.260163 0.279396
3 0.605054 0.453754 0.259899 0.279273
3 0.602110 0.452146 0.259373 0.279127
3 0.597621 0.450985 0.258722 0.278556
3 0.596003 0.450098 0.259060 0.278802
3 0.593170 0.450285 0.258249 0.277946
3 0.591428 0.449337 0.258056 0.278113
3 0.590558 0.447863 0.257679 0.277574
3 0.589354 0.449144 0.256532 0.276765
3 0.587900 0.449346 0.257108 0.277074
3 0.585680 0.448506 0.256711 0.276744
3 0.585745 0.447447 0.254199 0.274287
3 0.585625 0.448541 0.253385 0.273959
3 0.584891 0.449395 0.253109 0.273544
3 0.581795 0.450445 0.253418 0.274240
3 0.579722 0.448968 0.252479 0.273159
3 0.580441 0.448922 0.252595 0.273754
3 0.579405 0.451408 0.251577 0.272730
3 0.577039 0.451735 0.251980 0.273512
3 0.573860 0.451373 0.250354 0.271311
3 0.572801 0.451656 0.250113 0.271174
3 0.571160 0.451382 0.249267 0.270015
3 0.566072 0.452796 0.248170 0.269018
3 0.564492 0.452189 0.247074 0.267802
3 0.562993 0.454709 0.247273 0.268170
3 0.560969 0.454070 0.246831 0.267711
3 0.558277 0.453715 0.245554 0.266105
3 0.556228 0.454642 0.245421 0.265745
3 0.554701 0.456642 0.243953 0.263868
3 0.553203 0.456143 0.244377 0.264731
3 0.549670 0.455912 0.243317 0.263307
3 0.547893 0.457762 0.243147 0.263143
3 0.547220 0.457808 0.242879 0.262712
3 0.544323 0.457756 0.242329 0.262330
3 0.543200 0.457777 0.241823 0.261651
3 0.541343 0.458988 0.241386 0.261311
3 0.538880 0.460028 0.240983 0.260894
3 0.536875 0.459135 0.240627 0.260280
3 0.536991 0.458275 0.240050 0.259656
3 0.536650 0.461165 0.239546 0.259075
3 0.537035 0.460017 0.239388 0.258954
3 0.536676 0.460275 0.238461 0.258243
3 0.537242 0.460203 0.238160 0.258013
3 0.540797 0.462346 0.237389 0.256846
3 0.542403 0.462000 0.237394 0.257273
3 0.543838 0.461699 0.236711 0.256154
3 0.548453 0.463369 0.236966 0.256416
3 0.550897 0.463643 0.235895 0.255354
3 0.554584 0.463586 0.235655 0.255356
3 0.556189 0.463808 0.234659 0.254097
3 0.561353 0.463403 0.235615 0.255161
3 0.564417 0.464396 0.235461 0.255077
3 0.569492 0.464160 0.235958 0.255902
3 0.574272 0.464681 0.234637 0.253926
3 0.579504 0.465637 0.234121 0.252954
3 0.584856 0.465677 0.233931 0.252376
3 0.587176 0.465978 0.232173 0.250265
3 0.590166 0.466687 0.232355 0.250322
3 0.591478 0.467401 0.232424 0.250415
3 0.595860 0.467154 0.232717 0.250595
3 0.597656 0.467796 0.231019 0.248259
3 0.600889 0.467576 0.231805 0.249446
3 0.603019 0.468946 0.229969 0.246980
3 0.606569 0.468608 0.229588 0.246255
3 0.607263 0.468022 0.230550 0.247344
