3 0.368750 0.554688 0.225000 0.203125
3 0.368428 0.553596 0.223438 0.203010
3 0.368107 0.552505 0.221875 0.202895
3 0.367785 0.551413 0.220313 0.202780
3 0.367463 0.550322 0.218750 0.202665
3 0.367142 0.549230 0.217188 0.202551
3 0.366820 0.548139 0.215625 0.202436
3 0.366498 0.547047 0.214063 0.202321
3 0.366176 0.545956 0.212500 0.202206
3 0.365855 0.544864 0.210938 0.202091
3 0.365533 0.543773 0.209375 0.201976
3 0.365211 0.542682 0.207813 0.201861
3 0.364890 0.541590 0.206250 0.201746
3 0.364568 0.540499 0.204688 0.201631
3 0.364246 0.539407 0.203125 0.201517
3 0.363925 0.538316 0.201563 0.201402
3 0.363603 0.537224 0.200000 0.201287
3 0.363281 0.536133 0.198437 0.201172
3 0.362956 0.536784 0.199349 0.200195
3 0.362630 0.537435 0.200260 0.199219
3 0.362305 0.538086 0.201172 0.198242
3 0.361979 0.538737 0.202083 0.197266
3 0.361654 0.539388 0.202995 0.196289
3 0.361328 0.540039 0.203906 0.195312
3 0.361003 0.540690 0.204818 0.194336
3 0.360677 0.541341 0.205729 0.193359
3 0.360352 0.541992 0.206641 0.192383
3 0.360026 0.542643 0.207552 0.191406
3 0.359701 0.543294 0.208464 0.190430
3 0.359375 0.543945 0.209375 0.189453
3 0.359943 0.545455 0.209091 0.188920
3 0.360511 0.546964 0.208807 0.188388
3 0.361080 0.548473 0.208523 0.187855
3 0.361648 0.549982 0.208239 0.187322
3 0.362216 0.551491 0.207955 0.186790
3 0.362784 0.553001 0.207670 0.186257
3 0.363352 0.554510 0.207386 0.185724
3 0.363920 0.556019 0.207102 0.185192
3 0.364489 0.557528 0.206818 0.184659
3 0.365057 0.559038 0.206534 0.184126
3 0.365625 0.560547 0.206250 0.183594
3 0.366587 0.561523 0.206010 0.183444
3 0.367548 0.562500 0.205769 0.183293
3 0.368510 0.563477 0.205529 0.183143
3 0.369471 0.564453 0.205288 0.182993
3 0.370433 0.565430 0.205048 0.182843
3 0.371394 0.566406 0.204808 0.182692
3 0.372356 0.567383 0.204567 0.182542
3 0.373317 0.568359 0.204327 0.182392
3 0.374279 0.569336 0.204087 0.182242
3 0.375240 0.570312 0.203846 0.182091
3 0.376202 0.571289 0.203606 0.181941
3 0.377163 0.572266 0.203365 0.181791
3 0.378125 0.573242 0.203125 0.181641
3 0.381055 0.573812 0.201432 0.181803
3 0.383984 0.574382 0.199740 0.181966
3 0.386914 0.574951 0.198047 0.182129
3 0.389844 0.575521 0.196354 0.182292
3 0.392773 0.576090 0.194661 0.182454
3 0.395703 0.576660 0.192969 0.182617
3 0.398633 0.577230 0.191276 0.182780
3 0.401563 0.577799 0.189583 0.182943
3 0.404492 0.578369 0.187891 0.183105
3 0.407422 0.578939 0.186198 0.183268
3 0.410352 0.579508 0.184505 0.183431
3 0.413281 0.580078 0.182812 0.183594
3 0.411875 0.580664 0.183750 0.183984
3 0.410469 0.581250 0.184688 0.184375
3 0.409062 0.581836 0.185625 0.184766
3 0.407656 0.582422 0.186563 0.185156
3 0.406250 0.583008 0.187500 0.185547
3 0.404844 0.583594 0.188438 0.185938
3 0.403437 0.584180 0.189375 0.186328
3 0.402031 0.584766 0.190313 0.186719
3 0.400625 0.585352 0.191250 0.187109
3 0.399219 0.585938 0.192188 0.187500
3 0.395853 0.586914 0.191707 0.185847
3 0.392488 0.587891 0.191226 0.184195
3 0.389123 0.588867 0.190745 0.182542
3 0.385757 0.589844 0.190264 0.180889
3 0.382392 0.590820 0.189784 0.179237
3 0.379026 0.591797 0.189303 0.177584
3 0.375661 0.592773 0.188822 0.175931
3 0.372296 0.593750 0.188341 0.174279
3 0.368930 0.594727 0.187861 0.172626
3 0.365565 0.595703 0.187380 0.170974
3 0.362200 0.596680 0.186899 0.169321
3 0.358834 0.597656 0.186418 0.167668
3 0.355469 0.598633 0.185938 0.166016
3 0.354447 0.598182 0.186298 0.166316
3 0.353425 0.597731 0.186659 0.166617
3 0.352404 0.597281 0.187019 0.166917
3 0.351382 0.596830 0.187380 0.167218
3 0.350361 0.596379 0.187740 0.167518
3 0.349339 0.595928 0.188101 0.167819
3 0.348317 0.595478 0.188462 0.168119
3 0.347296 0.595027 0.188822 0.168419
3 0.346274 0.594576 0.189183 0.168720
3 0.345252 0.594126 0.189543 0.169020
3 0.344231 0.593675 0.189904 0.169321
3 0.343209 0.593224 0.190264 0.169621
3 0.342187 0.592773 0.190625 0.169922
3 0.342969 0.591974 0.189631 0.169744
3 0.343750 0.591175 0.188636 0.169567
3 0.344531 0.590376 0.187642 0.169389
3 0.345313 0.589577 0.186648 0.169212
3 0.346094 0.588778 0.185653 0.169034
3 0.346875 0.587979 0.184659 0.168857
3 0.347656 0.587180 0.183665 0.168679
3 0.348438 0.586381 0.182670 0.168501
3 0.349219 0.585582 0.181676 0.168324
3 0.350000 0.584783 0.180682 0.168146
3 0.350781 0.583984 0.179688 0.167969
3 0.350260 0.582845 0.178906 0.167318
3 0.349740 0.581706 0.178125 0.166667
3 0.349219 0.580566 0.177344 0.166016
3 0.348698 0.579427 0.176562 0.165365
3 0.348177 0.578288 0.175781 0.164714
3 0.347656 0.577148 0.175000 0.164062
3 0.347135 0.576009 0.174219 0.163411
3 0.346615 0.574870 0.173437 0.162760
3 0.346094 0.573730 0.172656 0.162109
3 0.345573 0.572591 0.171875 0.161458
3 0.345052 0.571452 0.171094 0.160807
3 0.344531 0.570312 0.170313 0.160156
3 0.344420 0.571847 0.169196 0.159877
3 0.344308 0.573382 0.168080 0.159598
3 0.344196 0.574916 0.166964 0.159319
3 0.344085 0.576451 0.165848 0.159040
3 0.343973 0.577985 0.164732 0.158761
3 0.343862 0.579520 0.163616 0.158482
3 0.343750 0.581055 0.162500 0.158203
3 0.343638 0.582589 0.161384 0.157924
3 0.343527 0.584124 0.160268 0.157645
3 0.343415 0.585658 0.159152 0.157366
3 0.343304 0.587193 0.158036 0.157087
3 0.343192 0.588728 0.156920 0.156808
3 0.343080 0.590262 0.155804 0.156529
3 0.342969 0.591797 0.154688 0.156250
3 0.343382 0.593176 0.153309 0.155331
3 0.343796 0.594554 0.151930 0.154412
3 0.344210 0.595933 0.150551 0.153493
3 0.344623 0.597312 0.149173 0.152574
3 0.345037 0.598690 0.147794 0.151654
3 0.345450 0.600069 0.146415 0.150735
3 0.345864 0.601448 0.145037 0.149816
3 0.346278 0.602826 0.143658 0.148897
3 0.346691 0.604205 0.142279 0.147978
3 0.347105 0.605584 0.140901 0.147059
3 0.347518 0.606962 0.139522 0.146140
3 0.347932 0.608341 0.138143 0.145221
3 0.348346 0.609720 0.136765 0.144301
3 0.348759 0.611098 0.135386 0.143382
3 0.349173 0.612477 0.134007 0.142463
3 0.349586 0.613856 0.132629 0.141544
3 0.350000 0.615234 0.131250 0.140625
3 0.350625 0.615365 0.131042 0.139323
3 0.351250 0.615495 0.130833 0.138021
3 0.351875 0.615625 0.130625 0.136719
3 0.352500 0.615755 0.130417 0.135417
3 0.353125 0.615885 0.130208 0.134115
3 0.353750 0.616016 0.130000 0.132812
3 0.354375 0.616146 0.129792 0.131510
3 0.355000 0.616276 0.129583 0.130208
3 0.355625 0.616406 0.129375 0.128906
3 0.356250 0.616536 0.129167 0.127604
3 0.356875 0.616667 0.128958 0.126302
3 0.357500 0.616797 0.128750 0.125000
3 0.358125 0.616927 0.128542 0.123698
3 0.358750 0.617057 0.128333 0.122396
3 0.359375 0.617188 0.128125 0.121094
3 0.359245 0.618571 0.126562 0.120931
3 0.359115 0.619954 0.125000 0.120768
3 0.358984 0.621338 0.123437 0.120605
3 0.358854 0.622721 0.121875 0.120443
3 0.358724 0.624105 0.120312 0.120280
3 0.358594 0.625488 0.118750 0.120117
3 0.358464 0.626872 0.117187 0.119954
3 0.358333 0.628255 0.115625 0.119792
3 0.358203 0.629639 0.114062 0.119629
3 0.358073 0.631022 0.112500 0.119466
3 0.357943 0.632406 0.110937 0.119303
3 0.357812 0.633789 0.109375 0.119141
3 0.357757 0.634277 0.109263 0.118443
3 0.357701 0.634766 0.109152 0.117746
3 0.357645 0.635254 0.109040 0.117048
3 0.357589 0.635742 0.108929 0.116350
3 0.357533 0.636230 0.108817 0.115653
3 0.357478 0.636719 0.108705 0.114955
3 0.357422 0.637207 0.108594 0.114258
3 0.357366 0.637695 0.108482 0.113560
3 0.357310 0.638184 0.108371 0.112863
3 0.357254 0.638672 0.108259 0.112165
3 0.357199 0.639160 0.108147 0.111468
3 0.357143 0.639648 0.108036 0.110770
3 0.357087 0.640137 0.107924 0.110073
3 0.357031 0.640625 0.107813 0.109375
3 0.356696 0.641323 0.107143 0.108538
3 0.356362 0.642020 0.106473 0.107701
3 0.356027 0.642718 0.105804 0.106864
3 0.355692 0.643415 0.105134 0.106027
3 0.355357 0.644113 0.104464 0.105190
3 0.355022 0.644810 0.103795 0.104353
3 0.354687 0.645508 0.103125 0.103516
3 0.354353 0.646205 0.102455 0.102679
3 0.354018 0.646903 0.101786 0.101842
3 0.353683 0.647600 0.101116 0.101004
3 0.353348 0.648298 0.100446 0.100167
3 0.353013 0.648996 0.099777 0.099330
3 0.352679 0.649693 0.099107 0.098493
3 0.352344 0.650391 0.098437 0.097656
3 0.352273 0.651278 0.098295 0.098722
3 0.352202 0.652166 0.098153 0.099787
3 0.352131 0.653054 0.098011 0.100852
3 0.352060 0.653942 0.097869 0.101918
3 0.351989 0.654830 0.097727 0.102983
3 0.351918 0.655717 0.097585 0.104048
3 0.351847 0.656605 0.097443 0.105114
3 0.351776 0.657493 0.097301 0.106179
3 0.351705 0.658381 0.097159 0.107244
3 0.351634 0.659268 0.097017 0.108310
3 0.351562 0.660156 0.096875 0.109375
3 0.351983 0.661884 0.096995 0.107722
3 0.352404 0.663612 0.097115 0.106070
3 0.352825 0.665340 0.097236 0.104417
3 0.353245 0.667067 0.097356 0.102764
3 0.353666 0.668795 0.097476 0.101112
3 0.354087 0.670523 0.097596 0.099459
3 0.354507 0.672251 0.097716 0.097806
3 0.354928 0.673978 0.097837 0.096154
3 0.355349 0.675706 0.097957 0.094501
3 0.355769 0.677434 0.098077 0.092849
3 0.356190 0.679162 0.098197 0.091196
3 0.356611 0.680889 0.098317 0.089543
3 0.357031 0.682617 0.098437 0.087891
3 0.357266 0.683496 0.098281 0.088477
3 0.357500 0.684375 0.098125 0.089062
3 0.357734 0.685254 0.097969 0.089648
3 0.357969 0.686133 0.097813 0.090234
3 0.358203 0.687012 0.097656 0.090820
3 0.358437 0.687891 0.097500 0.091406
3 0.358672 0.688770 0.097344 0.091992
3 0.358906 0.689648 0.097188 0.092578
3 0.359141 0.690527 0.097031 0.093164
3 0.359375 0.691406 0.096875 0.093750
3 0.359233 0.690874 0.097443 0.093395
3 0.359091 0.690341 0.098011 0.093040
3 0.358949 0.689808 0.098580 0.092685
3 0.358807 0.689276 0.099148 0.092330
3 0.358665 0.688743 0.099716 0.091974
3 0.358523 0.688210 0.100284 0.091619
3 0.358381 0.687678 0.100852 0.091264
3 0.358239 0.687145 0.101420 0.090909
3 0.358097 0.686612 0.101989 0.090554
3 0.357955 0.686080 0.102557 0.090199
3 0.357813 0.685547 0.103125 0.089844
3 0.357595 0.685493 0.102170 0.089735
3 0.357378 0.685438 0.101215 0.089627
3 0.357161 0.685384 0.100260 0.089518
3 0.356944 0.685330 0.099306 0.089410
3 0.356727 0.685276 0.098351 0.089301
3 0.356510 0.685221 0.097396 0.089193
3 0.356293 0.685167 0.096441 0.089084
3 0.356076 0.685113 0.095486 0.088976
3 0.355859 0.685059 0.094531 0.088867
3 0.355642 0.685004 0.093576 0.088759
3 0.355425 0.684950 0.092622 0.088650
3 0.355208 0.684896 0.091667 0.088542
3 0.354991 0.684842 0.090712 0.088433
3 0.354774 0.684787 0.089757 0.088325
3 0.354557 0.684733 0.088802 0.088216
3 0.354340 0.684679 0.087847 0.088108
3 0.354123 0.684625 0.086892 0.087999
3 0.353906 0.684570 0.085938 0.087891
3 0.353819 0.683757 0.085590 0.087131
3 0.353733 0.682943 0.085243 0.086372
3 0.353646 0.682129 0.084896 0.085612
3 0.353559 0.681315 0.084549 0.084852
3 0.353472 0.680501 0.084201 0.084093
3 0.353385 0.679687 0.083854 0.083333
3 0.353299 0.678874 0.083507 0.082574
3 0.353212 0.678060 0.083160 0.081814
3 0.353125 0.677246 0.082812 0.081055
3 0.353038 0.676432 0.082465 0.080295
3 0.352951 0.675618 0.082118 0.079536
3 0.352865 0.674805 0.081771 0.078776
3 0.352778 0.673991 0.081424 0.078016
3 0.352691 0.673177 0.081076 0.077257
3 0.352604 0.672363 0.080729 0.076497
3 0.352517 0.671549 0.080382 0.075738
3 0.352431 0.670736 0.080035 0.074978
3 0.352344 0.669922 0.079687 0.074219
3 0.351953 0.669515 0.079687 0.074382
3 0.351562 0.669108 0.079687 0.074544
3 0.351172 0.668701 0.079687 0.074707
3 0.350781 0.668294 0.079687 0.074870
3 0.350391 0.667887 0.079687 0.075033
3 0.350000 0.667480 0.079687 0.075195
3 0.349609 0.667074 0.079687 0.075358
3 0.349219 0.666667 0.079687 0.075521
3 0.348828 0.666260 0.079687 0.075684
3 0.348437 0.665853 0.079687 0.075846
3 0.348047 0.665446 0.079687 0.076009
3 0.347656 0.665039 0.079687 0.076172
3 0.346953 0.665234 0.078281 0.075391
3 0.346250 0.665430 0.076875 0.074609
3 0.345547 0.665625 0.075469 0.073828
3 0.344844 0.665820 0.074063 0.073047
3 0.344141 0.666016 0.072656 0.072266
3 0.343438 0.666211 0.071250 0.071484
3 0.342734 0.666406 0.069844 0.070703
3 0.342031 0.666602 0.068438 0.069922
3 0.341328 0.666797 0.067031 0.069141
3 0.340625 0.666992 0.065625 0.068359
