3 0.417969 0.432617 0.179688 0.232422
3 0.417161 0.432579 0.178504 0.230818
3 0.417164 0.432578 0.178497 0.230810
3 0.417672 0.432286 0.179243 0.231708
3 0.415703 0.432956 0.179844 0.232351
3 0.414930 0.434157 0.181758 0.234648
3 0.412850 0.433432 0.182095 0.234980
3 0.412083 0.435573 0.181944 0.234733
3 0.412082 0.435573 0.181944 0.234733
3 0.410269 0.436255 0.181600 0.234302
3 0.408605 0.438921 0.182404 0.235222
3 0.407712 0.440252 0.183125 0.236050
3 0.406985 0.439730 0.183639 0.236616
3 0.406738 0.440338 0.184438 0.237584
3 0.406739 0.440363 0.184511 0.237680
3 0.406815 0.441031 0.184422 0.237535
3 0.408360 0.443166 0.185104 0.238343
3 0.410312 0.444667 0.185336 0.238582
3 0.413206 0.446845 0.185025 0.238182
3 0.416084 0.450733 0.185093 0.238240
3 0.416084 0.450735 0.185088 0.238233
3 0.420787 0.452274 0.184702 0.237735
3 0.426352 0.454256 0.185567 0.238798
3 0.429933 0.457885 0.186101 0.239410
3 0.433350 0.462677 0.186197 0.239519
3 0.435837 0.464110 0.186057 0.239347
3 0.435837 0.464110 0.186057 0.239347
3 0.438572 0.467574 0.186461 0.239845
3 0.440615 0.469331 0.185621 0.238771
3 0.441804 0.471919 0.185844 0.239031
3 0.442959 0.473898 0.185510 0.238614
3 0.442772 0.477646 0.185810 0.238988
3 0.442773 0.477646 0.185798 0.238972
3 0.442639 0.480469 0.185176 0.238162
3 0.442418 0.481218 0.185276 0.238274
3 0.441488 0.483262 0.186064 0.239207
3 0.439257 0.484324 0.185392 0.238336
3 0.437018 0.486211 0.185210 0.238099
3 0.437017 0.486209 0.185206 0.238095
3 0.434642 0.486813 0.185274 0.238164
3 0.431706 0.487221 0.184774 0.237523
3 0.428229 0.486739 0.185716 0.238654
3 0.424261 0.487181 0.185929 0.238908
3 0.419353 0.487200 0.185766 0.238673
3 0.419353 0.487200 0.185770 0.238677
3 0.414087 0.485974 0.186200 0.239177
3 0.408586 0.485522 0.186649 0.239710
3 0.404976 0.483204 0.186128 0.239059
3 0.403657 0.482334 0.186304 0.239256
3 0.402440 0.478918 0.186177 0.239056
3 0.402399 0.478939 0.186238 0.239139
3 0.401712 0.478266 0.186730 0.239716
3 0.403405 0.478887 0.186908 0.239895
3 0.405363 0.477796 0.187318 0.240415
3 0.408826 0.477521 0.186723 0.239648
3 0.412070 0.477160 0.186842 0.239738
3 0.412076 0.477162 0.186835 0.239727
3 0.415124 0.475770 0.186727 0.239550
3 0.419612 0.474091 0.187420 0.240381
3 0.423528 0.472246 0.187951 0.241057
3 0.428313 0.469804 0.186937 0.239755
3 0.431581 0.469001 0.187231 0.240121
3 0.431590 0.469009 0.187281 0.240184
3 0.434720 0.468356 0.188060 0.241151
3 0.438186 0.464843 0.187769 0.240776
3 0.442553 0.463654 0.187042 0.239812
3 0.445579 0.459998 0.188461 0.241511
3 0.448362 0.457634 0.188006 0.240942
3 0.448355 0.457627 0.188012 0.240949
3 0.451361 0.453195 0.188059 0.240977
3 0.453955 0.451714 0.188733 0.241797
3 0.455192 0.449036 0.188104 0.241017
3 0.457371 0.447508 0.188083 0.240957
3 0.461155 0.444823 0.188718 0.241702
3 0.461155 0.444823 0.188711 0.241692
3 0.464447 0.442609 0.187979 0.240771
3 0.466193 0.439666 0.189572 0.242713
3 0.469063 0.439797 0.188540 0.241417
3 0.470735 0.436820 0.189232 0.242265
3 0.472237 0.434814 0.189196 0.242197
3 0.472236 0.434815 0.189197 0.242197
3 0.473607 0.432650 0.188955 0.241876
3 0.474947 0.431557 0.187960 0.240635
3 0.475282 0.429279 0.188728 0.241572
3 0.475180 0.429732 0.188545 0.241332
3 0.473993 0.426468 0.188542 0.241310
3 0.473997 0.426471 0.188512 0.241273
3 0.472502 0.426341 0.188784 0.241582
3 0.468953 0.425064 0.188421 0.241110
3 0.465502 0.424209 0.188227 0.240860
3 0.461191 0.424335 0.188520 0.241213
3 0.457573 0.424404 0.188681 0.241410
3 0.457573 0.424404 0.188679 0.241408
3 0.453587 0.424707 0.189489 0.242396
3 0.448976 0.426154 0.188502 0.241155
3 0.444919 0.426505 0.188105 0.240644
3 0.442741 0.426533 0.188460 0.241043
3 0.440110 0.428597 0.188520 0.241092
3 0.440101 0.428618 0.188631 0.241232
3 0.437721 0.430066 0.188246 0.240743
3 0.435310 0.430111 0.188809 0.241432
3 0.433946 0.430515 0.188924 0.241572
3 0.432481 0.430582 0.189489 0.242232
3 0.432056 0.432722 0.189375 0.242091
3 0.432054 0.432720 0.189382 0.242100
3 0.431899 0.433860 0.188489 0.240985
3 0.431694 0.435682 0.189036 0.241661
3 0.431252 0.436034 0.188916 0.241480
3 0.430471 0.437624 0.188715 0.241212
3 0.428504 0.440309 0.188871 0.241390
3 0.428503 0.440311 0.188876 0.241396
3 0.426126 0.442010 0.188809 0.241328
3 0.422024 0.443622 0.189432 0.242092
3 0.419081 0.446417 0.189002 0.241518
3 0.415146 0.446035 0.188659 0.241023
3 0.411756 0.449034 0.189551 0.242111
3 0.411767 0.449037 0.189521 0.242075
3 0.408249 0.448171 0.188769 0.241183
3 0.404904 0.449156 0.189074 0.241536
3 0.403688 0.448426 0.189259 0.241757
3 0.402491 0.450495 0.188289 0.240534
3 0.403682 0.449904 0.186913 0.238801
3 0.403681 0.449903 0.186911 0.238798
3 0.404627 0.448294 0.188268 0.240522
3 0.405495 0.447996 0.188831 0.241200
3 0.407784 0.449476 0.188420 0.240660
3 0.410299 0.446108 0.188964 0.241299
3 0.411733 0.446264 0.188101 0.240240
3 0.411746 0.446341 0.188180 0.240332
3 0.413690 0.445424 0.187755 0.239765
3 0.415959 0.443720 0.188035 0.240125
3 0.417477 0.440920 0.187543 0.239519
3 0.418192 0.439271 0.188603 0.240853
3 0.419403 0.437795 0.187711 0.239724
3 0.419403 0.437795 0.187713 0.239727
3 0.421119 0.436063 0.187458 0.239388
3 0.421316 0.433554 0.187777 0.239755
3 0.421597 0.430504 0.186749 0.238502
3 0.424003 0.429146 0.185627 0.237090
3 0.425220 0.427937 0.186837 0.238580
3 0.425230 0.427943 0.186827 0.238567
3 0.426849 0.425796 0.187238 0.239064
3 0.428399 0.424118 0.187044 0.238804
3 0.430362 0.422252 0.187157 0.238940
3 0.432662 0.421591 0.187386 0.239216
3 0.433797 0.420942 0.186103 0.237633
3 0.433788 0.421000 0.186283 0.237854
3 0.435174 0.421954 0.186542 0.238149
3 0.436728 0.421496 0.186665 0.238295
3 0.437666 0.420941 0.186838 0.238482
3 0.440082 0.420187 0.186700 0.238264
3 0.442685 0.420480 0.186393 0.237869
3 0.442682 0.420474 0.186370 0.237841
3 0.444307 0.419447 0.186715 0.238254
3 0.446423 0.421702 0.186450 0.237943
3 0.447005 0.421145 0.187808 0.239576
3 0.449177 0.421304 0.186450 0.237899
3 0.451070 0.422389 0.186616 0.238150
3 0.451068 0.422420 0.186714 0.238271
3 0.452246 0.424166 0.186333 0.237770
3 0.454016 0.424602 0.186623 0.238130
3 0.455521 0.425474 0.185433 0.236640
3 0.456834 0.425564 0.185948 0.237239
3 0.457630 0.427460 0.186168 0.237505
3 0.457634 0.427464 0.186168 0.237506
3 0.457151 0.426452 0.185895 0.237179
3 0.457402 0.426753 0.185959 0.237253
3 0.458132 0.425603 0.186219 0.237597
3 0.456763 0.425927 0.186147 0.237466
3 0.457504 0.424999 0.185558 0.236724
3 0.457504 0.425000 0.185565 0.236734
3 0.458625 0.426158 0.185855 0.237070
3 0.460339 0.426143 0.186297 0.237580
3 0.462246 0.426939 0.186474 0.237825
3 0.464460 0.427407 0.186140 0.237430
3 0.467400 0.427876 0.186815 0.238227
3 0.467400 0.427877 0.186811 0.238221
3 0.470372 0.428028 0.187069 0.238534
3 0.473548 0.430585 0.186873 0.238268
3 0.476147 0.430881 0.186467 0.237751
3 0.479489 0.432113 0.186599 0.237910
3 0.481279 0.429916 0.187236 0.238678
3 0.481300 0.429924 0.187168 0.238595
3 0.483388 0.429527 0.186437 0.237699
3 0.483481 0.427652 0.186849 0.238206
3 0.483678 0.427026 0.186905 0.238248
3 0.483176 0.425451 0.186145 0.237292
3 0.483313 0.425738 0.186149 0.237299
3 0.483311 0.425744 0.186128 0.237272
3 0.481241 0.424068 0.185990 0.237114
3 0.478281 0.423428 0.185758 0.236797
3 0.472919 0.421134 0.186065 0.237159
3 0.468914 0.420974 0.185812 0.236854
3 0.464953 0.420619 0.185836 0.236827
3 0.464953 0.420619 0.185834 0.236824
3 0.462241 0.419713 0.186401 0.237516
3 0.458955 0.420584 0.185998 0.237033
3 0.455280 0.421135 0.186078 0.237163
3 0.452117 0.420777 0.185515 0.236452
3 0.448708 0.420971 0.186019 0.237044
3 0.448710 0.420972 0.186013 0.237036
3 0.446242 0.421282 0.185762 0.236732
3 0.446408 0.422290 0.186693 0.237863
3 0.446842 0.420771 0.186149 0.237197
3 0.446661 0.417601 0.185492 0.236358
3 0.445655 0.417680 0.185487 0.236354
3 0.445662 0.417614 0.185321 0.236156
3 0.446244 0.417645 0.185509 0.236411
3 0.446480 0.415983 0.185911 0.236913
3 0.447962 0.415793 0.185985 0.236965
3 0.448243 0.412650 0.185149 0.235938
3 0.449833 0.411179 0.185425 0.236304
3 0.449836 0.411181 0.185410 0.236286
3 0.451080 0.409274 0.185474 0.236336
3 0.451692 0.408380 0.185709 0.236619
3 0.453715 0.407305 0.185660 0.236536
3 0.455716 0.406920 0.185450 0.236262
3 0.457236 0.404012 0.185492 0.236306
3 0.457221 0.403917 0.185225 0.235986
3 0.458501 0.401597 0.185363 0.236129
3 0.459350 0.399505 0.185569 0.236358
3 0.459647 0.397234 0.185631 0.236445
3 0.459348 0.395550 0.186095 0.237004
3 0.458646 0.395382 0.185746 0.236581
3 0.458650 0.395382 0.185734 0.236568
3 0.458193 0.392940 0.185657 0.236459
3 0.455602 0.389951 0.186015 0.236882
3 0.452443 0.385870 0.185941 0.236792
3 0.448535 0.385363 0.186087 0.236967
3 0.445937 0.383047 0.185517 0.236266
3 0.445936 0.383042 0.185498 0.236244
3 0.443676 0.382768 0.186626 0.237605
3 0.440777 0.381453 0.186444 0.237379
3 0.438274 0.380415 0.186424 0.237294
3 0.438252 0.380477 0.186530 0.237415
3 0.436767 0.381514 0.186729 0.237640
3 0.436753 0.381513 0.186693 0.237594
3 0.437817 0.383512 0.186486 0.237350
3 0.439019 0.383962 0.187030 0.238020
3 0.441106 0.384657 0.186751 0.237637
3 0.442942 0.386755 0.186743 0.237640
3 0.445827 0.386794 0.186610 0.237487
3 0.445833 0.386805 0.186607 0.237482
3 0.447126 0.387839 0.186208 0.236967
3 0.448315 0.388767 0.186272 0.237051
3 0.449882 0.390074 0.185741 0.236415
3 0.450787 0.391006 0.185537 0.236143
3 0.451320 0.392151 0.185794 0.236486
3 0.451320 0.392146 0.185792 0.236485
3 0.453704 0.394694 0.185010 0.235476
3 0.455387 0.396399 0.185147 0.235657
3 0.456815 0.396241 0.185245 0.235751
3 0.459399 0.398637 0.184830 0.235236
3 0.461478 0.400544 0.185181 0.235674
3 0.461478 0.400546 0.185170 0.235660
3 0.463489 0.400169 0.184906 0.235340
3 0.464557 0.401720 0.185038 0.235490
3 0.466361 0.402787 0.183505 0.233603
3 0.468518 0.402699 0.183838 0.233973
3 0.469492 0.404823 0.184546 0.234822
3 0.469499 0.404827 0.184563 0.234841
3 0.470066 0.403315 0.184343 0.234558
3 0.470525 0.401620 0.183991 0.234130
3 0.470084 0.400135 0.184267 0.234466
3 0.470710 0.400144 0.184794 0.235094
3 0.471121 0.400074 0.184933 0.235253
3 0.471114 0.400068 0.184959 0.235285
3 0.469345 0.401479 0.184926 0.235214
3 0.466233 0.400002 0.184800 0.235058
3 0.463578 0.400257 0.184374 0.234540
3 0.460684 0.398158 0.184538 0.234693
3 0.458156 0.397567 0.184494 0.234609
3 0.458156 0.397567 0.184498 0.234614
3 0.453599 0.396221 0.184415 0.234516
3 0.448902 0.396221 0.184615 0.234741
3 0.444450 0.396193 0.184778 0.234904
3 0.439757 0.395187 0.185055 0.235246
3 0.434551 0.393026 0.185225 0.235450
3 0.434545 0.393028 0.185241 0.235468
3 0.430676 0.394273 0.185128 0.235314
3 0.426749 0.392808 0.184849 0.234939
3 0.422066 0.392812 0.185136 0.235304
3 0.417245 0.392798 0.185282 0.235456
3 0.414803 0.395089 0.184831 0.234849
3 0.414804 0.395092 0.184835 0.234853
3 0.412176 0.395300 0.185794 0.236026
3 0.411707 0.395358 0.185359 0.235516
3 0.410804 0.394832 0.185264 0.235357
3 0.409080 0.393699 0.185468 0.235605
3 0.408060 0.392258 0.185588 0.235707
3 0.408060 0.392258 0.185586 0.235704
3 0.408056 0.392798 0.185906 0.236097
3 0.409649 0.391748 0.185811 0.235948
3 0.411075 0.390716 0.186260 0.236442
3 0.412570 0.389733 0.186389 0.236577
3 0.413430 0.389665 0.186780 0.237029
3 0.413429 0.389663 0.186776 0.237024
3 0.413827 0.389228 0.186456 0.236603
3 0.415720 0.391477 0.186476 0.236632
3 0.418025 0.389944 0.185852 0.235810
3 0.419571 0.388523 0.186038 0.236021
3 0.420409 0.386560 0.186398 0.236480
3 0.420412 0.386565 0.186374 0.236449
3 0.420215 0.382813 0.185864 0.235788
3 0.420424 0.380929 0.186508 0.236530
3 0.421279 0.376687 0.185452 0.235260
3 0.421928 0.371356 0.185604 0.235469
3 0.423705 0.367000 0.186097 0.236064
3 0.423703 0.366997 0.186093 0.236059
3 0.423884 0.362596 0.186598 0.236675
3 0.424552 0.360981 0.186302 0.236347
3 0.425887 0.358432 0.186321 0.236345
3 0.425553 0.356345 0.186269 0.236291
3 0.425976 0.352077 0.186158 0.236165
