3 0.474735 0.531139 0.034926 0.056531
3 0.474984 0.531620 0.037107 0.056792
3 0.475037 0.531708 0.037163 0.056292
3 0.475037 0.531707 0.037186 0.056315
3 0.475341 0.532584 0.046279 0.069097
3 0.475441 0.531511 0.040302 0.060402
3 0.475441 0.531510 0.040292 0.060382
3 0.475495 0.531446 0.038606 0.058422
3 0.475659 0.531492 0.032930 0.052035
3 0.475692 0.531513 0.033086 0.052208
3 0.475711 0.531909 0.035441 0.055271
3 0.475807 0.531834 0.032270 0.051506
3 0.475806 0.531833 0.032244 0.051476
3 0.475815 0.531814 0.031740 0.050835
3 0.475946 0.531871 0.031364 0.050561
3 0.475945 0.531870 0.031312 0.050494
3 0.475760 0.532011 0.032490 0.052402
3 0.475886 0.531985 0.030599 0.050184
3 0.475883 0.531986 0.030587 0.050197
3 0.476305 0.532880 0.032823 0.053921
3 0.476983 0.532388 0.029570 0.050442
3 0.476985 0.532389 0.029554 0.050435
3 0.476346 0.532981 0.032068 0.052003
3 0.476670 0.533341 0.026024 0.043791
3 0.476668 0.533343 0.026081 0.043849
3 0.476624 0.533030 0.030788 0.049769
3 0.476901 0.532987 0.031409 0.049610
3 0.476912 0.532997 0.031182 0.049424
3 0.477002 0.533379 0.027161 0.043966
3 0.476966 0.533054 0.030883 0.048706
3 0.476977 0.533053 0.030846 0.048617
3 0.477096 0.533018 0.030713 0.048103
3 0.477204 0.533022 0.031681 0.049518
3 0.477205 0.533023 0.031694 0.049525
3 0.477282 0.533110 0.030677 0.048364
3 0.477378 0.532896 0.034973 0.055040
3 0.477378 0.532896 0.034977 0.055044
3 0.477465 0.532914 0.034758 0.054486
3 0.477449 0.533008 0.034101 0.052943
3 0.477460 0.533006 0.033977 0.052792
3 0.477596 0.532958 0.033334 0.052002
3 0.477722 0.532752 0.034878 0.055754
3 0.477738 0.532766 0.034861 0.055684
3 0.477776 0.532810 0.034868 0.055800
3 0.477903 0.533079 0.028695 0.046170
3 0.477907 0.533078 0.028553 0.046003
3 0.478459 0.533216 0.027890 0.045225
3 0.478280 0.532586 0.032675 0.053208
3 0.478282 0.532586 0.032596 0.053114
3 0.478284 0.532669 0.033299 0.053901
3 0.478369 0.532987 0.030762 0.048619
3 0.478383 0.532980 0.030904 0.048721
3 0.478378 0.532976 0.031000 0.048731
3 0.478491 0.532903 0.031644 0.048979
3 0.478493 0.532896 0.031480 0.048743
3 0.478605 0.532883 0.031573 0.048558
3 0.478678 0.532818 0.031699 0.048722
3 0.478677 0.532817 0.031672 0.048683
3 0.478676 0.532812 0.031773 0.048811
3 0.478821 0.532800 0.031527 0.048165
3 0.478822 0.532803 0.031530 0.048196
3 0.478946 0.532781 0.030869 0.047086
3 0.479003 0.532837 0.029146 0.044358
3 0.478996 0.532843 0.028999 0.044161
3 0.479024 0.532898 0.028197 0.043111
3 0.479108 0.532984 0.027688 0.042254
3 0.479108 0.532982 0.027657 0.042207
3 0.479063 0.532878 0.031551 0.047508
3 0.479187 0.532859 0.030906 0.046625
3 0.479187 0.532859 0.030896 0.046615
3 0.479203 0.532867 0.030347 0.045759
3 0.479462 0.532991 0.028836 0.043871
3 0.479463 0.532988 0.028797 0.043826
3 0.479655 0.533104 0.028415 0.044046
3 0.480669 0.534346 0.033635 0.051848
3 0.480668 0.534346 0.033736 0.051954
3 0.480374 0.535220 0.027859 0.042925
3 0.480189 0.535620 0.028030 0.044106
3 0.480192 0.535617 0.028044 0.044104
3 0.480543 0.534363 0.033165 0.051507
3 0.480631 0.535214 0.027690 0.042896
3 0.480633 0.535233 0.028011 0.043455
3 0.480607 0.535092 0.029547 0.045511
3 0.480768 0.535059 0.029244 0.045218
3 0.480770 0.535054 0.029159 0.045109
3 0.480952 0.534887 0.032785 0.050579
3 0.481084 0.535037 0.027711 0.043485
3 0.481084 0.535031 0.027620 0.043354
3 0.481669 0.535329 0.027124 0.043150
3 0.481477 0.535327 0.026981 0.043427
3 0.481478 0.535321 0.026910 0.043331
3 0.481476 0.535323 0.026938 0.043345
3 0.481637 0.535355 0.027634 0.043891
3 0.481640 0.535355 0.027593 0.043847
3 0.481642 0.535355 0.027557 0.043830
3 0.481844 0.535553 0.028226 0.044549
3 0.481854 0.535597 0.028101 0.044336
3 0.481994 0.535632 0.028152 0.044438
3 0.482349 0.536159 0.030776 0.049092
3 0.482401 0.536162 0.030656 0.049028
3 0.482402 0.536154 0.030429 0.048681
3 0.482532 0.536287 0.030849 0.049729
3 0.482531 0.536286 0.030875 0.049743
3 0.482530 0.536288 0.030955 0.049898
3 0.483108 0.537100 0.026771 0.043227
3 0.483108 0.537100 0.026800 0.043260
3 0.483122 0.537088 0.027099 0.043554
3 0.483454 0.536935 0.028341 0.045064
3 0.483452 0.536940 0.028420 0.045196
3 0.483469 0.536945 0.028543 0.045342
3 0.483643 0.537058 0.027809 0.044406
3 0.483729 0.537071 0.027656 0.044405
3 0.483852 0.537215 0.027235 0.044077
3 0.483890 0.537523 0.027172 0.044030
3 0.483887 0.537625 0.027465 0.044492
3 0.484543 0.538357 0.029506 0.048748
3 0.484720 0.538504 0.031428 0.050199
3 0.484723 0.538506 0.031395 0.050174
3 0.484941 0.538538 0.031630 0.050054
3 0.485300 0.538893 0.027976 0.044847
3 0.485321 0.538898 0.027465 0.044506
3 0.485410 0.539018 0.027197 0.044221
3 0.485938 0.539064 0.024970 0.042893
3 0.485938 0.539062 0.024958 0.042887
3 0.485938 0.539062 0.025000 0.042969
3 0.487351 0.551068 0.032813 0.052734
3 0.488537 0.549951 0.032813 0.046215
3 0.489902 0.551197 0.032813 0.052734
3 0.487701 0.553858 0.031250 0.050781
3 0.493576 0.546562 0.031250 0.050781
3 0.498206 0.559677 0.031250 0.050781
3 0.499230 0.559955 0.028155 0.046554
3 0.499231 0.559954 0.028177 0.046593
3 0.499002 0.560048 0.030889 0.049570
3 0.498941 0.560795 0.034791 0.054722
3 0.498943 0.560798 0.034866 0.054808
3 0.498948 0.560540 0.034613 0.054022
3 0.498940 0.560601 0.035124 0.054679
3 0.498938 0.560601 0.035107 0.054642
3 0.498974 0.560599 0.034993 0.054527
3 0.498971 0.560577 0.034856 0.054511
3 0.498971 0.560579 0.034878 0.054533
3 0.498917 0.559969 0.030098 0.048015
3 0.498984 0.559920 0.029791 0.047710
3 0.499002 0.559924 0.029678 0.047568
3 0.499005 0.559883 0.029161 0.047151
3 0.498943 0.560152 0.030706 0.049004
3 0.498943 0.560152 0.030702 0.049001
3 0.499103 0.560584 0.033777 0.053340
3 0.499192 0.560296 0.031686 0.050709
3 0.499198 0.560223 0.031221 0.050102
3 0.499216 0.560008 0.029925 0.048540
3 0.499269 0.560009 0.029725 0.048518
3 0.499268 0.560006 0.029681 0.048456
3 0.499174 0.559535 0.027777 0.045716
3 0.499491 0.559526 0.029437 0.047352
3 0.499483 0.559539 0.029395 0.047361
3 0.499665 0.559376 0.031634 0.049268
3 0.499186 0.559312 0.027765 0.045578
3 0.499191 0.559310 0.027862 0.045697
3 0.499250 0.559245 0.028551 0.046359
3 0.499745 0.558901 0.033796 0.051238
3 0.499744 0.558895 0.033762 0.051172
3 0.499908 0.559005 0.035237 0.054138
3 0.499927 0.558928 0.035340 0.054674
3 0.499928 0.558932 0.035354 0.054715
3 0.499924 0.558679 0.035897 0.056079
3 0.499966 0.559021 0.034498 0.054745
3 0.499966 0.559026 0.034497 0.054781
3 0.499972 0.559047 0.034620 0.055058
3 0.500121 0.559048 0.035612 0.056503
3 0.500121 0.559049 0.035614 0.056514
3 0.500090 0.559039 0.035123 0.056323
3 0.499990 0.559334 0.028192 0.046826
3 0.499993 0.559330 0.028243 0.046867
3 0.500012 0.559286 0.027890 0.046113
3 0.500001 0.559297 0.027923 0.046098
3 0.500002 0.559293 0.027870 0.046036
3 0.500005 0.559232 0.027594 0.045952
3 0.500025 0.559597 0.029405 0.047299
3 0.500027 0.559593 0.029349 0.047235
3 0.500025 0.559554 0.029229 0.047029
3 0.499978 0.560504 0.033864 0.052786
3 0.499971 0.560502 0.033808 0.052677
3 0.500060 0.558975 0.033900 0.053038
3 0.500264 0.559724 0.029240 0.046224
3 0.500237 0.559717 0.029503 0.046549
3 0.499916 0.560338 0.034522 0.053272
3 0.499887 0.560533 0.035873 0.055038
3 0.499883 0.560531 0.035815 0.054945
3 0.499875 0.560554 0.036134 0.055216
3 0.499877 0.560617 0.036446 0.055491
3 0.499875 0.560615 0.036403 0.055416
3 0.499870 0.560611 0.036345 0.055307
3 0.499880 0.560845 0.036098 0.055423
3 0.499886 0.560838 0.036027 0.055317
3 0.499707 0.560793 0.035284 0.055562
3 0.499693 0.560824 0.035823 0.055967
3 0.499696 0.560821 0.035717 0.055775
3 0.499884 0.560893 0.036154 0.055337
3 0.499933 0.561335 0.030584 0.047246
3 0.499934 0.561340 0.030551 0.047175
3 0.499886 0.561333 0.030554 0.047276
3 0.499615 0.560718 0.036609 0.055882
3 0.499613 0.560728 0.036813 0.056130
3 0.500095 0.560935 0.038267 0.056974
3 0.499850 0.561042 0.032220 0.049554
3 0.499849 0.561032 0.031792 0.048995
3 0.499849 0.561030 0.031774 0.048978
3 0.499862 0.560879 0.037513 0.056009
3 0.499862 0.560878 0.037476 0.055961
3 0.500108 0.560928 0.033873 0.051695
3 0.500153 0.560915 0.033797 0.051698
3 0.500153 0.560914 0.033756 0.051662
3 0.500165 0.561060 0.029859 0.046201
3 0.500138 0.561163 0.029357 0.045558
3 0.500140 0.561163 0.029322 0.045534
3 0.501128 0.560624 0.028256 0.046173
3 0.500489 0.561035 0.026202 0.042154
3 0.500489 0.561036 0.026240 0.042197
3 0.500378 0.561027 0.026973 0.042976
3 0.500396 0.560896 0.027941 0.044395
3 0.500393 0.560896 0.028001 0.044417
3 0.500405 0.560885 0.027921 0.044309
3 0.500427 0.560699 0.031477 0.049161
3 0.500428 0.560695 0.031410 0.049082
3 0.500418 0.561091 0.026076 0.041871
3 0.500402 0.561091 0.026343 0.042233
3 0.500399 0.561089 0.026322 0.042194
3 0.500437 0.560615 0.032888 0.051099
3 0.500419 0.559947 0.028656 0.045376
3 0.500416 0.559943 0.028609 0.045296
3 0.500463 0.560565 0.032155 0.050322
3 0.500450 0.560586 0.032541 0.050676
3 0.500451 0.560587 0.032569 0.050704
3 0.500425 0.560595 0.032402 0.050467
3 0.500475 0.560606 0.032285 0.050404
3 0.500474 0.560607 0.032310 0.050433
3 0.500395 0.560682 0.032664 0.050645
3 0.500403 0.560865 0.028006 0.044694
3 0.500401 0.560867 0.028050 0.044735
3 0.500410 0.560872 0.027985 0.044669
3 0.500463 0.560888 0.027578 0.044249
3 0.500462 0.560893 0.027691 0.044367
3 0.500484 0.560665 0.031264 0.049271
3 0.500566 0.560676 0.031148 0.049240
3 0.500564 0.560675 0.031125 0.049196
3 0.500531 0.561044 0.025641 0.041845
3 0.500555 0.561031 0.025878 0.042122
3 0.500556 0.561028 0.025809 0.042043
3 0.500104 0.561437 0.027896 0.043898
3 0.500570 0.560893 0.025579 0.041900
3 0.500569 0.560888 0.025457 0.041765
3 0.500558 0.560864 0.025333 0.041629
3 0.500511 0.561343 0.025417 0.041325
3 0.500513 0.561343 0.025415 0.041337
3 0.500538 0.560955 0.024606 0.040615
3 0.500756 0.560648 0.026695 0.044345
3 0.500755 0.560648 0.026692 0.044329
3 0.500786 0.560643 0.026941 0.044749
3 0.500808 0.560598 0.028182 0.046290
3 0.500808 0.560596 0.028145 0.046243
3 0.500784 0.560845 0.025157 0.041707
3 0.501295 0.560556 0.031781 0.051142
3 0.501294 0.560558 0.031833 0.051203
3 0.500741 0.559810 0.027025 0.043870
3 0.500764 0.560438 0.030205 0.048079
3 0.500783 0.560435 0.030111 0.048006
3 0.501433 0.560797 0.027243 0.044659
3 0.501417 0.560583 0.032209 0.050467
3 0.501422 0.560582 0.032189 0.050476
3 0.501393 0.560604 0.032282 0.050794
3 0.500988 0.560416 0.027431 0.045415
3 0.500968 0.560385 0.027982 0.045951
3 0.501344 0.560580 0.031901 0.050547
3 0.501295 0.561178 0.025865 0.042500
3 0.501302 0.561178 0.025841 0.042515
3 0.501351 0.560817 0.026599 0.043860
3 0.500934 0.560785 0.025603 0.041032
3 0.500935 0.560784 0.025618 0.041044
3 0.501236 0.560954 0.027100 0.044428
3 0.501291 0.560738 0.028042 0.046543
3 0.501291 0.560737 0.028032 0.046532
3 0.501253 0.561067 0.026783 0.043946
3 0.501212 0.561834 0.027066 0.044655
3 0.501212 0.561832 0.027031 0.044604
3 0.501295 0.562557 0.030506 0.049472
3 0.501239 0.561923 0.027403 0.044846
3 0.501238 0.561925 0.027447 0.044897
3 0.501271 0.561289 0.026100 0.042771
3 0.501271 0.562444 0.028547 0.046785
3 0.501273 0.562444 0.028621 0.046885
3 0.501190 0.561894 0.026275 0.043582
3 0.501286 0.562495 0.028217 0.046533
3 0.501287 0.562516 0.028176 0.046526
3 0.501169 0.561772 0.025782 0.042810
3 0.501179 0.562353 0.027554 0.045224
3 0.501179 0.562345 0.027548 0.045163
3 0.501118 0.562246 0.026884 0.044353
3 0.501138 0.562213 0.026790 0.044497
3 0.501133 0.562204 0.026622 0.044240
3 0.501087 0.562054 0.025537 0.042506
3 0.500977 0.561982 0.024597 0.040996
