3 0.549219 0.548828 0.073438 0.074219
3 0.549387 0.549733 0.072978 0.073856
3 0.550452 0.551433 0.073146 0.074013
3 0.551330 0.551958 0.072224 0.073094
3 0.552896 0.553509 0.072537 0.073446
3 0.553350 0.554922 0.072904 0.073855
3 0.554662 0.556462 0.072611 0.073517
3 0.554796 0.556806 0.072165 0.073043
3 0.555861 0.558302 0.071581 0.072357
3 0.556669 0.559726 0.071777 0.072639
3 0.558243 0.559606 0.070842 0.071636
3 0.559420 0.562537 0.070964 0.071735
3 0.559875 0.562217 0.070552 0.071354
3 0.561784 0.564624 0.070799 0.071629
3 0.562777 0.565518 0.070473 0.071265
3 0.563130 0.567339 0.070158 0.070949
3 0.564284 0.567758 0.070156 0.071027
3 0.564367 0.568940 0.069952 0.070709
3 0.565440 0.569190 0.069777 0.070523
3 0.565783 0.569855 0.069621 0.070518
3 0.565946 0.570004 0.069605 0.070445
3 0.566214 0.571882 0.069173 0.069962
3 0.568445 0.571337 0.069327 0.070104
3 0.570417 0.571822 0.069198 0.069937
3 0.570796 0.573460 0.069232 0.069997
3 0.570005 0.575291 0.069164 0.069911
3 0.571074 0.573841 0.068394 0.069188
3 0.573405 0.574831 0.069145 0.069976
3 0.572567 0.576787 0.069045 0.069868
3 0.573635 0.575303 0.068756 0.069500
3 0.573942 0.575782 0.068626 0.069371
3 0.574692 0.577733 0.068750 0.069566
3 0.575109 0.578015 0.068696 0.069526
3 0.575867 0.577729 0.068109 0.068840
3 0.575970 0.577715 0.068019 0.068768
3 0.575810 0.578895 0.068494 0.069291
3 0.577365 0.578867 0.068590 0.069406
3 0.578207 0.576095 0.067860 0.068623
3 0.577940 0.575726 0.067829 0.068625
3 0.578128 0.575710 0.067884 0.068654
3 0.578947 0.574861 0.068222 0.069038
3 0.579421 0.571115 0.067775 0.068571
3 0.579025 0.566453 0.067319 0.068075
3 0.579304 0.564886 0.067398 0.068148
3 0.579765 0.559565 0.067630 0.068415
3 0.579624 0.554702 0.067135 0.068024
3 0.577994 0.545765 0.067372 0.068257
3 0.576838 0.538452 0.067231 0.068152
3 0.575900 0.532149 0.066985 0.067822
3 0.575725 0.527292 0.066607 0.067459
3 0.574192 0.521469 0.066597 0.067466
3 0.573300 0.518082 0.066712 0.067659
3 0.570934 0.511619 0.066400 0.067302
3 0.570465 0.506128 0.066829 0.067721
3 0.570143 0.504450 0.066617 0.067581
3 0.568967 0.496640 0.066641 0.067573
3 0.567954 0.491922 0.065971 0.066999
3 0.567143 0.482565 0.066286 0.067304
3 0.566633 0.477135 0.066102 0.067026
3 0.566293 0.471608 0.065950 0.066946
3 0.565130 0.464323 0.065924 0.067017
3 0.564718 0.459677 0.065753 0.066757
3 0.564349 0.454290 0.066171 0.067261
3 0.563508 0.447005 0.065605 0.066682
3 0.563102 0.440225 0.065729 0.066731
3 0.561951 0.434658 0.065739 0.066834
3 0.561693 0.432939 0.065453 0.066577
3 0.561479 0.425139 0.065603 0.066697
3 0.561479 0.422797 0.065332 0.066487
3 0.561152 0.419495 0.065539 0.066735
3 0.560669 0.416947 0.065418 0.066628
3 0.560691 0.413954 0.065332 0.066505
3 0.561153 0.413348 0.065520 0.066722
3 0.561185 0.410629 0.065378 0.066510
3 0.561172 0.408120 0.065392 0.066552
3 0.561136 0.406736 0.065160 0.066360
3 0.561862 0.404793 0.064807 0.065999
3 0.562307 0.404181 0.065169 0.066417
3 0.563094 0.402208 0.064956 0.066120
3 0.563113 0.399840 0.064986 0.066222
3 0.563420 0.398507 0.064600 0.065826
3 0.563619 0.396639 0.064777 0.066040
3 0.563557 0.395983 0.064884 0.066244
3 0.564750 0.394941 0.064534 0.065714
3 0.565623 0.395136 0.064963 0.066281
3 0.565659 0.392950 0.064935 0.066237
3 0.566041 0.393182 0.064656 0.065914
3 0.566368 0.392223 0.064512 0.065811
3 0.566477 0.390895 0.064302 0.065554
3 0.567398 0.390892 0.064760 0.066056
3 0.567341 0.389973 0.064807 0.066209
3 0.567335 0.389968 0.064801 0.066198
3 0.568084 0.390419 0.064341 0.065614
3 0.568950 0.389419 0.064616 0.065935
3 0.568975 0.389426 0.064594 0.065907
3 0.569152 0.389667 0.064396 0.065703
3 0.569899 0.390053 0.064448 0.065830
3 0.570722 0.389645 0.064361 0.065656
3 0.571363 0.390990 0.064210 0.065455
3 0.571820 0.390643 0.064665 0.065972
3 0.572024 0.391297 0.064534 0.065856
3 0.573155 0.391522 0.064321 0.065678
3 0.573708 0.391363 0.064383 0.065701
3 0.574306 0.392770 0.063937 0.065149
3 0.574640 0.392899 0.064208 0.065514
3 0.575051 0.394362 0.064520 0.065864
3 0.575203 0.394101 0.064466 0.065824
3 0.575603 0.395179 0.063905 0.065138
3 0.576416 0.396100 0.064354 0.065694
3 0.576399 0.396916 0.064159 0.065432
3 0.576595 0.396943 0.064338 0.065640
3 0.577379 0.398416 0.063833 0.065034
3 0.578595 0.400355 0.064101 0.065288
3 0.578853 0.400262 0.063884 0.065097
3 0.578435 0.401766 0.064353 0.065687
3 0.579270 0.402815 0.064099 0.065383
3 0.579922 0.404475 0.064329 0.065569
3 0.579919 0.404810 0.064239 0.065500
3 0.579674 0.406159 0.064372 0.065668
3 0.579936 0.406433 0.064313 0.065558
3 0.581026 0.408816 0.064176 0.065469
3 0.581334 0.408023 0.064389 0.065695
3 0.580900 0.410058 0.064172 0.065459
3 0.581009 0.409917 0.064189 0.065469
3 0.581790 0.412762 0.063960 0.065183
3 0.582245 0.412825 0.063866 0.065140
3 0.582183 0.413800 0.063850 0.065096
3 0.582182 0.413794 0.063801 0.065034
3 0.582117 0.415611 0.063732 0.065005
3 0.582830 0.415978 0.064262 0.065544
3 0.582812 0.417364 0.064150 0.065540
3 0.583183 0.417376 0.064029 0.065347
3 0.583194 0.418814 0.063929 0.065218
3 0.583516 0.419349 0.063603 0.064889
3 0.583810 0.420652 0.063640 0.064932
3 0.585198 0.419345 0.063524 0.064798
3 0.584104 0.422291 0.063825 0.065069
3 0.584538 0.422971 0.064030 0.065382
3 0.585007 0.424576 0.063607 0.064820
3 0.585102 0.423584 0.063591 0.064771
3 0.584785 0.425035 0.063869 0.065185
3 0.584913 0.425726 0.063737 0.064925
3 0.584566 0.426789 0.063994 0.065405
3 0.585228 0.428169 0.063560 0.064779
3 0.585641 0.429152 0.063848 0.065216
3 0.585027 0.429761 0.063598 0.064831
3 0.585683 0.430419 0.063808 0.065203
3 0.585330 0.431272 0.063501 0.064847
3 0.585798 0.431990 0.063891 0.065239
3 0.585409 0.433779 0.063611 0.064928
3 0.585623 0.434604 0.063659 0.065125
3 0.585678 0.435754 0.063763 0.065138
3 0.585722 0.436169 0.063752 0.065164
3 0.585594 0.437603 0.063813 0.065221
3 0.586081 0.437816 0.064079 0.065517
3 0.586005 0.438680 0.064027 0.065613
3 0.586189 0.439214 0.064093 0.065539
3 0.585821 0.440772 0.063965 0.065518
3 0.586243 0.441770 0.064040 0.065388
3 0.585974 0.443341 0.064113 0.065519
3 0.586391 0.443292 0.063920 0.065234
3 0.586374 0.445061 0.063927 0.065272
3 0.586688 0.445136 0.063501 0.064813
3 0.586274 0.447109 0.063898 0.065232
3 0.586634 0.448073 0.063441 0.064831
3 0.586667 0.448120 0.063474 0.064863
3 0.586647 0.449358 0.063610 0.064892
3 0.586702 0.450035 0.063515 0.064910
3 0.586741 0.451524 0.063542 0.064853
3 0.586755 0.452844 0.063557 0.064890
3 0.586693 0.453980 0.063495 0.064885
3 0.586671 0.453970 0.063418 0.064816
3 0.586639 0.455420 0.063530 0.064843
3 0.586598 0.456702 0.063525 0.064871
3 0.586731 0.456976 0.063453 0.064809
3 0.586464 0.458408 0.063657 0.065112
3 0.586698 0.459266 0.063468 0.064818
3 0.586599 0.460323 0.063486 0.064901
3 0.586561 0.460956 0.063600 0.064876
3 0.586282 0.462706 0.063912 0.065233
3 0.586382 0.463042 0.063798 0.065106
3 0.586048 0.464179 0.063864 0.065387
3 0.586029 0.464522 0.063967 0.065430
3 0.585520 0.466479 0.063665 0.065081
3 0.585505 0.467101 0.063683 0.065059
3 0.585297 0.468311 0.063537 0.064925
3 0.585279 0.469305 0.063538 0.064884
3 0.585028 0.470239 0.063536 0.064895
3 0.585075 0.470293 0.063468 0.064806
3 0.585019 0.471809 0.063494 0.064878
3 0.584948 0.472747 0.063655 0.064950
3 0.584490 0.474580 0.064013 0.065395
3 0.584084 0.475223 0.063728 0.065092
3 0.584024 0.475663 0.063602 0.065031
3 0.583650 0.476014 0.063391 0.064759
3 0.583613 0.477366 0.063425 0.064781
3 0.583278 0.478418 0.063777 0.065068
3 0.583186 0.478689 0.063801 0.065081
3 0.582768 0.479681 0.063747 0.065202
3 0.582861 0.480336 0.063858 0.065255
3 0.582837 0.481125 0.063846 0.065297
3 0.582703 0.481673 0.063639 0.065151
3 0.582288 0.483188 0.063461 0.064901
3 0.582075 0.483444 0.063226 0.064658
3 0.581714 0.484922 0.063651 0.065026
3 0.581640 0.486056 0.063742 0.065135
3 0.581463 0.485942 0.063881 0.065307
3 0.580633 0.487850 0.063419 0.064795
3 0.580282 0.488214 0.063521 0.064816
3 0.579924 0.490271 0.063804 0.065135
3 0.579638 0.490423 0.063773 0.065120
3 0.579281 0.491278 0.063392 0.064836
3 0.579139 0.492311 0.063460 0.064805
3 0.578411 0.492971 0.063722 0.065190
3 0.577626 0.494441 0.063523 0.064909
3 0.577272 0.495878 0.063340 0.064688
3 0.576934 0.496360 0.063890 0.065284
3 0.576641 0.496590 0.063987 0.065467
3 0.576199 0.498258 0.063716 0.065103
3 0.575763 0.499005 0.063398 0.064844
3 0.575057 0.500529 0.063911 0.065356
3 0.574732 0.500923 0.063654 0.065094
3 0.574286 0.501751 0.063427 0.064736
3 0.573782 0.502049 0.063738 0.065030
3 0.573177 0.503117 0.063512 0.064965
3 0.572871 0.504019 0.063454 0.064794
3 0.572247 0.504449 0.063705 0.065067
3 0.571824 0.504649 0.063684 0.065184
3 0.571251 0.505880 0.063302 0.064654
3 0.570801 0.506953 0.063309 0.064764
3 0.570462 0.507666 0.063642 0.065085
3 0.569921 0.508791 0.063335 0.064844
3 0.569605 0.509037 0.063043 0.064497
3 0.568870 0.509936 0.063634 0.065031
3 0.568534 0.510515 0.063438 0.064875
3 0.567819 0.511906 0.063295 0.064606
3 0.567049 0.512845 0.063402 0.064892
3 0.566833 0.513018 0.063318 0.064803
3 0.566162 0.513811 0.063406 0.064709
3 0.565865 0.514300 0.063548 0.064899
3 0.565047 0.515716 0.063231 0.064515
3 0.564803 0.515708 0.063108 0.064350
3 0.564415 0.516598 0.063364 0.064726
3 0.564061 0.517224 0.063479 0.064837
3 0.563612 0.518119 0.063304 0.064644
3 0.563004 0.519645 0.063387 0.064644
3 0.562823 0.519405 0.063586 0.064900
3 0.562251 0.519919 0.063559 0.064906
3 0.561888 0.520583 0.063268 0.064676
3 0.561438 0.521796 0.063597 0.064875
3 0.560872 0.521854 0.063759 0.065078
3 0.560446 0.522914 0.063510 0.064900
3 0.559716 0.523836 0.063750 0.065032
3 0.559627 0.524041 0.063823 0.065126
3 0.559042 0.525990 0.063715 0.065026
3 0.558793 0.526176 0.063434 0.064716
3 0.557857 0.527280 0.063952 0.065259
3 0.557430 0.527846 0.063719 0.065047
3 0.557095 0.528225 0.063379 0.064719
3 0.556808 0.529430 0.063605 0.064840
3 0.556383 0.529832 0.063903 0.065255
3 0.555737 0.530623 0.063390 0.064749
3 0.555529 0.531082 0.063291 0.064534
3 0.555166 0.531609 0.063548 0.064797
3 0.554700 0.532048 0.063745 0.065115
3 0.554267 0.532720 0.063495 0.064823
3 0.554108 0.532963 0.063403 0.064690
3 0.553737 0.534934 0.063374 0.064612
3 0.553413 0.534821 0.063629 0.064912
3 0.552811 0.535207 0.063609 0.064895
3 0.552374 0.536225 0.063120 0.064458
3 0.552125 0.536769 0.063295 0.064591
3 0.551722 0.537638 0.063712 0.065084
3 0.551375 0.537867 0.063550 0.064977
3 0.550644 0.538613 0.063205 0.064543
3 0.550459 0.539897 0.063418 0.064789
3 0.549908 0.540742 0.063596 0.064970
3 0.549517 0.541497 0.063397 0.064755
3 0.549034 0.541932 0.063183 0.064539
3 0.548648 0.542973 0.063582 0.064882
3 0.547910 0.544335 0.063190 0.064604
3 0.547717 0.544748 0.063176 0.064441
3 0.547345 0.545599 0.063435 0.064749
3 0.547326 0.546540 0.063501 0.064782
3 0.546933 0.546843 0.063719 0.065012
3 0.546773 0.547181 0.063670 0.064957
3 0.546008 0.548143 0.063146 0.064462
3 0.545638 0.548511 0.063589 0.064829
3 0.545588 0.549331 0.063690 0.064961
3 0.545576 0.549626 0.063628 0.064944
3 0.544736 0.549951 0.063217 0.064552
3 0.544357 0.550390 0.063288 0.064498
3 0.544367 0.551332 0.063392 0.064616
3 0.543941 0.552403 0.063636 0.064877
3 0.543845 0.552492 0.063681 0.064911
3 0.543398 0.553280 0.063531 0.064785
3 0.542785 0.553952 0.063390 0.064666
3 0.542534 0.554332 0.063498 0.064743
3 0.542283 0.555366 0.063718 0.065065
3 0.541858 0.555932 0.063386 0.064760
