3 0.657031 0.423828 0.048438 0.058594
3 0.656901 0.423796 0.048385 0.058529
3 0.656771 0.423763 0.048333 0.058464
3 0.656641 0.423730 0.048281 0.058398
3 0.656510 0.423698 0.048229 0.058333
3 0.656380 0.423665 0.048177 0.058268
3 0.656250 0.423633 0.048125 0.058203
3 0.656120 0.423600 0.048073 0.058138
3 0.655990 0.423568 0.048021 0.058073
3 0.655859 0.423535 0.047969 0.058008
3 0.655729 0.423503 0.047917 0.057943
3 0.655599 0.423470 0.047865 0.057878
3 0.655469 0.423437 0.047812 0.057812
3 0.655339 0.423405 0.047760 0.057747
3 0.655208 0.423372 0.047708 0.057682
3 0.655078 0.423340 0.047656 0.057617
3 0.654948 0.423307 0.047604 0.057552
3 0.654818 0.423275 0.047552 0.057487
3 0.654687 0.423242 0.047500 0.057422
3 0.654557 0.423210 0.047448 0.057357
3 0.654427 0.423177 0.047396 0.057292
3 0.654297 0.423145 0.047344 0.057227
3 0.654167 0.423112 0.047292 0.057161
3 0.654036 0.423079 0.047240 0.057096
3 0.653906 0.423047 0.047187 0.057031
3 0.653776 0.423014 0.047135 0.056966
3 0.653646 0.422982 0.047083 0.056901
3 0.653516 0.422949 0.047031 0.056836
3 0.653385 0.422917 0.046979 0.056771
3 0.653255 0.422884 0.046927 0.056706
3 0.653125 0.422852 0.046875 0.056641
3 0.652832 0.422577 0.046973 0.056580
3 0.652539 0.422302 0.047070 0.056519
3 0.652246 0.422028 0.047168 0.056458
3 0.651953 0.421753 0.047266 0.056396
3 0.651660 0.421478 0.047363 0.056335
3 0.651367 0.421204 0.047461 0.056274
3 0.651074 0.420929 0.047559 0.056213
3 0.650781 0.420654 0.047656 0.056152
3 0.650488 0.420380 0.047754 0.056091
3 0.650195 0.420105 0.047852 0.056030
3 0.649902 0.419830 0.047949 0.055969
3 0.649609 0.419556 0.048047 0.055908
3 0.649316 0.419281 0.048145 0.055847
3 0.649023 0.419006 0.048242 0.055786
3 0.648730 0.418732 0.048340 0.055725
3 0.648438 0.418457 0.048437 0.055664
3 0.648145 0.418182 0.048535 0.055603
3 0.647852 0.417908 0.048633 0.055542
3 0.647559 0.417633 0.048730 0.055481
3 0.647266 0.417358 0.048828 0.055420
3 0.646973 0.417084 0.048926 0.055359
3 0.646680 0.416809 0.049023 0.055298
3 0.646387 0.416534 0.049121 0.055237
3 0.646094 0.416260 0.049219 0.055176
3 0.645801 0.415985 0.049316 0.055115
3 0.645508 0.415710 0.049414 0.055054
3 0.645215 0.415436 0.049512 0.054993
3 0.644922 0.415161 0.049609 0.054932
3 0.644629 0.414886 0.049707 0.054871
3 0.644336 0.414612 0.049805 0.054810
3 0.644043 0.414337 0.049902 0.054749
3 0.643750 0.414062 0.050000 0.054688
3 0.643327 0.414083 0.049870 0.054891
3 0.642904 0.414103 0.049740 0.055094
3 0.642480 0.414124 0.049609 0.055298
3 0.642057 0.414144 0.049479 0.055501
3 0.641634 0.414164 0.049349 0.055705
3 0.641211 0.414185 0.049219 0.055908
3 0.640788 0.414205 0.049089 0.056112
3 0.640365 0.414225 0.048958 0.056315
3 0.639941 0.414246 0.048828 0.056519
3 0.639518 0.414266 0.048698 0.056722
3 0.639095 0.414286 0.048568 0.056925
3 0.638672 0.414307 0.048437 0.057129
3 0.638249 0.414327 0.048307 0.057332
3 0.637826 0.414347 0.048177 0.057536
3 0.637402 0.414368 0.048047 0.057739
3 0.636979 0.414388 0.047917 0.057943
3 0.636556 0.414408 0.047786 0.058146
3 0.636133 0.414429 0.047656 0.058350
3 0.635710 0.414449 0.047526 0.058553
3 0.635286 0.414469 0.047396 0.058757
3 0.634863 0.414490 0.047266 0.058960
3 0.634440 0.414510 0.047135 0.059163
3 0.634017 0.414530 0.047005 0.059367
3 0.633594 0.414551 0.046875 0.059570
3 0.633171 0.414571 0.046745 0.059774
3 0.632747 0.414591 0.046615 0.059977
3 0.632324 0.414612 0.046484 0.060181
3 0.631901 0.414632 0.046354 0.060384
3 0.631478 0.414653 0.046224 0.060588
3 0.631055 0.414673 0.046094 0.060791
3 0.630632 0.414693 0.045964 0.060994
3 0.630208 0.414714 0.045833 0.061198
3 0.629785 0.414734 0.045703 0.061401
3 0.629362 0.414754 0.045573 0.061605
3 0.628939 0.414775 0.045443 0.061808
3 0.628516 0.414795 0.045312 0.062012
3 0.628092 0.414815 0.045182 0.062215
3 0.627669 0.414836 0.045052 0.062419
3 0.627246 0.414856 0.044922 0.062622
3 0.626823 0.414876 0.044792 0.062826
3 0.626400 0.414897 0.044661 0.063029
3 0.625977 0.414917 0.044531 0.063232
3 0.625553 0.414937 0.044401 0.063436
3 0.625130 0.414958 0.044271 0.063639
3 0.624707 0.414978 0.044141 0.063843
3 0.624284 0.414998 0.044010 0.064046
3 0.623861 0.415019 0.043880 0.064250
3 0.623437 0.415039 0.043750 0.064453
3 0.622672 0.415078 0.043656 0.064141
3 0.621906 0.415117 0.043562 0.063828
3 0.621141 0.415156 0.043469 0.063516
3 0.620375 0.415195 0.043375 0.063203
3 0.619609 0.415234 0.043281 0.062891
3 0.618844 0.415273 0.043187 0.062578
3 0.618078 0.415313 0.043094 0.062266
3 0.617312 0.415352 0.043000 0.061953
3 0.616547 0.415391 0.042906 0.061641
3 0.615781 0.415430 0.042812 0.061328
3 0.615016 0.415469 0.042719 0.061016
3 0.614250 0.415508 0.042625 0.060703
3 0.613484 0.415547 0.042531 0.060391
3 0.612719 0.415586 0.042437 0.060078
3 0.611953 0.415625 0.042344 0.059766
3 0.611187 0.415664 0.042250 0.059453
3 0.610422 0.415703 0.042156 0.059141
3 0.609656 0.415742 0.042062 0.058828
3 0.608891 0.415781 0.041969 0.058516
3 0.608125 0.415820 0.041875 0.058203
3 0.607359 0.415859 0.041781 0.057891
3 0.606594 0.415898 0.041687 0.057578
3 0.605828 0.415938 0.041594 0.057266
3 0.605062 0.415977 0.041500 0.056953
3 0.604297 0.416016 0.041406 0.056641
3 0.603531 0.416055 0.041312 0.056328
3 0.602766 0.416094 0.041219 0.056016
3 0.602000 0.416133 0.041125 0.055703
3 0.601234 0.416172 0.041031 0.055391
3 0.600469 0.416211 0.040937 0.055078
3 0.599703 0.416250 0.040844 0.054766
3 0.598937 0.416289 0.040750 0.054453
3 0.598172 0.416328 0.040656 0.054141
3 0.597406 0.416367 0.040562 0.053828
3 0.596641 0.416406 0.040469 0.053516
3 0.595875 0.416445 0.040375 0.053203
3 0.595109 0.416484 0.040281 0.052891
3 0.594344 0.416523 0.040187 0.052578
3 0.593578 0.416563 0.040094 0.052266
3 0.592812 0.416602 0.040000 0.051953
3 0.592047 0.416641 0.039906 0.051641
3 0.591281 0.416680 0.039812 0.051328
3 0.590516 0.416719 0.039719 0.051016
3 0.589750 0.416758 0.039625 0.050703
3 0.588984 0.416797 0.039531 0.050391
3 0.588219 0.416836 0.039437 0.050078
3 0.587453 0.416875 0.039344 0.049766
3 0.586687 0.416914 0.039250 0.049453
3 0.585922 0.416953 0.039156 0.049141
3 0.585156 0.416992 0.039062 0.048828
3 0.584024 0.417112 0.039286 0.048988
3 0.582892 0.417231 0.039509 0.049147
3 0.581760 0.417351 0.039732 0.049306
3 0.580628 0.417471 0.039955 0.049466
3 0.579496 0.417590 0.040179 0.049625
3 0.578364 0.417710 0.040402 0.049785
3 0.577232 0.417829 0.040625 0.049944
3 0.576100 0.417949 0.040848 0.050104
3 0.574968 0.418068 0.041071 0.050263
3 0.573836 0.418188 0.041295 0.050423
3 0.572704 0.418308 0.041518 0.050582
3 0.571572 0.418427 0.041741 0.050741
3 0.570440 0.418547 0.041964 0.050901
3 0.569308 0.418666 0.042187 0.051060
3 0.568176 0.418786 0.042411 0.051220
3 0.567044 0.418905 0.042634 0.051379
3 0.565912 0.419025 0.042857 0.051539
3 0.564780 0.419145 0.043080 0.051698
3 0.563648 0.419264 0.043304 0.051857
3 0.562516 0.419384 0.043527 0.052017
3 0.561384 0.419503 0.043750 0.052176
3 0.560252 0.419623 0.043973 0.052336
3 0.559120 0.419743 0.044196 0.052495
3 0.557988 0.419862 0.044420 0.052655
3 0.556856 0.419982 0.044643 0.052814
3 0.555724 0.420101 0.044866 0.052974
3 0.554592 0.420221 0.045089 0.053133
3 0.553460 0.420340 0.045312 0.053292
3 0.552328 0.420460 0.045536 0.053452
3 0.551196 0.420580 0.045759 0.053611
3 0.550064 0.420699 0.045982 0.053771
3 0.548932 0.420819 0.046205 0.053930
3 0.547800 0.420938 0.046429 0.054090
3 0.546668 0.421058 0.046652 0.054249
3 0.545536 0.421177 0.046875 0.054408
3 0.544404 0.421297 0.047098 0.054568
3 0.543272 0.421417 0.047321 0.054727
3 0.542140 0.421536 0.047545 0.054887
3 0.541008 0.421656 0.047768 0.055046
3 0.539876 0.421775 0.047991 0.055206
3 0.538744 0.421895 0.048214 0.055365
3 0.537612 0.422015 0.048437 0.055525
3 0.536480 0.422134 0.048661 0.055684
3 0.535348 0.422254 0.048884 0.055843
3 0.534216 0.422373 0.049107 0.056003
3 0.533084 0.422493 0.049330 0.056162
3 0.531952 0.422612 0.049554 0.056322
3 0.530820 0.422732 0.049777 0.056481
3 0.529687 0.422852 0.050000 0.056641
3 0.528516 0.423242 0.050469 0.056641
3 0.527344 0.423633 0.050938 0.056641
3 0.526172 0.424023 0.051406 0.056641
3 0.525000 0.424414 0.051875 0.056641
3 0.523828 0.424805 0.052344 0.056641
3 0.522656 0.425195 0.052813 0.056641
3 0.521484 0.425586 0.053281 0.056641
3 0.520312 0.425977 0.053750 0.056641
3 0.519141 0.426367 0.054219 0.056641
3 0.517969 0.426758 0.054688 0.056641
3 0.516286 0.426946 0.054808 0.056415
3 0.514603 0.427133 0.054928 0.056190
3 0.512921 0.427321 0.055048 0.055965
3 0.511238 0.427509 0.055168 0.055739
3 0.509555 0.427697 0.055288 0.055514
3 0.507873 0.427885 0.055409 0.055288
3 0.506190 0.428072 0.055529 0.055063
3 0.504507 0.428260 0.055649 0.054838
3 0.502825 0.428448 0.055769 0.054612
3 0.501142 0.428636 0.055889 0.054387
3 0.499459 0.428824 0.056010 0.054162
3 0.497776 0.429011 0.056130 0.053936
3 0.496094 0.429199 0.056250 0.053711
3 0.494411 0.429387 0.056370 0.053486
3 0.492728 0.429575 0.056490 0.053260
3 0.491046 0.429763 0.056611 0.053035
3 0.489363 0.429950 0.056731 0.052809
3 0.487680 0.430138 0.056851 0.052584
3 0.485998 0.430326 0.056971 0.052359
3 0.484315 0.430514 0.057091 0.052133
3 0.482632 0.430702 0.057212 0.051908
3 0.480950 0.430889 0.057332 0.051683
3 0.479267 0.431077 0.057452 0.051457
3 0.477584 0.431265 0.057572 0.051232
3 0.475901 0.431453 0.057692 0.051007
3 0.474219 0.431641 0.057813 0.050781
3 0.472344 0.431706 0.058021 0.051172
3 0.470469 0.431771 0.058229 0.051563
3 0.468594 0.431836 0.058438 0.051953
3 0.466719 0.431901 0.058646 0.052344
3 0.464844 0.431966 0.058854 0.052734
3 0.462969 0.432031 0.059063 0.053125
3 0.461094 0.432096 0.059271 0.053516
3 0.459219 0.432161 0.059479 0.053906
3 0.457344 0.432227 0.059688 0.054297
3 0.455469 0.432292 0.059896 0.054688
3 0.453594 0.432357 0.060104 0.055078
3 0.451719 0.432422 0.060313 0.055469
3 0.449844 0.432487 0.060521 0.055859
3 0.447969 0.432552 0.060729 0.056250
3 0.446094 0.432617 0.060937 0.056641
3 0.443430 0.432573 0.060724 0.056729
3 0.440767 0.432528 0.060511 0.056818
3 0.438104 0.432484 0.060298 0.056907
3 0.435440 0.432440 0.060085 0.056996
3 0.432777 0.432395 0.059872 0.057085
3 0.430114 0.432351 0.059659 0.057173
3 0.427450 0.432306 0.059446 0.057262
3 0.424787 0.432262 0.059233 0.057351
3 0.422124 0.432218 0.059020 0.057440
3 0.419460 0.432173 0.058807 0.057528
3 0.416797 0.432129 0.058594 0.057617
3 0.414134 0.432085 0.058381 0.057706
3 0.411470 0.432040 0.058168 0.057795
3 0.408807 0.431996 0.057955 0.057884
3 0.406143 0.431951 0.057741 0.057972
3 0.403480 0.431907 0.057528 0.058061
3 0.400817 0.431863 0.057315 0.058150
3 0.398153 0.431818 0.057102 0.058239
3 0.395490 0.431774 0.056889 0.058327
3 0.392827 0.431729 0.056676 0.058416
3 0.390163 0.431685 0.056463 0.058505
3 0.387500 0.431641 0.056250 0.058594
3 0.384811 0.431345 0.056468 0.058639
3 0.382122 0.431050 0.056686 0.058685
3 0.379433 0.430755 0.056904 0.058730
3 0.376744 0.430460 0.057122 0.058775
3 0.374055 0.430164 0.057340 0.058821
3 0.371366 0.429869 0.057558 0.058866
3 0.368677 0.429574 0.057776 0.058912
3 0.365988 0.429279 0.057994 0.058957
3 0.363299 0.428983 0.058212 0.059003
3 0.360610 0.428688 0.058430 0.059048
3 0.357922 0.428393 0.058648 0.059093
3 0.355233 0.428098 0.058866 0.059139
3 0.352544 0.427803 0.059084 0.059184
3 0.349855 0.427507 0.059302 0.059230
3 0.347166 0.427212 0.059520 0.059275
3 0.344477 0.426917 0.059738 0.059320
3 0.341788 0.426622 0.059956 0.059366
3 0.339099 0.426326 0.060174 0.059411
3 0.336410 0.426031 0.060392 0.059457
3 0.333721 0.425736 0.060610 0.059502
3 0.331032 0.425441 0.060828 0.059548
3 0.328343 0.425145 0.061047 0.059593
3 0.325654 0.424850 0.061265 0.059638
3 0.322965 0.424555 0.061483 0.059684
3 0.320276 0.424260 0.061701 0.059729
3 0.317587 0.423964 0.061919 0.059775
3 0.314898 0.423669 0.062137 0.059820
3 0.312209 0.423374 0.062355 0.059866
3 0.309520 0.423079 0.062573 0.059911
3 0.306831 0.422783 0.062791 0.059956
3 0.304142 0.422488 0.063009 0.060002
3 0.301453 0.422193 0.063227 0.060047
3 0.298765 0.421898 0.063445 0.060093
3 0.296076 0.421602 0.063663 0.060138
3 0.293387 0.421307 0.063881 0.060184
3 0.290698 0.421012 0.064099 0.060229
3 0.288009 0.420717 0.064317 0.060274
3 0.285320 0.420422 0.064535 0.060320
3 0.282631 0.420126 0.064753 0.060365
3 0.279942 0.419831 0.064971 0.060411
3 0.277253 0.419536 0.065189 0.060456
3 0.274564 0.419241 0.065407 0.060501
3 0.271875 0.418945 0.065625 0.060547
