3 0.415625 0.466797 0.056250 0.062500
3 0.415179 0.468680 0.055804 0.062081
3 0.414732 0.470564 0.055357 0.061663
3 0.414286 0.472447 0.054911 0.061244
3 0.413839 0.474330 0.054464 0.060826
3 0.413393 0.476214 0.054018 0.060407
3 0.412946 0.478097 0.053571 0.059989
3 0.412500 0.479980 0.053125 0.059570
3 0.412054 0.481864 0.052679 0.059152
3 0.411607 0.483747 0.052232 0.058733
3 0.411161 0.485631 0.051786 0.058315
3 0.410714 0.487514 0.051339 0.057896
3 0.410268 0.489397 0.050893 0.057478
3 0.409821 0.491281 0.050446 0.057059
3 0.409375 0.493164 0.050000 0.056641
3 0.409014 0.495944 0.049760 0.056190
3 0.408654 0.498723 0.049519 0.055739
3 0.408293 0.501502 0.049279 0.055288
3 0.407933 0.504282 0.049038 0.054838
3 0.407572 0.507061 0.048798 0.054387
3 0.407212 0.509841 0.048558 0.053936
3 0.406851 0.512620 0.048317 0.053486
3 0.406490 0.515400 0.048077 0.053035
3 0.406130 0.518179 0.047837 0.052584
3 0.405769 0.520959 0.047596 0.052133
3 0.405409 0.523738 0.047356 0.051683
3 0.405048 0.526517 0.047115 0.051232
3 0.404687 0.529297 0.046875 0.050781
3 0.404753 0.530843 0.047526 0.051595
3 0.404818 0.532389 0.048177 0.052409
3 0.404883 0.533936 0.048828 0.053223
3 0.404948 0.535482 0.049479 0.054036
3 0.405013 0.537028 0.050130 0.054850
3 0.405078 0.538574 0.050781 0.055664
3 0.405143 0.540120 0.051432 0.056478
3 0.405208 0.541667 0.052083 0.057292
3 0.405273 0.543213 0.052734 0.058105
3 0.405339 0.544759 0.053385 0.058919
3 0.405404 0.546305 0.054036 0.059733
3 0.405469 0.547852 0.054688 0.060547
3 0.405966 0.546786 0.054830 0.060192
3 0.406463 0.545721 0.054972 0.059837
3 0.406960 0.544656 0.055114 0.059482
3 0.407457 0.543590 0.055256 0.059126
3 0.407955 0.542525 0.055398 0.058771
3 0.408452 0.541460 0.055540 0.058416
3 0.408949 0.540394 0.055682 0.058061
3 0.409446 0.539329 0.055824 0.057706
3 0.409943 0.538263 0.055966 0.057351
3 0.410440 0.537198 0.056108 0.056996
3 0.410938 0.536133 0.056250 0.056641
3 0.411932 0.534890 0.056534 0.056641
3 0.412926 0.533647 0.056818 0.056641
3 0.413920 0.532404 0.057102 0.056641
3 0.414915 0.531161 0.057386 0.056641
3 0.415909 0.529918 0.057670 0.056641
3 0.416903 0.528675 0.057955 0.056641
3 0.417898 0.527433 0.058239 0.056641
3 0.418892 0.526190 0.058523 0.056641
3 0.419886 0.524947 0.058807 0.056641
3 0.420881 0.523704 0.059091 0.056641
3 0.421875 0.522461 0.059375 0.056641
3 0.422443 0.522372 0.059659 0.057173
3 0.423011 0.522283 0.059943 0.057706
3 0.423580 0.522195 0.060227 0.058239
3 0.424148 0.522106 0.060511 0.058771
3 0.424716 0.522017 0.060795 0.059304
3 0.425284 0.521928 0.061080 0.059837
3 0.425852 0.521839 0.061364 0.060369
3 0.426420 0.521751 0.061648 0.060902
3 0.426989 0.521662 0.061932 0.061435
3 0.427557 0.521573 0.062216 0.061967
3 0.428125 0.521484 0.062500 0.062500
3 0.428733 0.520616 0.062674 0.062934
3 0.429340 0.519748 0.062847 0.063368
3 0.429948 0.518880 0.063021 0.063802
3 0.430556 0.518012 0.063194 0.064236
3 0.431163 0.517144 0.063368 0.064670
3 0.431771 0.516276 0.063542 0.065104
3 0.432378 0.515408 0.063715 0.065538
3 0.432986 0.514540 0.063889 0.065972
3 0.433594 0.513672 0.064062 0.066406
3 0.433906 0.513086 0.063750 0.067187
3 0.434219 0.512500 0.063438 0.067969
3 0.434531 0.511914 0.063125 0.068750
3 0.434844 0.511328 0.062813 0.069531
3 0.435156 0.510742 0.062500 0.070312
3 0.435469 0.510156 0.062188 0.071094
3 0.435781 0.509570 0.061875 0.071875
3 0.436094 0.508984 0.061563 0.072656
3 0.436406 0.508398 0.061250 0.073437
3 0.436719 0.507812 0.060937 0.074219
3 0.436790 0.506570 0.060795 0.073864
3 0.436861 0.505327 0.060653 0.073509
3 0.436932 0.504084 0.060511 0.073153
3 0.437003 0.502841 0.060369 0.072798
3 0.437074 0.501598 0.060227 0.072443
3 0.437145 0.500355 0.060085 0.072088
3 0.437216 0.499112 0.059943 0.071733
3 0.437287 0.497869 0.059801 0.071378
3 0.437358 0.496626 0.059659 0.071023
3 0.437429 0.495384 0.059517 0.070668
3 0.437500 0.494141 0.059375 0.070312
3 0.437891 0.492798 0.059375 0.071045
3 0.438281 0.491455 0.059375 0.071777
3 0.438672 0.490112 0.059375 0.072510
3 0.439062 0.488770 0.059375 0.073242
3 0.439453 0.487427 0.059375 0.073975
3 0.439844 0.486084 0.059375 0.074707
3 0.440234 0.484741 0.059375 0.075439
3 0.440625 0.483398 0.059375 0.076172
3 0.441250 0.482227 0.059375 0.075391
3 0.441875 0.481055 0.059375 0.074609
3 0.442500 0.479883 0.059375 0.073828
3 0.443125 0.478711 0.059375 0.073047
3 0.443750 0.477539 0.059375 0.072266
3 0.444375 0.476367 0.059375 0.071484
3 0.445000 0.475195 0.059375 0.070703
3 0.445625 0.474023 0.059375 0.069922
3 0.446250 0.472852 0.059375 0.069141
3 0.446875 0.471680 0.059375 0.068359
3 0.447168 0.470215 0.059961 0.070801
3 0.447461 0.468750 0.060547 0.073242
3 0.447754 0.467285 0.061133 0.075684
3 0.448047 0.465820 0.061719 0.078125
3 0.448340 0.464355 0.062305 0.080566
3 0.448633 0.462891 0.062891 0.083008
3 0.448926 0.461426 0.063477 0.085449
3 0.449219 0.459961 0.064062 0.087891
3 0.449265 0.458525 0.064706 0.088006
3 0.449311 0.457089 0.065349 0.088120
3 0.449357 0.455653 0.065993 0.088235
3 0.449403 0.454216 0.066636 0.088350
3 0.449449 0.452780 0.067279 0.088465
3 0.449494 0.451344 0.067923 0.088580
3 0.449540 0.449908 0.068566 0.088695
3 0.449586 0.448472 0.069210 0.088810
3 0.449632 0.447036 0.069853 0.088925
3 0.449678 0.445600 0.070496 0.089040
3 0.449724 0.444164 0.071140 0.089154
3 0.449770 0.442727 0.071783 0.089269
3 0.449816 0.441291 0.072426 0.089384
3 0.449862 0.439855 0.073070 0.089499
3 0.449908 0.438419 0.073713 0.089614
3 0.449954 0.436983 0.074357 0.089729
3 0.450000 0.435547 0.075000 0.089844
3 0.449858 0.434748 0.075284 0.089666
3 0.449716 0.433949 0.075568 0.089489
3 0.449574 0.433150 0.075852 0.089311
3 0.449432 0.432351 0.076136 0.089134
3 0.449290 0.431552 0.076420 0.088956
3 0.449148 0.430753 0.076705 0.088778
3 0.449006 0.429954 0.076989 0.088601
3 0.448864 0.429155 0.077273 0.088423
3 0.448722 0.428356 0.077557 0.088246
3 0.448580 0.427557 0.077841 0.088068
3 0.448437 0.426758 0.078125 0.087891
3 0.448203 0.428809 0.078281 0.089648
3 0.447969 0.430859 0.078437 0.091406
3 0.447734 0.432910 0.078594 0.093164
3 0.447500 0.434961 0.078750 0.094922
3 0.447266 0.437012 0.078906 0.096680
3 0.447031 0.439062 0.079062 0.098437
3 0.446797 0.441113 0.079219 0.100195
3 0.446563 0.443164 0.079375 0.101953
3 0.446328 0.445215 0.079531 0.103711
3 0.446094 0.447266 0.079687 0.105469
3 0.446582 0.448364 0.079883 0.104736
3 0.447070 0.449463 0.080078 0.104004
3 0.447559 0.450562 0.080273 0.103271
3 0.448047 0.451660 0.080469 0.102539
3 0.448535 0.452759 0.080664 0.101807
3 0.449023 0.453857 0.080859 0.101074
3 0.449512 0.454956 0.081055 0.100342
3 0.450000 0.456055 0.081250 0.099609
3 0.450955 0.454753 0.082118 0.099609
3 0.451910 0.453451 0.082986 0.099609
3 0.452865 0.452148 0.083854 0.099609
3 0.453819 0.450846 0.084722 0.099609
3 0.454774 0.449544 0.085590 0.099609
3 0.455729 0.448242 0.086458 0.099609
3 0.456684 0.446940 0.087326 0.099609
3 0.457639 0.445638 0.088194 0.099609
3 0.458594 0.444336 0.089063 0.099609
3 0.458594 0.441284 0.089063 0.100830
3 0.458594 0.438232 0.089063 0.102051
3 0.458594 0.435181 0.089063 0.103271
3 0.458594 0.432129 0.089063 0.104492
3 0.458594 0.429077 0.089063 0.105713
3 0.458594 0.426025 0.089063 0.106934
3 0.458594 0.422974 0.089063 0.108154
3 0.458594 0.419922 0.089063 0.109375
3 0.458125 0.417383 0.088750 0.108984
3 0.457656 0.414844 0.088437 0.108594
3 0.457187 0.412305 0.088125 0.108203
3 0.456719 0.409766 0.087812 0.107812
3 0.456250 0.407227 0.087500 0.107422
3 0.455781 0.404687 0.087187 0.107031
3 0.455312 0.402148 0.086875 0.106641
3 0.454844 0.399609 0.086562 0.106250
3 0.454375 0.397070 0.086250 0.105859
3 0.453906 0.394531 0.085938 0.105469
3 0.454141 0.393262 0.086094 0.107227
3 0.454375 0.391992 0.086250 0.108984
3 0.454609 0.390723 0.086406 0.110742
3 0.454844 0.389453 0.086562 0.112500
3 0.455078 0.388184 0.086719 0.114258
3 0.455312 0.386914 0.086875 0.116016
3 0.455547 0.385645 0.087031 0.117773
3 0.455781 0.384375 0.087187 0.119531
3 0.456016 0.383105 0.087344 0.121289
3 0.456250 0.381836 0.087500 0.123047
3 0.456585 0.381975 0.088616 0.123326
3 0.456920 0.382115 0.089732 0.123605
3 0.457254 0.382254 0.090848 0.123884
3 0.457589 0.382394 0.091964 0.124163
3 0.457924 0.382533 0.093080 0.124442
3 0.458259 0.382673 0.094196 0.124721
3 0.458594 0.382812 0.095312 0.125000
3 0.459570 0.384888 0.094922 0.123779
3 0.460547 0.386963 0.094531 0.122559
3 0.461523 0.389038 0.094141 0.121338
3 0.462500 0.391113 0.093750 0.120117
3 0.463477 0.393188 0.093359 0.118896
3 0.464453 0.395264 0.092969 0.117676
3 0.465430 0.397339 0.092578 0.116455
3 0.466406 0.399414 0.092188 0.115234
3 0.467318 0.400553 0.093490 0.117513
3 0.468229 0.401693 0.094792 0.119792
3 0.469141 0.402832 0.096094 0.122070
3 0.470052 0.403971 0.097396 0.124349
3 0.470964 0.405111 0.098698 0.126628
3 0.471875 0.406250 0.100000 0.128906
3 0.471484 0.409017 0.100781 0.127279
3 0.471094 0.411784 0.101562 0.125651
3 0.470703 0.414551 0.102344 0.124023
3 0.470313 0.417318 0.103125 0.122396
3 0.469922 0.420085 0.103906 0.120768
3 0.469531 0.422852 0.104688 0.119141
3 0.468862 0.424665 0.105134 0.118862
3 0.468192 0.426479 0.105580 0.118583
3 0.467522 0.428292 0.106027 0.118304
3 0.466853 0.430106 0.106473 0.118025
3 0.466183 0.431920 0.106920 0.117746
3 0.465513 0.433733 0.107366 0.117467
3 0.464844 0.435547 0.107813 0.117188
3 0.464062 0.435669 0.106250 0.117432
3 0.463281 0.435791 0.104687 0.117676
3 0.462500 0.435913 0.103125 0.117920
3 0.461719 0.436035 0.101562 0.118164
3 0.460937 0.436157 0.100000 0.118408
3 0.460156 0.436279 0.098437 0.118652
3 0.459375 0.436401 0.096875 0.118896
3 0.458594 0.436523 0.095312 0.119141
3 0.458482 0.434291 0.096875 0.121373
3 0.458371 0.432059 0.098437 0.123605
3 0.458259 0.429827 0.100000 0.125837
3 0.458147 0.427595 0.101562 0.128069
3 0.458036 0.425363 0.103125 0.130301
3 0.457924 0.423131 0.104687 0.132533
3 0.457812 0.420898 0.106250 0.134766
3 0.458073 0.419515 0.105990 0.134603
3 0.458333 0.418132 0.105729 0.134440
3 0.458594 0.416748 0.105469 0.134277
3 0.458854 0.415365 0.105208 0.134115
3 0.459115 0.413981 0.104948 0.133952
3 0.459375 0.412598 0.104688 0.133789
3 0.459635 0.411214 0.104427 0.133626
3 0.459896 0.409831 0.104167 0.133464
3 0.460156 0.408447 0.103906 0.133301
3 0.460417 0.407064 0.103646 0.133138
3 0.460677 0.405680 0.103385 0.132975
3 0.460938 0.404297 0.103125 0.132812
3 0.461861 0.404741 0.102983 0.132990
3 0.462784 0.405185 0.102841 0.133168
3 0.463707 0.405629 0.102699 0.133345
3 0.464631 0.406072 0.102557 0.133523
3 0.465554 0.406516 0.102415 0.133700
3 0.466477 0.406960 0.102273 0.133878
3 0.467401 0.407404 0.102131 0.134055
3 0.468324 0.407848 0.101989 0.134233
3 0.469247 0.408292 0.101847 0.134411
3 0.470170 0.408736 0.101705 0.134588
3 0.471094 0.409180 0.101562 0.134766
3 0.470634 0.409926 0.101930 0.134421
3 0.470175 0.410673 0.102298 0.134076
3 0.469715 0.411420 0.102665 0.133732
3 0.469256 0.412167 0.103033 0.133387
3 0.468796 0.412914 0.103401 0.133042
3 0.468336 0.413660 0.103768 0.132698
3 0.467877 0.414407 0.104136 0.132353
3 0.467417 0.415154 0.104504 0.132008
3 0.466958 0.415901 0.104871 0.131664
3 0.466498 0.416648 0.105239 0.131319
3 0.466039 0.417394 0.105607 0.130974
3 0.465579 0.418141 0.105974 0.130630
3 0.465119 0.418888 0.106342 0.130285
3 0.464660 0.419635 0.106710 0.129940
3 0.464200 0.420381 0.107077 0.129596
3 0.463741 0.421128 0.107445 0.129251
3 0.463281 0.421875 0.107813 0.128906
