3 0.542187 0.558594 0.043750 0.058594
3 0.542034 0.559802 0.052698 0.070086
3 0.541745 0.560295 0.054224 0.072074
3 0.541301 0.561172 0.055452 0.073663
3 0.541184 0.561627 0.054443 0.072803
3 0.540696 0.562197 0.049229 0.065636
3 0.540321 0.562609 0.046815 0.062648
3 0.540071 0.563580 0.061360 0.081576
3 0.539624 0.564352 0.053006 0.070767
3 0.539456 0.565833 0.055887 0.074477
3 0.538973 0.566280 0.051001 0.067949
3 0.538870 0.566919 0.050295 0.067030
3 0.538674 0.567036 0.053219 0.071209
3 0.538223 0.567631 0.060231 0.080493
3 0.537977 0.568188 0.056829 0.075649
3 0.537381 0.568844 0.052729 0.069942
3 0.537447 0.568830 0.052365 0.069493
3 0.537442 0.569598 0.060331 0.079623
3 0.537115 0.570401 0.054465 0.072599
3 0.536800 0.570653 0.058534 0.078125
3 0.535840 0.571545 0.060752 0.080120
3 0.535872 0.571159 0.054076 0.071669
3 0.535623 0.571581 0.061309 0.081305
3 0.535413 0.572733 0.063101 0.084050
3 0.534752 0.573397 0.059875 0.079479
3 0.534833 0.573515 0.059545 0.079220
3 0.534406 0.573965 0.055016 0.072936
3 0.534386 0.574244 0.050020 0.066557
3 0.534076 0.575266 0.056268 0.074673
3 0.534056 0.575221 0.053370 0.071078
3 0.533852 0.576043 0.062104 0.082801
3 0.533173 0.576741 0.051069 0.068278
3 0.532728 0.577790 0.053376 0.070802
3 0.532600 0.577836 0.051472 0.068403
3 0.532425 0.578335 0.049988 0.066694
3 0.532127 0.579051 0.059764 0.079924
3 0.531498 0.579916 0.052982 0.070435
3 0.531449 0.579892 0.055405 0.073509
3 0.531049 0.580689 0.053100 0.070489
3 0.530816 0.581479 0.063292 0.084292
3 0.530326 0.582199 0.055793 0.074716
3 0.529860 0.582598 0.054210 0.071990
3 0.529850 0.582670 0.053859 0.071542
3 0.529543 0.583620 0.061565 0.081350
3 0.529522 0.583606 0.061906 0.081829
3 0.529266 0.583966 0.057220 0.076495
3 0.529066 0.584070 0.063589 0.084938
3 0.528553 0.584795 0.056847 0.075650
3 0.528372 0.585667 0.058193 0.077082
3 0.528023 0.585615 0.057599 0.076177
3 0.527806 0.585956 0.054271 0.072237
3 0.527703 0.586244 0.062660 0.083236
3 0.527536 0.586236 0.064497 0.085706
3 0.526806 0.586755 0.053274 0.071024
3 0.526650 0.587130 0.056958 0.075649
3 0.526489 0.587801 0.049300 0.065909
3 0.526308 0.588399 0.053076 0.070799
3 0.526258 0.588573 0.054753 0.073013
3 0.526133 0.589431 0.068525 0.091541
3 0.525516 0.589600 0.056218 0.075250
3 0.525370 0.589772 0.050719 0.067747
3 0.525176 0.589997 0.047549 0.063593
3 0.524999 0.590191 0.045612 0.061062
3 0.524689 0.590970 0.055135 0.073780
3 0.524624 0.591011 0.056041 0.074907
3 0.524391 0.592238 0.061428 0.081099
3 0.524113 0.592260 0.056519 0.074862
3 0.523870 0.592927 0.053495 0.071518
3 0.523212 0.593037 0.052524 0.070321
3 0.523010 0.593348 0.063018 0.083603
3 0.522841 0.593884 0.063820 0.084361
3 0.522363 0.594450 0.053244 0.071135
3 0.521949 0.595381 0.051880 0.069062
3 0.521707 0.596007 0.048874 0.065304
3 0.521509 0.596575 0.053848 0.072095
3 0.521483 0.597307 0.060076 0.080319
3 0.520956 0.597605 0.057127 0.076073
3 0.520883 0.598059 0.053498 0.071439
3 0.520714 0.598416 0.051916 0.069153
3 0.520246 0.598496 0.052447 0.069348
3 0.520215 0.599418 0.050667 0.067088
3 0.519908 0.599963 0.049934 0.066520
3 0.519951 0.600603 0.055335 0.073444
3 0.519685 0.601263 0.061416 0.082211
3 0.519033 0.601436 0.050492 0.067312
3 0.518969 0.601775 0.048650 0.064854
3 0.518821 0.601930 0.047852 0.063669
3 0.518539 0.602977 0.057133 0.075579
3 0.518487 0.603276 0.050319 0.066859
3 0.518231 0.603705 0.054412 0.072559
3 0.518206 0.603669 0.057518 0.076414
3 0.517196 0.605020 0.049758 0.066184
3 0.517201 0.604953 0.049856 0.066315
3 0.517226 0.604974 0.049832 0.066331
3 0.517225 0.604958 0.049484 0.065928
3 0.517201 0.605780 0.044483 0.059519
3 0.516731 0.605928 0.058028 0.076840
3 0.516732 0.607405 0.058350 0.077214
3 0.516720 0.607381 0.058753 0.077640
3 0.516077 0.607724 0.050329 0.067005
3 0.516066 0.608219 0.050502 0.067484
3 0.515779 0.608470 0.046314 0.062007
3 0.515754 0.608894 0.044094 0.058814
3 0.515364 0.609252 0.042563 0.056564
3 0.515403 0.609823 0.043065 0.057380
3 0.515183 0.610949 0.055809 0.073624
3 0.515187 0.610935 0.053998 0.071318
3 0.515152 0.611401 0.058150 0.076505
3 0.514047 0.611795 0.041659 0.055689
3 0.514042 0.612807 0.040893 0.054719
3 0.513704 0.612831 0.042863 0.057191
3 0.513939 0.613066 0.039777 0.053027
3 0.513862 0.613177 0.039892 0.053156
3 0.513668 0.614690 0.048898 0.064953
3 0.513305 0.614420 0.058848 0.078059
3 0.513388 0.615070 0.060258 0.079397
3 0.512408 0.616530 0.048386 0.064429
3 0.512549 0.616640 0.046182 0.061670
3 0.512194 0.617040 0.043258 0.057623
3 0.512921 0.616645 0.051560 0.068675
3 0.512322 0.618550 0.045477 0.060795
3 0.511686 0.618622 0.060051 0.079323
3 0.511659 0.618687 0.059033 0.078081
3 0.511718 0.618778 0.060303 0.079630
3 0.512315 0.618696 0.046285 0.061834
3 0.511665 0.619579 0.058198 0.076651
3 0.510638 0.620806 0.048754 0.064739
3 0.510511 0.620982 0.068647 0.089905
3 0.511645 0.620743 0.060852 0.080433
3 0.511550 0.621945 0.058657 0.077652
3 0.510219 0.622044 0.066771 0.087977
3 0.509453 0.623632 0.048623 0.064648
3 0.510688 0.623217 0.059293 0.077845
3 0.510694 0.623213 0.052683 0.069494
3 0.509424 0.624444 0.047819 0.063926
3 0.509057 0.624531 0.071568 0.093876
3 0.509446 0.624437 0.046937 0.062844
3 0.509974 0.624421 0.056950 0.075735
3 0.509487 0.624721 0.046076 0.061379
3 0.509042 0.625110 0.050979 0.067363
3 0.508118 0.625677 0.048835 0.065067
3 0.508012 0.626553 0.045860 0.061209
3 0.509022 0.626621 0.052685 0.069722
3 0.511960 0.626459 0.068117 0.090093
3 0.513570 0.627325 0.066940 0.087810
3 0.513906 0.627124 0.043499 0.058166
3 0.513890 0.627593 0.046674 0.062390
3 0.514725 0.626464 0.059602 0.079499
3 0.515311 0.626828 0.060427 0.079700
3 0.517720 0.628540 0.055234 0.073502
3 0.519170 0.629455 0.050331 0.066941
3 0.520000 0.628947 0.048081 0.063798
3 0.519133 0.628559 0.049708 0.066145
3 0.519979 0.626422 0.070100 0.092421
3 0.521484 0.622863 0.067251 0.088145
3 0.523961 0.624657 0.052110 0.069075
3 0.524636 0.622233 0.069357 0.091471
3 0.522377 0.614706 0.055670 0.074332
3 0.522118 0.622510 0.052067 0.069589
3 0.522093 0.622498 0.054408 0.072561
3 0.520573 0.616500 0.054835 0.073209
3 0.518856 0.617237 0.046782 0.062235
3 0.518954 0.620502 0.056318 0.075070
3 0.517202 0.620550 0.056242 0.074912
3 0.512008 0.614779 0.072768 0.096277
3 0.510713 0.616793 0.061808 0.081861
3 0.511404 0.616954 0.055459 0.073131
3 0.510805 0.614722 0.063494 0.084385
3 0.509021 0.614727 0.076088 0.100251
3 0.509136 0.614814 0.072994 0.096002
3 0.509134 0.610966 0.072467 0.095281
3 0.509094 0.610182 0.069920 0.091730
3 0.509232 0.611471 0.050895 0.067317
3 0.509195 0.608982 0.056753 0.074963
3 0.508977 0.608689 0.073036 0.096130
3 0.509231 0.610653 0.062047 0.082316
3 0.509321 0.608695 0.060094 0.079872
3 0.503963 0.577541 0.067376 0.089064
3 0.503013 0.550144 0.065046 0.086076
3 0.504734 0.545408 0.053030 0.070177
3 0.506304 0.544504 0.053453 0.070912
3 0.504510 0.544903 0.058540 0.076800
3 0.504571 0.546459 0.059683 0.078513
3 0.505910 0.548723 0.074008 0.095998
3 0.505896 0.549179 0.074094 0.096123
3 0.505940 0.550281 0.076206 0.099043
3 0.504521 0.556355 0.063285 0.082484
3 0.505740 0.566601 0.071587 0.092905
3 0.507491 0.567509 0.077847 0.101529
3 0.506203 0.565730 0.063966 0.084069
3 0.506195 0.569606 0.064892 0.085209
3 0.505307 0.577452 0.062653 0.082341
3 0.507676 0.575828 0.057294 0.074876
3 0.509057 0.578273 0.074966 0.096954
3 0.508925 0.578784 0.073458 0.095444
3 0.508192 0.578731 0.055643 0.073142
3 0.508125 0.580095 0.053469 0.069979
3 0.508064 0.580102 0.052480 0.068702
3 0.508133 0.581305 0.055100 0.072775
3 0.508132 0.581251 0.055480 0.073414
3 0.507792 0.581236 0.055596 0.073543
3 0.507756 0.581549 0.050750 0.066609
3 0.507603 0.581600 0.064789 0.084210
3 0.507581 0.581922 0.061458 0.079749
3 0.507611 0.581937 0.061760 0.080051
3 0.507580 0.583463 0.060575 0.078718
3 0.507580 0.583463 0.060575 0.078718
3 0.507100 0.583788 0.063677 0.082560
3 0.507116 0.583830 0.065112 0.084399
3 0.507098 0.584004 0.061916 0.079920
3 0.507096 0.584549 0.063375 0.082251
3 0.507021 0.585330 0.059475 0.077260
3 0.506943 0.585398 0.057265 0.074464
3 0.506977 0.586078 0.057473 0.074530
3 0.506762 0.586407 0.052518 0.068475
3 0.506809 0.587033 0.053732 0.070143
3 0.506622 0.587010 0.050100 0.065546
3 0.506535 0.587528 0.045536 0.059135
3 0.506269 0.588136 0.044908 0.058683
3 0.506272 0.588295 0.045094 0.059022
3 0.506192 0.589339 0.041882 0.054666
3 0.506164 0.589337 0.041909 0.054700
3 0.506151 0.590200 0.043665 0.057154
3 0.506136 0.590169 0.044658 0.058374
3 0.506167 0.590777 0.047762 0.062697
3 0.506063 0.591594 0.044424 0.057765
3 0.506041 0.591590 0.044113 0.057381
3 0.505976 0.592509 0.056419 0.073453
3 0.505979 0.592491 0.057849 0.075296
3 0.505900 0.593196 0.054607 0.070482
3 0.505896 0.593630 0.055550 0.071729
3 0.505915 0.593686 0.061553 0.079383
3 0.505954 0.594250 0.065430 0.084687
3 0.505993 0.594831 0.071495 0.092595
3 0.505382 0.594875 0.060063 0.078245
3 0.505268 0.595479 0.054537 0.070678
3 0.505229 0.595535 0.055242 0.071479
3 0.505248 0.596122 0.056964 0.074042
3 0.505350 0.596779 0.060154 0.078425
3 0.505280 0.597090 0.056952 0.073739
3 0.505242 0.597637 0.057278 0.074032
3 0.505261 0.598275 0.059494 0.077367
3 0.505136 0.599171 0.054571 0.070579
3 0.505146 0.599177 0.054836 0.070953
3 0.505148 0.599689 0.055652 0.072138
3 0.505120 0.600806 0.056906 0.073974
3 0.504723 0.600806 0.054604 0.071143
3 0.504695 0.601170 0.051621 0.067023
3 0.504666 0.601590 0.052316 0.067958
3 0.504749 0.602235 0.055098 0.072002
3 0.504700 0.603137 0.051872 0.067371
3 0.504684 0.603125 0.052135 0.067694
3 0.504645 0.603449 0.052158 0.067743
3 0.504723 0.604574 0.056504 0.073661
3 0.504626 0.604912 0.051702 0.067081
3 0.504641 0.605285 0.052203 0.067501
3 0.504578 0.605976 0.074220 0.095597
3 0.504585 0.606148 0.073530 0.094886
3 0.504560 0.606660 0.071556 0.092225
3 0.504526 0.607044 0.070352 0.090467
3 0.504580 0.608100 0.073311 0.094724
3 0.503994 0.608065 0.068180 0.088295
3 0.503912 0.608922 0.063901 0.082362
3 0.503965 0.609396 0.064929 0.083697
3 0.504025 0.610031 0.068094 0.088225
3 0.503960 0.610000 0.066594 0.086326
3 0.503862 0.611315 0.062356 0.080718
3 0.503706 0.611279 0.058083 0.075343
3 0.503692 0.612495 0.059588 0.077908
3 0.503688 0.612482 0.059356 0.077603
3 0.503476 0.613136 0.051570 0.067043
3 0.503432 0.613138 0.050357 0.065502
3 0.503364 0.613612 0.050753 0.066293
3 0.503144 0.614217 0.057093 0.074956
3 0.503035 0.614690 0.050567 0.065862
3 0.502982 0.615289 0.051951 0.067505
3 0.502989 0.615352 0.051730 0.067302
3 0.503040 0.616492 0.053921 0.070302
3 0.503051 0.616570 0.053256 0.069317
3 0.503049 0.616722 0.052784 0.068680
3 0.502993 0.617118 0.054001 0.070128
3 0.503073 0.617764 0.057345 0.074928
3 0.503020 0.618498 0.058667 0.076078
3 0.503007 0.618625 0.065181 0.084241
3 0.502962 0.618943 0.063104 0.081573
3 0.502929 0.619397 0.074911 0.096346
3 0.502906 0.619702 0.077042 0.099301
3 0.502827 0.620033 0.076970 0.099637
3 0.502772 0.620396 0.075368 0.097547
3 0.502708 0.620529 0.071813 0.092504
3 0.502553 0.622501 0.066186 0.085399
3 0.502415 0.622357 0.062529 0.080637
3 0.502320 0.622444 0.060000 0.077531
3 0.502184 0.622451 0.056175 0.072668
3 0.502044 0.623101 0.052822 0.068377
3 0.502082 0.623870 0.056697 0.073956
3 0.502013 0.623901 0.054733 0.071545
3 0.501890 0.624250 0.049170 0.063810
3 0.501803 0.625013 0.047369 0.061434
3 0.501514 0.625137 0.045557 0.059259
3 0.501522 0.625699 0.050695 0.066297
3 0.501472 0.626116 0.048294 0.062856
3 0.501431 0.626240 0.051547 0.066908
