3 0.621875 0.670898 0.059375 0.072266
3 0.622122 0.670866 0.059401 0.072201
3 0.622370 0.670833 0.059427 0.072135
3 0.622617 0.670801 0.059453 0.072070
3 0.622865 0.670768 0.059479 0.072005
3 0.623112 0.670736 0.059505 0.071940
3 0.623359 0.670703 0.059531 0.071875
3 0.623607 0.670671 0.059557 0.071810
3 0.623854 0.670638 0.059583 0.071745
3 0.624102 0.670605 0.059609 0.071680
3 0.624349 0.670573 0.059635 0.071615
3 0.624596 0.670540 0.059661 0.071549
3 0.624844 0.670508 0.059688 0.071484
3 0.625091 0.670475 0.059714 0.071419
3 0.625339 0.670443 0.059740 0.071354
3 0.625586 0.670410 0.059766 0.071289
3 0.625833 0.670378 0.059792 0.071224
3 0.626081 0.670345 0.059818 0.071159
3 0.626328 0.670312 0.059844 0.071094
3 0.626576 0.670280 0.059870 0.071029
3 0.626823 0.670247 0.059896 0.070964
3 0.627070 0.670215 0.059922 0.070898
3 0.627318 0.670182 0.059948 0.070833
3 0.627565 0.670150 0.059974 0.070768
3 0.627813 0.670117 0.060000 0.070703
3 0.628060 0.670085 0.060026 0.070638
3 0.628307 0.670052 0.060052 0.070573
3 0.628555 0.670020 0.060078 0.070508
3 0.628802 0.669987 0.060104 0.070443
3 0.629049 0.669954 0.060130 0.070378
3 0.629297 0.669922 0.060156 0.070312
3 0.629544 0.669889 0.060182 0.070247
3 0.629792 0.669857 0.060208 0.070182
3 0.630039 0.669824 0.060234 0.070117
3 0.630286 0.669792 0.060260 0.070052
3 0.630534 0.669759 0.060286 0.069987
3 0.630781 0.669727 0.060313 0.069922
3 0.631029 0.669694 0.060339 0.069857
3 0.631276 0.669661 0.060365 0.069792
3 0.631523 0.669629 0.060391 0.069727
3 0.631771 0.669596 0.060417 0.069661
3 0.632018 0.669564 0.060443 0.069596
3 0.632266 0.669531 0.060469 0.069531
3 0.632513 0.669499 0.060495 0.069466
3 0.632760 0.669466 0.060521 0.069401
3 0.633008 0.669434 0.060547 0.069336
3 0.633255 0.669401 0.060573 0.069271
3 0.633503 0.669368 0.060599 0.069206
3 0.633750 0.669336 0.060625 0.069141
3 0.633997 0.669303 0.060651 0.069076
3 0.634245 0.669271 0.060677 0.069010
3 0.634492 0.669238 0.060703 0.068945
3 0.634740 0.669206 0.060729 0.068880
3 0.634987 0.669173 0.060755 0.068815
3 0.635234 0.669141 0.060781 0.068750
3 0.635482 0.669108 0.060807 0.068685
3 0.635729 0.669076 0.060833 0.068620
3 0.635977 0.669043 0.060859 0.068555
3 0.636224 0.669010 0.060885 0.068490
3 0.636471 0.668978 0.060911 0.068424
3 0.636719 0.668945 0.060937 0.068359
3 0.636912 0.669006 0.060783 0.068287
3 0.637105 0.669066 0.060629 0.068215
3 0.637297 0.669126 0.060475 0.068142
3 0.637490 0.669186 0.060320 0.068070
3 0.637683 0.669247 0.060166 0.067998
3 0.637876 0.669307 0.060012 0.067925
3 0.638069 0.669367 0.059857 0.067853
3 0.638262 0.669428 0.059703 0.067781
3 0.638455 0.669488 0.059549 0.067708
3 0.638648 0.669548 0.059394 0.067636
3 0.638841 0.669608 0.059240 0.067564
3 0.639034 0.669669 0.059086 0.067491
3 0.639226 0.669729 0.058931 0.067419
3 0.639419 0.669789 0.058777 0.067347
3 0.639612 0.669850 0.058623 0.067274
3 0.639805 0.669910 0.058468 0.067202
3 0.639998 0.669970 0.058314 0.067130
3 0.640191 0.670030 0.058160 0.067057
3 0.640384 0.670091 0.058005 0.066985
3 0.640577 0.670151 0.057851 0.066913
3 0.640770 0.670211 0.057697 0.066840
3 0.640963 0.670272 0.057542 0.066768
3 0.641155 0.670332 0.057388 0.066696
3 0.641348 0.670392 0.057234 0.066623
3 0.641541 0.670452 0.057079 0.066551
3 0.641734 0.670513 0.056925 0.066479
3 0.641927 0.670573 0.056771 0.066406
3 0.642120 0.670633 0.056617 0.066334
3 0.642313 0.670693 0.056462 0.066262
3 0.642506 0.670754 0.056308 0.066189
3 0.642699 0.670814 0.056154 0.066117
3 0.642892 0.670874 0.055999 0.066045
3 0.643084 0.670935 0.055845 0.065972
3 0.643277 0.670995 0.055691 0.065900
3 0.643470 0.671055 0.055536 0.065828
3 0.643663 0.671115 0.055382 0.065755
3 0.643856 0.671176 0.055228 0.065683
3 0.644049 0.671236 0.055073 0.065611
3 0.644242 0.671296 0.054919 0.065538
3 0.644435 0.671357 0.054765 0.065466
3 0.644628 0.671417 0.054610 0.065394
3 0.644821 0.671477 0.054456 0.065321
3 0.645014 0.671537 0.054302 0.065249
3 0.645206 0.671598 0.054147 0.065177
3 0.645399 0.671658 0.053993 0.065104
3 0.645592 0.671718 0.053839 0.065032
3 0.645785 0.671779 0.053684 0.064959
3 0.645978 0.671839 0.053530 0.064887
3 0.646171 0.671899 0.053376 0.064815
3 0.646364 0.671959 0.053221 0.064742
3 0.646557 0.672020 0.053067 0.064670
3 0.646750 0.672080 0.052913 0.064598
3 0.646943 0.672140 0.052758 0.064525
3 0.647135 0.672201 0.052604 0.064453
3 0.647328 0.672261 0.052450 0.064381
3 0.647521 0.672321 0.052296 0.064308
3 0.647714 0.672381 0.052141 0.064236
3 0.647907 0.672442 0.051987 0.064164
3 0.648100 0.672502 0.051833 0.064091
3 0.648293 0.672562 0.051678 0.064019
3 0.648486 0.672622 0.051524 0.063947
3 0.648679 0.672683 0.051370 0.063874
3 0.648872 0.672743 0.051215 0.063802
3 0.649064 0.672803 0.051061 0.063730
3 0.649257 0.672864 0.050907 0.063657
3 0.649450 0.672924 0.050752 0.063585
3 0.649643 0.672984 0.050598 0.063513
3 0.649836 0.673044 0.050444 0.063440
3 0.650029 0.673105 0.050289 0.063368
3 0.650222 0.673165 0.050135 0.063296
3 0.650415 0.673225 0.049981 0.063223
3 0.650608 0.673286 0.049826 0.063151
3 0.650801 0.673346 0.049672 0.063079
3 0.650993 0.673406 0.049518 0.063006
3 0.651186 0.673466 0.049363 0.062934
3 0.651379 0.673527 0.049209 0.062862
3 0.651572 0.673587 0.049055 0.062789
3 0.651765 0.673647 0.048900 0.062717
3 0.651958 0.673708 0.048746 0.062645
3 0.652151 0.673768 0.048592 0.062572
3 0.652344 0.673828 0.048438 0.062500
3 0.652449 0.673843 0.048414 0.062471
3 0.652554 0.673857 0.048391 0.062442
3 0.652659 0.673872 0.048368 0.062413
3 0.652764 0.673886 0.048344 0.062383
3 0.652868 0.673901 0.048321 0.062354
3 0.652973 0.673916 0.048298 0.062325
3 0.653078 0.673930 0.048274 0.062296
3 0.653183 0.673945 0.048251 0.062267
3 0.653288 0.673959 0.048228 0.062238
3 0.653393 0.673974 0.048204 0.062208
3 0.653498 0.673988 0.048181 0.062179
3 0.653603 0.674003 0.048158 0.062150
3 0.653708 0.674018 0.048134 0.062121
3 0.653813 0.674032 0.048111 0.062092
3 0.653918 0.674047 0.048088 0.062063
3 0.654023 0.674061 0.048064 0.062034
3 0.654128 0.674076 0.048041 0.062004
3 0.654233 0.674090 0.048018 0.061975
3 0.654338 0.674105 0.047994 0.061946
3 0.654443 0.674120 0.047971 0.061917
3 0.654548 0.674134 0.047948 0.061888
3 0.654653 0.674149 0.047924 0.061859
3 0.654757 0.674163 0.047901 0.061830
3 0.654862 0.674178 0.047878 0.061800
3 0.654967 0.674193 0.047854 0.061771
3 0.655072 0.674207 0.047831 0.061742
3 0.655177 0.674222 0.047808 0.061713
3 0.655282 0.674236 0.047785 0.061684
3 0.655387 0.674251 0.047761 0.061655
3 0.655492 0.674265 0.047738 0.061625
3 0.655597 0.674280 0.047715 0.061596
3 0.655702 0.674295 0.047691 0.061567
3 0.655807 0.674309 0.047668 0.061538
3 0.655912 0.674324 0.047645 0.061509
3 0.656017 0.674338 0.047621 0.061480
3 0.656122 0.674353 0.047598 0.061451
3 0.656227 0.674367 0.047575 0.061421
3 0.656332 0.674382 0.047551 0.061392
3 0.656437 0.674397 0.047528 0.061363
3 0.656542 0.674411 0.047505 0.061334
3 0.656646 0.674426 0.047481 0.061305
3 0.656751 0.674440 0.047458 0.061276
3 0.656856 0.674455 0.047435 0.061247
3 0.656961 0.674469 0.047411 0.061217
3 0.657066 0.674484 0.047388 0.061188
3 0.657171 0.674499 0.047365 0.061159
3 0.657276 0.674513 0.047341 0.061130
3 0.657381 0.674528 0.047318 0.061101
3 0.657486 0.674542 0.047295 0.061072
3 0.657591 0.674557 0.047271 0.061042
3 0.657696 0.674571 0.047248 0.061013
3 0.657801 0.674586 0.047225 0.060984
3 0.657906 0.674601 0.047201 0.060955
3 0.658011 0.674615 0.047178 0.060926
3 0.658116 0.674630 0.047155 0.060897
3 0.658221 0.674644 0.047132 0.060868
3 0.658326 0.674659 0.047108 0.060838
3 0.658431 0.674674 0.047085 0.060809
3 0.658535 0.674688 0.047062 0.060780
3 0.658640 0.674703 0.047038 0.060751
3 0.658745 0.674717 0.047015 0.060722
3 0.658850 0.674732 0.046992 0.060693
3 0.658955 0.674746 0.046968 0.060663
3 0.659060 0.674761 0.046945 0.060634
3 0.659165 0.674776 0.046922 0.060605
3 0.659270 0.674790 0.046898 0.060576
3 0.659375 0.674805 0.046875 0.060547
3 0.659628 0.674786 0.046921 0.060547
3 0.659881 0.674766 0.046967 0.060547
3 0.660133 0.674747 0.047013 0.060547
3 0.660386 0.674728 0.047059 0.060547
3 0.660639 0.674709 0.047105 0.060547
3 0.660892 0.674690 0.047151 0.060547
3 0.661144 0.674671 0.047197 0.060547
3 0.661397 0.674652 0.047243 0.060547
3 0.661650 0.674632 0.047289 0.060547
3 0.661903 0.674613 0.047335 0.060547
3 0.662155 0.674594 0.047381 0.060547
3 0.662408 0.674575 0.047426 0.060547
3 0.662661 0.674556 0.047472 0.060547
3 0.662914 0.674537 0.047518 0.060547
3 0.663166 0.674517 0.047564 0.060547
3 0.663419 0.674498 0.047610 0.060547
3 0.663672 0.674479 0.047656 0.060547
3 0.663925 0.674460 0.047702 0.060547
3 0.664177 0.674441 0.047748 0.060547
3 0.664430 0.674422 0.047794 0.060547
3 0.664683 0.674403 0.047840 0.060547
3 0.664936 0.674383 0.047886 0.060547
3 0.665188 0.674364 0.047932 0.060547
3 0.665441 0.674345 0.047978 0.060547
3 0.665694 0.674326 0.048024 0.060547
3 0.665947 0.674307 0.048070 0.060547
3 0.666199 0.674288 0.048116 0.060547
3 0.666452 0.674269 0.048162 0.060547
3 0.666705 0.674249 0.048208 0.060547
3 0.666958 0.674230 0.048254 0.060547
3 0.667210 0.674211 0.048300 0.060547
3 0.667463 0.674192 0.048346 0.060547
3 0.667716 0.674173 0.048392 0.060547
3 0.667969 0.674154 0.048438 0.060547
3 0.668222 0.674134 0.048483 0.060547
3 0.668474 0.674115 0.048529 0.060547
3 0.668727 0.674096 0.048575 0.060547
3 0.668980 0.674077 0.048621 0.060547
3 0.669233 0.674058 0.048667 0.060547
3 0.669485 0.674039 0.048713 0.060547
3 0.669738 0.674020 0.048759 0.060547
3 0.669991 0.674000 0.048805 0.060547
3 0.670244 0.673981 0.048851 0.060547
3 0.670496 0.673962 0.048897 0.060547
3 0.670749 0.673943 0.048943 0.060547
3 0.671002 0.673924 0.048989 0.060547
3 0.671255 0.673905 0.049035 0.060547
3 0.671507 0.673886 0.049081 0.060547
3 0.671760 0.673866 0.049127 0.060547
3 0.672013 0.673847 0.049173 0.060547
3 0.672266 0.673828 0.049219 0.060547
3 0.672518 0.673809 0.049265 0.060547
3 0.672771 0.673790 0.049311 0.060547
3 0.673024 0.673771 0.049357 0.060547
3 0.673277 0.673752 0.049403 0.060547
3 0.673529 0.673732 0.049449 0.060547
3 0.673782 0.673713 0.049494 0.060547
3 0.674035 0.673694 0.049540 0.060547
3 0.674288 0.673675 0.049586 0.060547
3 0.674540 0.673656 0.049632 0.060547
3 0.674793 0.673637 0.049678 0.060547
3 0.675046 0.673617 0.049724 0.060547
3 0.675299 0.673598 0.049770 0.060547
3 0.675551 0.673579 0.049816 0.060547
3 0.675804 0.673560 0.049862 0.060547
3 0.676057 0.673541 0.049908 0.060547
3 0.676310 0.673522 0.049954 0.060547
3 0.676563 0.673503 0.050000 0.060547
3 0.676815 0.673483 0.050046 0.060547
3 0.677068 0.673464 0.050092 0.060547
3 0.677321 0.673445 0.050138 0.060547
3 0.677574 0.673426 0.050184 0.060547
3 0.677826 0.673407 0.050230 0.060547
3 0.678079 0.673388 0.050276 0.060547
3 0.678332 0.673369 0.050322 0.060547
3 0.678585 0.673349 0.050368 0.060547
3 0.678837 0.673330 0.050414 0.060547
3 0.679090 0.673311 0.050460 0.060547
3 0.679343 0.673292 0.050506 0.060547
3 0.679596 0.673273 0.050551 0.060547
3 0.679848 0.673254 0.050597 0.060547
3 0.680101 0.673235 0.050643 0.060547
3 0.680354 0.673215 0.050689 0.060547
3 0.680607 0.673196 0.050735 0.060547
3 0.680859 0.673177 0.050781 0.060547
3 0.681112 0.673158 0.050827 0.060547
3 0.681365 0.673139 0.050873 0.060547
3 0.681618 0.673120 0.050919 0.060547
3 0.681870 0.673100 0.050965 0.060547
3 0.682123 0.673081 0.051011 0.060547
3 0.682376 0.673062 0.051057 0.060547
3 0.682629 0.673043 0.051103 0.060547
3 0.682881 0.673024 0.051149 0.060547
3 0.683134 0.673005 0.051195 0.060547
3 0.683387 0.672986 0.051241 0.060547
3 0.683640 0.672966 0.051287 0.060547
3 0.683892 0.672947 0.051333 0.060547
3 0.684145 0.672928 0.051379 0.060547
3 0.684398 0.672909 0.051425 0.060547
3 0.684651 0.672890 0.051471 0.060547
3 0.684903 0.672871 0.051517 0.060547
3 0.685156 0.672852 0.051562 0.060547
3 0.000000 0.000000 0.000000 0.000000
