3 0.462500 0.418945 0.128125 0.173828
3 0.461440 0.420550 0.128237 0.172852
3 0.460379 0.422154 0.128348 0.171875
3 0.459319 0.423758 0.128460 0.170898
3 0.458259 0.425363 0.128571 0.169922
3 0.457199 0.426967 0.128683 0.168945
3 0.456138 0.428571 0.128795 0.167969
3 0.455078 0.430176 0.128906 0.166992
3 0.454018 0.431780 0.129018 0.166016
3 0.452958 0.433384 0.129129 0.165039
3 0.451897 0.434989 0.129241 0.164063
3 0.450837 0.436593 0.129353 0.163086
3 0.449777 0.438198 0.129464 0.162109
3 0.448717 0.439802 0.129576 0.161133
3 0.447656 0.441406 0.129688 0.160156
3 0.446916 0.442229 0.131332 0.162829
3 0.446176 0.443051 0.132977 0.165502
3 0.445436 0.443873 0.134622 0.168174
3 0.444696 0.444696 0.136266 0.170847
3 0.443956 0.445518 0.137911 0.173520
3 0.443215 0.446340 0.139556 0.176192
3 0.442475 0.447163 0.141201 0.178865
3 0.441735 0.447985 0.142845 0.181538
3 0.440995 0.448808 0.144490 0.184211
3 0.440255 0.449630 0.146135 0.186883
3 0.439515 0.450452 0.147780 0.189556
3 0.438775 0.451275 0.149424 0.192229
3 0.438035 0.452097 0.151069 0.194901
3 0.437294 0.452919 0.152714 0.197574
3 0.436554 0.453742 0.154359 0.200247
3 0.435814 0.454564 0.156003 0.202919
3 0.435074 0.455387 0.157648 0.205592
3 0.434334 0.456209 0.159293 0.208265
3 0.433594 0.457031 0.160938 0.210938
3 0.434916 0.459736 0.158534 0.209135
3 0.436238 0.462440 0.156130 0.207332
3 0.437560 0.465144 0.153726 0.205529
3 0.438882 0.467849 0.151322 0.203726
3 0.440204 0.470553 0.148918 0.201923
3 0.441526 0.473257 0.146514 0.200120
3 0.442849 0.475962 0.144111 0.198317
3 0.444171 0.478666 0.141707 0.196514
3 0.445493 0.481370 0.139303 0.194712
3 0.446815 0.484075 0.136899 0.192909
3 0.448137 0.486779 0.134495 0.191106
3 0.449459 0.489483 0.132091 0.189303
3 0.450781 0.492188 0.129688 0.187500
3 0.450049 0.493713 0.131348 0.188110
3 0.449316 0.495239 0.133008 0.188721
3 0.448584 0.496765 0.134668 0.189331
3 0.447852 0.498291 0.136328 0.189941
3 0.447119 0.499817 0.137988 0.190552
3 0.446387 0.501343 0.139648 0.191162
3 0.445654 0.502869 0.141309 0.191772
3 0.444922 0.504395 0.142969 0.192383
3 0.444189 0.505920 0.144629 0.192993
3 0.443457 0.507446 0.146289 0.193604
3 0.442725 0.508972 0.147949 0.194214
3 0.441992 0.510498 0.149609 0.194824
3 0.441260 0.512024 0.151270 0.195435
3 0.440527 0.513550 0.152930 0.196045
3 0.439795 0.515076 0.154590 0.196655
3 0.439063 0.516602 0.156250 0.197266
3 0.439509 0.513532 0.158036 0.198661
3 0.439955 0.510463 0.159821 0.200056
3 0.440402 0.507394 0.161607 0.201451
3 0.440848 0.504325 0.163393 0.202846
3 0.441295 0.501256 0.165179 0.204241
3 0.441741 0.498186 0.166964 0.205636
3 0.442188 0.495117 0.168750 0.207031
3 0.442634 0.492048 0.170536 0.208426
3 0.443080 0.488979 0.172321 0.209821
3 0.443527 0.485910 0.174107 0.211217
3 0.443973 0.482840 0.175893 0.212612
3 0.444420 0.479771 0.177679 0.214007
3 0.444866 0.476702 0.179464 0.215402
3 0.445312 0.473633 0.181250 0.216797
3 0.444922 0.472656 0.180208 0.218424
3 0.444531 0.471680 0.179167 0.220052
3 0.444141 0.470703 0.178125 0.221680
3 0.443750 0.469727 0.177083 0.223307
3 0.443359 0.468750 0.176042 0.224935
3 0.442969 0.467773 0.175000 0.226563
3 0.442578 0.466797 0.173958 0.228190
3 0.442187 0.465820 0.172917 0.229818
3 0.441797 0.464844 0.171875 0.231445
3 0.441406 0.463867 0.170833 0.233073
3 0.441016 0.462891 0.169792 0.234701
3 0.440625 0.461914 0.168750 0.236328
3 0.438449 0.461286 0.170201 0.236747
3 0.436272 0.460658 0.171652 0.237165
3 0.434096 0.460031 0.173103 0.237584
3 0.431920 0.459403 0.174554 0.238002
3 0.429743 0.458775 0.176004 0.238421
3 0.427567 0.458147 0.177455 0.238839
3 0.425391 0.457520 0.178906 0.239258
3 0.423214 0.456892 0.180357 0.239676
3 0.421038 0.456264 0.181808 0.240095
3 0.418862 0.455636 0.183259 0.240513
3 0.416685 0.455008 0.184710 0.240932
3 0.414509 0.454381 0.186161 0.241350
3 0.412333 0.453753 0.187612 0.241769
3 0.410156 0.453125 0.189062 0.242188
3 0.410234 0.455664 0.187031 0.241797
3 0.410312 0.458203 0.185000 0.241406
3 0.410391 0.460742 0.182969 0.241016
3 0.410469 0.463281 0.180938 0.240625
3 0.410547 0.465820 0.178906 0.240234
3 0.410625 0.468359 0.176875 0.239844
3 0.410703 0.470898 0.174844 0.239453
3 0.410781 0.473437 0.172813 0.239063
3 0.410859 0.475977 0.170781 0.238672
3 0.410937 0.478516 0.168750 0.238281
3 0.411875 0.481738 0.170937 0.238867
3 0.412812 0.484961 0.173125 0.239453
3 0.413750 0.488184 0.175312 0.240039
3 0.414687 0.491406 0.177500 0.240625
3 0.415625 0.494629 0.179687 0.241211
3 0.416562 0.497852 0.181875 0.241797
3 0.417500 0.501074 0.184062 0.242383
3 0.418437 0.504297 0.186250 0.242969
3 0.419375 0.507520 0.188437 0.243555
3 0.420312 0.510742 0.190625 0.244141
3 0.419444 0.511610 0.191667 0.244575
3 0.418576 0.512478 0.192708 0.245009
3 0.417708 0.513346 0.193750 0.245443
3 0.416840 0.514214 0.194792 0.245877
3 0.415972 0.515082 0.195833 0.246311
3 0.415104 0.515951 0.196875 0.246745
3 0.414236 0.516819 0.197917 0.247179
3 0.413368 0.517687 0.198958 0.247613
3 0.412500 0.518555 0.200000 0.248047
3 0.414243 0.518404 0.199159 0.248648
3 0.415986 0.518254 0.198317 0.249249
3 0.417728 0.518104 0.197476 0.249850
3 0.419471 0.517954 0.196635 0.250451
3 0.421214 0.517803 0.195793 0.251052
3 0.422957 0.517653 0.194952 0.251653
3 0.424700 0.517503 0.194111 0.252254
3 0.426442 0.517353 0.193269 0.252855
3 0.428185 0.517203 0.192428 0.253456
3 0.429928 0.517052 0.191587 0.254056
3 0.431671 0.516902 0.190745 0.254657
3 0.433413 0.516752 0.189904 0.255258
3 0.435156 0.516602 0.189062 0.255859
3 0.433353 0.516526 0.189062 0.254507
3 0.431550 0.516451 0.189062 0.253155
3 0.429748 0.516376 0.189062 0.251803
3 0.427945 0.516301 0.189062 0.250451
3 0.426142 0.516226 0.189062 0.249099
3 0.424339 0.516151 0.189062 0.247746
3 0.422536 0.516076 0.189062 0.246394
3 0.420733 0.516001 0.189062 0.245042
3 0.418930 0.515925 0.189062 0.243690
3 0.417127 0.515850 0.189062 0.242338
3 0.415325 0.515775 0.189062 0.240986
3 0.413522 0.515700 0.189062 0.239633
3 0.411719 0.515625 0.189062 0.238281
3 0.411105 0.515834 0.188058 0.238142
3 0.410491 0.516044 0.187054 0.238002
3 0.409877 0.516253 0.186049 0.237863
3 0.409263 0.516462 0.185045 0.237723
3 0.408650 0.516671 0.184040 0.237584
3 0.408036 0.516881 0.183036 0.237444
3 0.407422 0.517090 0.182031 0.237305
3 0.406808 0.517299 0.181027 0.237165
3 0.406194 0.517508 0.180022 0.237026
3 0.405580 0.517718 0.179018 0.236886
3 0.404967 0.517927 0.178013 0.236747
3 0.404353 0.518136 0.177009 0.236607
3 0.403739 0.518345 0.176004 0.236468
3 0.403125 0.518555 0.175000 0.236328
3 0.405937 0.518066 0.175625 0.235742
3 0.408750 0.517578 0.176250 0.235156
3 0.411562 0.517090 0.176875 0.234570
3 0.414375 0.516602 0.177500 0.233984
3 0.417187 0.516113 0.178125 0.233398
3 0.420000 0.515625 0.178750 0.232813
3 0.422812 0.515137 0.179375 0.232227
3 0.425625 0.514648 0.180000 0.231641
3 0.428437 0.514160 0.180625 0.231055
3 0.431250 0.513672 0.181250 0.230469
3 0.431960 0.513139 0.180966 0.230114
3 0.432670 0.512607 0.180682 0.229759
3 0.433381 0.512074 0.180398 0.229403
3 0.434091 0.511541 0.180114 0.229048
3 0.434801 0.511009 0.179830 0.228693
3 0.435511 0.510476 0.179545 0.228338
3 0.436222 0.509943 0.179261 0.227983
3 0.436932 0.509411 0.178977 0.227628
3 0.437642 0.508878 0.178693 0.227273
3 0.438352 0.508345 0.178409 0.226918
3 0.439062 0.507812 0.178125 0.226562
3 0.437926 0.508168 0.178409 0.224432
3 0.436790 0.508523 0.178693 0.222301
3 0.435653 0.508878 0.178977 0.220170
3 0.434517 0.509233 0.179261 0.218040
3 0.433381 0.509588 0.179545 0.215909
3 0.432244 0.509943 0.179830 0.213778
3 0.431108 0.510298 0.180114 0.211648
3 0.429972 0.510653 0.180398 0.209517
3 0.428835 0.511009 0.180682 0.207386
3 0.427699 0.511364 0.180966 0.205256
3 0.426563 0.511719 0.181250 0.203125
3 0.427539 0.510864 0.180859 0.204834
3 0.428516 0.510010 0.180469 0.206543
3 0.429492 0.509155 0.180078 0.208252
3 0.430469 0.508301 0.179687 0.209961
3 0.431445 0.507446 0.179297 0.211670
3 0.432422 0.506592 0.178906 0.213379
3 0.433398 0.505737 0.178516 0.215088
3 0.434375 0.504883 0.178125 0.216797
3 0.434896 0.504123 0.176389 0.217014
3 0.435417 0.503364 0.174653 0.217231
3 0.435938 0.502604 0.172917 0.217448
3 0.436458 0.501845 0.171181 0.217665
3 0.436979 0.501085 0.169444 0.217882
3 0.437500 0.500326 0.167708 0.218099
3 0.438021 0.499566 0.165972 0.218316
3 0.438542 0.498806 0.164236 0.218533
3 0.439062 0.498047 0.162500 0.218750
3 0.437578 0.497949 0.162969 0.219336
3 0.436094 0.497852 0.163437 0.219922
3 0.434609 0.497754 0.163906 0.220508
3 0.433125 0.497656 0.164375 0.221094
3 0.431641 0.497559 0.164844 0.221680
3 0.430156 0.497461 0.165312 0.222266
3 0.428672 0.497363 0.165781 0.222852
3 0.427188 0.497266 0.166250 0.223437
3 0.425703 0.497168 0.166719 0.224023
3 0.424219 0.497070 0.167187 0.224609
3 0.421387 0.496948 0.167383 0.223389
3 0.418555 0.496826 0.167578 0.222168
3 0.415723 0.496704 0.167773 0.220947
3 0.412891 0.496582 0.167969 0.219727
3 0.410059 0.496460 0.168164 0.218506
3 0.407227 0.496338 0.168359 0.217285
3 0.404395 0.496216 0.168555 0.216064
3 0.401563 0.496094 0.168750 0.214844
3 0.400142 0.497692 0.168466 0.213778
3 0.398722 0.499290 0.168182 0.212713
3 0.397301 0.500888 0.167898 0.211648
3 0.395881 0.502486 0.167614 0.210582
3 0.394460 0.504084 0.167330 0.209517
3 0.393040 0.505682 0.167045 0.208452
3 0.391619 0.507280 0.166761 0.207386
3 0.390199 0.508878 0.166477 0.206321
3 0.388778 0.510476 0.166193 0.205256
3 0.387358 0.512074 0.165909 0.204190
3 0.385937 0.513672 0.165625 0.203125
3 0.384152 0.515485 0.164732 0.202846
3 0.382366 0.517299 0.163839 0.202567
3 0.380580 0.519113 0.162946 0.202288
3 0.378795 0.520926 0.162054 0.202009
3 0.377009 0.522740 0.161161 0.201730
3 0.375223 0.524554 0.160268 0.201451
3 0.373437 0.526367 0.159375 0.201172
3 0.372188 0.527734 0.160625 0.199609
3 0.370938 0.529102 0.161875 0.198047
3 0.369688 0.530469 0.163125 0.196484
3 0.368438 0.531836 0.164375 0.194922
3 0.367188 0.533203 0.165625 0.193359
3 0.365938 0.534570 0.166875 0.191797
3 0.364688 0.535937 0.168125 0.190234
3 0.363438 0.537305 0.169375 0.188672
3 0.362188 0.538672 0.170625 0.187109
3 0.360938 0.540039 0.171875 0.185547
3 0.363210 0.541460 0.171875 0.186257
3 0.365483 0.542880 0.171875 0.186967
3 0.367756 0.544300 0.171875 0.187678
3 0.370028 0.545721 0.171875 0.188388
3 0.372301 0.547141 0.171875 0.189098
3 0.374574 0.548562 0.171875 0.189808
3 0.376847 0.549982 0.171875 0.190518
3 0.379119 0.551403 0.171875 0.191229
3 0.381392 0.552823 0.171875 0.191939
3 0.383665 0.554244 0.171875 0.192649
3 0.385937 0.555664 0.171875 0.193359
3 0.384659 0.556641 0.173580 0.194247
3 0.383381 0.557617 0.175284 0.195135
3 0.382102 0.558594 0.176989 0.196023
3 0.380824 0.559570 0.178693 0.196911
3 0.379545 0.560547 0.180398 0.197798
3 0.378267 0.561523 0.182102 0.198686
3 0.376989 0.562500 0.183807 0.199574
3 0.375710 0.563477 0.185511 0.200462
3 0.374432 0.564453 0.187216 0.201349
3 0.373153 0.565430 0.188920 0.202237
3 0.371875 0.566406 0.190625 0.203125
3 0.372812 0.565723 0.190000 0.200586
3 0.373750 0.565039 0.189375 0.198047
3 0.374687 0.564355 0.188750 0.195508
3 0.375625 0.563672 0.188125 0.192969
3 0.376562 0.562988 0.187500 0.190430
3 0.377500 0.562305 0.186875 0.187891
3 0.378437 0.561621 0.186250 0.185352
3 0.379375 0.560938 0.185625 0.182813
3 0.380312 0.560254 0.185000 0.180273
3 0.381250 0.559570 0.184375 0.177734
3 0.380703 0.558496 0.185156 0.179102
3 0.380156 0.557422 0.185937 0.180469
3 0.379609 0.556348 0.186719 0.181836
3 0.379063 0.555273 0.187500 0.183203
3 0.378516 0.554199 0.188281 0.184570
3 0.377969 0.553125 0.189062 0.185937
3 0.377422 0.552051 0.189844 0.187305
3 0.376875 0.550977 0.190625 0.188672
3 0.376328 0.549902 0.191406 0.190039
3 0.375781 0.548828 0.192188 0.191406
3 0.374519 0.548077 0.192548 0.190805
3 0.373257 0.547326 0.192909 0.190204
3 0.371995 0.546575 0.193269 0.189603
3 0.370733 0.545823 0.193630 0.189002
3 0.369471 0.545072 0.193990 0.188401
3 0.368209 0.544321 0.194351 0.187800
3 0.366947 0.543570 0.194712 0.187200
3 0.365685 0.542819 0.195072 0.186599
3 0.364423 0.542067 0.195433 0.185998
3 0.363161 0.541316 0.195793 0.185397
3 0.361899 0.540565 0.196154 0.184796
3 0.360637 0.539814 0.196514 0.184195
3 0.359375 0.539062 0.196875 0.183594
