3 0.480469 0.397461 0.045312 0.037109
3 0.480957 0.397095 0.045508 0.037354
3 0.481445 0.396729 0.045703 0.037598
3 0.481934 0.396362 0.045898 0.037842
3 0.482422 0.395996 0.046094 0.038086
3 0.482910 0.395630 0.046289 0.038330
3 0.483398 0.395264 0.046484 0.038574
3 0.483887 0.394897 0.046680 0.038818
3 0.484375 0.394531 0.046875 0.039062
3 0.484740 0.394141 0.046771 0.038802
3 0.485104 0.393750 0.046667 0.038542
3 0.485469 0.393359 0.046562 0.038281
3 0.485833 0.392969 0.046458 0.038021
3 0.486198 0.392578 0.046354 0.037760
3 0.486563 0.392187 0.046250 0.037500
3 0.486927 0.391797 0.046146 0.037240
3 0.487292 0.391406 0.046042 0.036979
3 0.487656 0.391016 0.045937 0.036719
3 0.488021 0.390625 0.045833 0.036458
3 0.488385 0.390234 0.045729 0.036198
3 0.488750 0.389844 0.045625 0.035937
3 0.489115 0.389453 0.045521 0.035677
3 0.489479 0.389062 0.045417 0.035417
3 0.489844 0.388672 0.045312 0.035156
3 0.490017 0.388238 0.045312 0.035590
3 0.490191 0.387804 0.045312 0.036024
3 0.490365 0.387370 0.045312 0.036458
3 0.490538 0.386936 0.045312 0.036892
3 0.490712 0.386502 0.045312 0.037326
3 0.490885 0.386068 0.045312 0.037760
3 0.491059 0.385634 0.045312 0.038194
3 0.491233 0.385200 0.045312 0.038628
3 0.491406 0.384766 0.045312 0.039062
3 0.491927 0.384657 0.045660 0.038845
3 0.492448 0.384549 0.046007 0.038628
3 0.492969 0.384440 0.046354 0.038411
3 0.493490 0.384332 0.046701 0.038194
3 0.494010 0.384223 0.047049 0.037977
3 0.494531 0.384115 0.047396 0.037760
3 0.495052 0.384006 0.047743 0.037543
3 0.495573 0.383898 0.048090 0.037326
3 0.496094 0.383789 0.048438 0.037109
3 0.496549 0.383708 0.048568 0.037598
3 0.497005 0.383626 0.048698 0.038086
3 0.497461 0.383545 0.048828 0.038574
3 0.497917 0.383464 0.048958 0.039063
3 0.498372 0.383382 0.049089 0.039551
3 0.498828 0.383301 0.049219 0.040039
3 0.499284 0.383219 0.049349 0.040527
3 0.499740 0.383138 0.049479 0.041016
3 0.500195 0.383057 0.049609 0.041504
3 0.500651 0.382975 0.049740 0.041992
3 0.501107 0.382894 0.049870 0.042480
3 0.501563 0.382812 0.050000 0.042969
3 0.501042 0.382053 0.050000 0.042752
3 0.500521 0.381293 0.050000 0.042535
3 0.500000 0.380534 0.050000 0.042318
3 0.499479 0.379774 0.050000 0.042101
3 0.498958 0.379015 0.050000 0.041884
3 0.498437 0.378255 0.050000 0.041667
3 0.497917 0.377496 0.050000 0.041450
3 0.497396 0.376736 0.050000 0.041233
3 0.496875 0.375977 0.050000 0.041016
3 0.496484 0.375419 0.049665 0.041016
3 0.496094 0.374860 0.049330 0.041016
3 0.495703 0.374302 0.048996 0.041016
3 0.495312 0.373744 0.048661 0.041016
3 0.494922 0.373186 0.048326 0.041016
3 0.494531 0.372628 0.047991 0.041016
3 0.494141 0.372070 0.047656 0.041016
3 0.493750 0.371512 0.047321 0.041016
3 0.493359 0.370954 0.046987 0.041016
3 0.492969 0.370396 0.046652 0.041016
3 0.492578 0.369838 0.046317 0.041016
3 0.492187 0.369280 0.045982 0.041016
3 0.491797 0.368722 0.045647 0.041016
3 0.491406 0.368164 0.045312 0.041016
3 0.491797 0.367839 0.045052 0.040365
3 0.492188 0.367513 0.044792 0.039714
3 0.492578 0.367187 0.044531 0.039062
3 0.492969 0.366862 0.044271 0.038411
3 0.493359 0.366536 0.044010 0.037760
3 0.493750 0.366211 0.043750 0.037109
3 0.491667 0.365560 0.042708 0.037109
3 0.489583 0.364909 0.041667 0.037109
3 0.487500 0.364258 0.040625 0.037109
3 0.486198 0.364583 0.042188 0.037760
3 0.484896 0.364909 0.043750 0.038411
3 0.483594 0.365234 0.045312 0.039062
3 0.483594 0.365723 0.043750 0.040039
3 0.483594 0.366211 0.042188 0.041016
3 0.484014 0.365760 0.042308 0.040715
3 0.484435 0.365309 0.042428 0.040415
3 0.484856 0.364859 0.042548 0.040114
3 0.485276 0.364408 0.042668 0.039814
3 0.485697 0.363957 0.042788 0.039513
3 0.486118 0.363507 0.042909 0.039213
3 0.486538 0.363056 0.043029 0.038912
3 0.486959 0.362605 0.043149 0.038612
3 0.487380 0.362154 0.043269 0.038311
3 0.487800 0.361704 0.043389 0.038011
3 0.488221 0.361253 0.043510 0.037710
3 0.488642 0.360802 0.043630 0.037410
3 0.489062 0.360352 0.043750 0.037109
3 0.488734 0.360763 0.043914 0.037315
3 0.488405 0.361174 0.044079 0.037521
3 0.488076 0.361585 0.044243 0.037726
3 0.487747 0.361996 0.044408 0.037932
3 0.487418 0.362407 0.044572 0.038137
3 0.487089 0.362819 0.044737 0.038343
3 0.486760 0.363230 0.044901 0.038549
3 0.486431 0.363641 0.045066 0.038754
3 0.486102 0.364052 0.045230 0.038960
3 0.485773 0.364463 0.045395 0.039165
3 0.485444 0.364875 0.045559 0.039371
3 0.485115 0.365286 0.045724 0.039576
3 0.484786 0.365697 0.045888 0.039782
3 0.484457 0.366108 0.046053 0.039988
3 0.484128 0.366519 0.046217 0.040193
3 0.483799 0.366931 0.046382 0.040399
3 0.483470 0.367342 0.046546 0.040604
3 0.483141 0.367753 0.046711 0.040810
3 0.482812 0.368164 0.046875 0.041016
3 0.482607 0.367958 0.046299 0.041016
3 0.482401 0.367753 0.045724 0.041016
3 0.482196 0.367547 0.045148 0.041016
3 0.481990 0.367342 0.044572 0.041016
3 0.481785 0.367136 0.043997 0.041016
3 0.481579 0.366931 0.043421 0.041016
3 0.481373 0.366725 0.042845 0.041016
3 0.481168 0.366519 0.042270 0.041016
3 0.480962 0.366314 0.041694 0.041016
3 0.480757 0.366108 0.041118 0.041016
3 0.480551 0.365903 0.040543 0.041016
3 0.480345 0.365697 0.039967 0.041016
3 0.480140 0.365491 0.039391 0.041016
3 0.479934 0.365286 0.038816 0.041016
3 0.479729 0.365080 0.038240 0.041016
3 0.479523 0.364875 0.037664 0.041016
3 0.479317 0.364669 0.037089 0.041016
3 0.479112 0.364463 0.036513 0.041016
3 0.478906 0.364258 0.035937 0.041016
3 0.478348 0.364328 0.035937 0.040597
3 0.477790 0.364397 0.035937 0.040179
3 0.477232 0.364467 0.035937 0.039760
3 0.476674 0.364537 0.035937 0.039342
3 0.476116 0.364607 0.035937 0.038923
3 0.475558 0.364676 0.035937 0.038504
3 0.475000 0.364746 0.035937 0.038086
3 0.474442 0.364816 0.035937 0.037667
3 0.473884 0.364886 0.035937 0.037249
3 0.473326 0.364955 0.035937 0.036830
3 0.472768 0.365025 0.035937 0.036412
3 0.472210 0.365095 0.035937 0.035993
3 0.471652 0.365165 0.035937 0.035575
3 0.471094 0.365234 0.035937 0.035156
3 0.471137 0.366211 0.036024 0.035373
3 0.471181 0.367188 0.036111 0.035590
3 0.471224 0.368164 0.036198 0.035807
3 0.471267 0.369141 0.036285 0.036024
3 0.471311 0.370117 0.036372 0.036241
3 0.471354 0.371094 0.036458 0.036458
3 0.471398 0.372070 0.036545 0.036675
3 0.471441 0.373047 0.036632 0.036892
3 0.471484 0.374023 0.036719 0.037109
3 0.471528 0.375000 0.036806 0.037326
3 0.471571 0.375977 0.036892 0.037543
3 0.471615 0.376953 0.036979 0.037760
3 0.471658 0.377930 0.037066 0.037977
3 0.471701 0.378906 0.037153 0.038194
3 0.471745 0.379883 0.037240 0.038411
3 0.471788 0.380859 0.037326 0.038628
3 0.471832 0.381836 0.037413 0.038845
3 0.471875 0.382812 0.037500 0.039062
3 0.475781 0.446289 0.042188 0.052734
3 0.475781 0.451172 0.045312 0.054688
3 0.476897 0.453544 0.044866 0.055525
3 0.478013 0.455915 0.044420 0.056362
3 0.479129 0.458287 0.043973 0.057199
3 0.480246 0.460658 0.043527 0.058036
3 0.481362 0.463030 0.043080 0.058873
3 0.482478 0.465402 0.042634 0.059710
3 0.483594 0.467773 0.042188 0.060547
3 0.484263 0.470006 0.042188 0.059989
3 0.484933 0.472238 0.042188 0.059431
3 0.485603 0.474470 0.042188 0.058873
3 0.486272 0.476702 0.042188 0.058315
3 0.486942 0.478934 0.042188 0.057757
3 0.487612 0.481166 0.042188 0.057199
3 0.488281 0.483398 0.042188 0.056641
3 0.489123 0.484826 0.041947 0.056190
3 0.489964 0.486253 0.041707 0.055739
3 0.490805 0.487680 0.041466 0.055288
3 0.491647 0.489108 0.041226 0.054838
3 0.492488 0.490535 0.040986 0.054387
3 0.493329 0.491962 0.040745 0.053936
3 0.494171 0.493389 0.040505 0.053486
3 0.495012 0.494817 0.040264 0.053035
3 0.495853 0.496244 0.040024 0.052584
3 0.496695 0.497671 0.039784 0.052133
3 0.497536 0.499099 0.039543 0.051683
3 0.498377 0.500526 0.039303 0.051232
3 0.499219 0.501953 0.039062 0.050781
3 0.499777 0.502093 0.039286 0.051060
3 0.500335 0.502232 0.039509 0.051339
3 0.500893 0.502372 0.039732 0.051618
3 0.501451 0.502511 0.039955 0.051897
3 0.502009 0.502651 0.040179 0.052176
3 0.502567 0.502790 0.040402 0.052455
3 0.503125 0.502930 0.040625 0.052734
3 0.503683 0.503069 0.040848 0.053013
3 0.504241 0.503209 0.041071 0.053292
3 0.504799 0.503348 0.041295 0.053571
3 0.505357 0.503488 0.041518 0.053850
3 0.505915 0.503627 0.041741 0.054129
3 0.506473 0.503767 0.041964 0.054408
3 0.507031 0.503906 0.042188 0.054688
3 0.507520 0.503418 0.042773 0.055176
3 0.508008 0.502930 0.043359 0.055664
3 0.508496 0.502441 0.043945 0.056152
3 0.508984 0.501953 0.044531 0.056641
3 0.509473 0.501465 0.045117 0.057129
3 0.509961 0.500977 0.045703 0.057617
3 0.510449 0.500488 0.046289 0.058105
3 0.510938 0.500000 0.046875 0.058594
3 0.510938 0.498412 0.046875 0.058023
3 0.510938 0.496825 0.046875 0.057452
3 0.510938 0.495237 0.046875 0.056881
3 0.510938 0.493650 0.046875 0.056310
3 0.510938 0.492062 0.046875 0.055739
3 0.510938 0.490475 0.046875 0.055168
3 0.511161 0.488906 0.045536 0.054820
3 0.511384 0.487337 0.044196 0.054473
3 0.511607 0.485768 0.042857 0.054125
3 0.511830 0.484199 0.041518 0.053777
3 0.512054 0.482630 0.040179 0.053430
3 0.512277 0.481061 0.038839 0.053082
3 0.512500 0.479492 0.037500 0.052734
3 0.512277 0.477679 0.037946 0.054129
3 0.512054 0.475865 0.038393 0.055525
3 0.511830 0.474051 0.038839 0.056920
3 0.511607 0.472238 0.039286 0.058315
3 0.511384 0.470424 0.039732 0.059710
3 0.511161 0.468610 0.040179 0.061105
3 0.510937 0.466797 0.040625 0.062500
3 0.510937 0.466504 0.040625 0.062305
3 0.510937 0.466211 0.040625 0.062109
3 0.510937 0.465918 0.040625 0.061914
3 0.510937 0.465625 0.040625 0.061719
3 0.510937 0.465332 0.040625 0.061523
3 0.510937 0.465039 0.040625 0.061328
3 0.510937 0.464746 0.040625 0.061133
3 0.510937 0.464453 0.040625 0.060938
3 0.510937 0.464160 0.040625 0.060742
3 0.510937 0.463867 0.040625 0.060547
3 0.510998 0.464543 0.040745 0.060697
3 0.511058 0.465219 0.040865 0.060847
3 0.511118 0.465895 0.040986 0.060998
3 0.511178 0.466572 0.041106 0.061148
3 0.511238 0.467248 0.041226 0.061298
3 0.511298 0.467924 0.041346 0.061448
3 0.511358 0.468600 0.041466 0.061599
3 0.511418 0.469276 0.041587 0.061749
3 0.511478 0.469952 0.041707 0.061899
3 0.511538 0.470628 0.041827 0.062049
3 0.511599 0.471304 0.041947 0.062200
3 0.511659 0.471980 0.042067 0.062350
3 0.511719 0.472656 0.042188 0.062500
3 0.512074 0.471857 0.042045 0.062322
3 0.512429 0.471058 0.041903 0.062145
3 0.512784 0.470259 0.041761 0.061967
3 0.513139 0.469460 0.041619 0.061790
3 0.513494 0.468661 0.041477 0.061612
3 0.513849 0.467862 0.041335 0.061435
3 0.514205 0.467063 0.041193 0.061257
3 0.514560 0.466264 0.041051 0.061080
3 0.514915 0.465465 0.040909 0.060902
3 0.515270 0.464666 0.040767 0.060724
3 0.515625 0.463867 0.040625 0.060547
3 0.514941 0.463379 0.040820 0.061523
3 0.514258 0.462891 0.041016 0.062500
3 0.513574 0.462402 0.041211 0.063477
3 0.512891 0.461914 0.041406 0.064453
3 0.512207 0.461426 0.041602 0.065430
3 0.511523 0.460937 0.041797 0.066406
3 0.510840 0.460449 0.041992 0.067383
3 0.510156 0.459961 0.042188 0.068359
3 0.509028 0.458116 0.042361 0.066840
3 0.507899 0.456272 0.042535 0.065321
3 0.506771 0.454427 0.042708 0.063802
3 0.505642 0.452582 0.042882 0.062283
3 0.504514 0.450738 0.043056 0.060764
3 0.503385 0.448893 0.043229 0.059245
3 0.502257 0.447049 0.043403 0.057726
3 0.501128 0.445204 0.043576 0.056207
3 0.500000 0.443359 0.043750 0.054688
3 0.626563 0.528320 0.034375 0.048828
3 0.625781 0.527832 0.035156 0.048828
3 0.625000 0.527344 0.035938 0.048828
3 0.624219 0.526855 0.036719 0.048828
3 0.623438 0.526367 0.037500 0.048828
