3 0.597656 0.485352 0.142187 0.158203
3 0.601274 0.485067 0.142395 0.158546
3 0.602090 0.484684 0.142476 0.158644
3 0.604030 0.485168 0.142489 0.158667
3 0.609624 0.485161 0.141962 0.158055
3 0.611823 0.485198 0.141645 0.157863
3 0.614021 0.484399 0.141821 0.158004
3 0.617376 0.485087 0.141667 0.158242
3 0.621768 0.484505 0.141105 0.157532
3 0.622898 0.483770 0.139801 0.155837
3 0.624619 0.484225 0.139542 0.155608
3 0.627077 0.484575 0.139879 0.156210
3 0.632309 0.483550 0.139717 0.156130
3 0.634873 0.483300 0.139936 0.156527
3 0.637269 0.483350 0.139897 0.156553
3 0.639016 0.483245 0.138502 0.154816
3 0.643632 0.483248 0.138733 0.155205
3 0.645641 0.481852 0.139115 0.155752
3 0.648242 0.482729 0.138730 0.155353
3 0.651629 0.482070 0.139012 0.155749
3 0.653489 0.482349 0.138271 0.154864
3 0.655522 0.481853 0.138154 0.154826
3 0.656617 0.481804 0.138263 0.155065
3 0.657525 0.480919 0.138303 0.155143
3 0.658955 0.480833 0.138449 0.155427
3 0.659893 0.480361 0.137988 0.154909
3 0.659339 0.480289 0.137403 0.154235
3 0.658320 0.480217 0.137139 0.153952
3 0.658410 0.479969 0.136861 0.153659
3 0.660024 0.478961 0.136563 0.153323
3 0.659730 0.479553 0.136553 0.153388
3 0.655746 0.473853 0.136364 0.153311
3 0.655090 0.475954 0.136376 0.153483
3 0.655525 0.473449 0.135872 0.152827
3 0.655626 0.474332 0.135245 0.152305
3 0.655539 0.473235 0.135587 0.152593
3 0.655427 0.471043 0.135645 0.152840
3 0.655203 0.470843 0.135727 0.153029
3 0.656547 0.471023 0.135294 0.152586
3 0.657682 0.469767 0.135223 0.152617
3 0.656203 0.467970 0.135051 0.152433
3 0.655748 0.468150 0.134395 0.151753
3 0.659157 0.467633 0.134707 0.152263
3 0.660001 0.467001 0.134351 0.151823
3 0.659509 0.462076 0.134663 0.152502
3 0.659784 0.462324 0.134068 0.151712
3 0.661962 0.458932 0.133873 0.151565
3 0.665487 0.446376 0.134197 0.152121
3 0.668288 0.434909 0.134309 0.152210
3 0.669884 0.420897 0.134299 0.152338
3 0.672454 0.411839 0.133882 0.151881
3 0.674645 0.402969 0.133727 0.151653
3 0.673030 0.386376 0.133578 0.151627
3 0.671119 0.385481 0.133606 0.151657
3 0.668782 0.377552 0.133491 0.151685
3 0.667716 0.370420 0.133046 0.151248
3 0.661343 0.356714 0.132851 0.151020
3 0.657186 0.351260 0.133098 0.151350
3 0.649459 0.342288 0.133269 0.151632
3 0.642827 0.338994 0.132659 0.150998
3 0.625549 0.329333 0.132343 0.150630
3 0.614313 0.326102 0.132193 0.150477
3 0.601697 0.322670 0.132130 0.150464
3 0.592405 0.321649 0.132302 0.150750
3 0.571523 0.317083 0.132275 0.150710
3 0.562548 0.316581 0.132153 0.150620
3 0.548661 0.315506 0.131957 0.150535
3 0.538162 0.314332 0.131774 0.150443
3 0.532686 0.314201 0.132017 0.150669
3 0.522499 0.314227 0.132216 0.151035
3 0.516685 0.313513 0.132159 0.151070
3 0.511558 0.313458 0.131988 0.150915
3 0.506441 0.313867 0.131065 0.149758
3 0.498677 0.312699 0.130510 0.149220
3 0.493933 0.313832 0.130627 0.149507
3 0.492092 0.314151 0.131175 0.150110
3 0.486485 0.314394 0.131689 0.150829
3 0.483681 0.313919 0.130584 0.149472
3 0.480573 0.315165 0.130366 0.149380
3 0.478267 0.316099 0.130497 0.149553
3 0.475577 0.316198 0.130813 0.149937
3 0.470127 0.317706 0.130915 0.150032
3 0.468550 0.318132 0.130419 0.149539
3 0.466991 0.319209 0.130291 0.149414
3 0.465000 0.320618 0.130610 0.149881
3 0.460424 0.322035 0.130757 0.150119
3 0.457758 0.323992 0.130550 0.149932
3 0.456932 0.324999 0.130558 0.149947
3 0.455262 0.325567 0.130650 0.150188
3 0.449869 0.328548 0.130379 0.149850
3 0.449334 0.330364 0.130265 0.149793
3 0.450256 0.331651 0.130247 0.149834
3 0.450562 0.333539 0.130808 0.150610
3 0.450505 0.334671 0.130858 0.150690
3 0.451413 0.337848 0.130592 0.150341
3 0.453604 0.339405 0.130436 0.150261
3 0.459167 0.342446 0.130380 0.150195
3 0.461208 0.344856 0.130244 0.150028
3 0.465131 0.349421 0.130349 0.150212
3 0.471241 0.355117 0.130516 0.150587
3 0.477423 0.360778 0.130665 0.150786
3 0.480141 0.362926 0.129737 0.149709
3 0.486240 0.368190 0.129909 0.149947
3 0.489323 0.370384 0.129824 0.149855
3 0.494292 0.374812 0.129568 0.149581
3 0.495879 0.376760 0.128550 0.148400
3 0.497487 0.378916 0.128700 0.148576
3 0.500241 0.381580 0.128730 0.148740
3 0.501867 0.383975 0.128558 0.148530
3 0.501065 0.384909 0.128256 0.148216
3 0.498826 0.385967 0.127922 0.147761
3 0.495134 0.387846 0.128227 0.148199
3 0.495128 0.389361 0.127971 0.147924
3 0.491576 0.389546 0.127763 0.147750
3 0.485603 0.390962 0.127689 0.147699
3 0.483822 0.390689 0.127754 0.147772
3 0.481395 0.391462 0.127777 0.147921
3 0.478265 0.392186 0.127165 0.147164
3 0.472027 0.393747 0.127293 0.147370
3 0.471403 0.393544 0.126543 0.146438
3 0.467622 0.394340 0.127193 0.147291
3 0.463606 0.394075 0.126256 0.146170
3 0.458101 0.394877 0.126685 0.146770
3 0.456864 0.395103 0.126758 0.146937
3 0.454478 0.395507 0.125931 0.145894
3 0.447883 0.394963 0.125928 0.145990
3 0.445457 0.394847 0.126245 0.146442
3 0.444062 0.395915 0.126412 0.146777
3 0.440931 0.397626 0.126140 0.146495
3 0.433942 0.395325 0.126265 0.146643
3 0.431515 0.396680 0.126020 0.146410
3 0.431240 0.398265 0.125853 0.146167
3 0.427509 0.397237 0.125610 0.145999
3 0.424630 0.396779 0.125794 0.146216
3 0.421361 0.397769 0.125749 0.146302
3 0.418855 0.397690 0.125628 0.146178
3 0.415190 0.397124 0.125799 0.146449
3 0.411753 0.394976 0.126023 0.146869
3 0.408787 0.393164 0.126180 0.147048
3 0.407922 0.392312 0.125344 0.145987
3 0.405008 0.390720 0.125083 0.145686
3 0.403787 0.389413 0.125016 0.145700
3 0.401877 0.387538 0.125150 0.145927
3 0.401247 0.385826 0.124552 0.145161
3 0.398036 0.383650 0.124717 0.145380
3 0.397049 0.379473 0.124450 0.145181
3 0.397444 0.377065 0.124254 0.144894
3 0.398380 0.367346 0.124312 0.145078
3 0.399172 0.361088 0.124511 0.145358
3 0.402645 0.354234 0.124630 0.145529
3 0.405902 0.344504 0.124574 0.145505
3 0.409686 0.333453 0.124940 0.146018
3 0.414968 0.322680 0.124604 0.145646
3 0.418142 0.319421 0.124899 0.145967
3 0.423739 0.309886 0.124601 0.145716
3 0.428420 0.298537 0.124524 0.145653
3 0.431431 0.292386 0.124125 0.145175
3 0.439660 0.286437 0.124216 0.145347
3 0.447431 0.279144 0.124276 0.145459
3 0.449883 0.275966 0.123788 0.144816
3 0.456647 0.273291 0.123965 0.145100
3 0.461519 0.273945 0.123682 0.144767
3 0.471664 0.271595 0.123790 0.144955
3 0.480399 0.270050 0.123484 0.144642
3 0.490580 0.270772 0.123706 0.144962
3 0.496077 0.270195 0.123171 0.144374
3 0.505544 0.270233 0.123151 0.144346
3 0.514820 0.270170 0.123256 0.144547
3 0.526895 0.270799 0.123031 0.144337
3 0.537831 0.271799 0.122954 0.144265
3 0.548346 0.272376 0.122985 0.144370
3 0.554457 0.273286 0.122282 0.143421
3 0.566159 0.276311 0.121875 0.142995
3 0.569975 0.275663 0.121621 0.142743
3 0.576921 0.278853 0.121451 0.142585
3 0.580749 0.279628 0.120985 0.141938
3 0.580036 0.280715 0.120603 0.141547
3 0.578117 0.280818 0.120191 0.141073
3 0.574423 0.284522 0.119843 0.140607
3 0.566397 0.283539 0.120250 0.141204
3 0.551963 0.283097 0.120200 0.141129
3 0.540247 0.285840 0.120616 0.141758
3 0.536539 0.285006 0.120038 0.141105
3 0.525268 0.286325 0.120213 0.141245
3 0.520443 0.286810 0.119742 0.140686
3 0.515257 0.287082 0.119335 0.140184
3 0.511197 0.287641 0.119104 0.139951
3 0.500238 0.288327 0.119047 0.139945
3 0.489418 0.289202 0.118563 0.139404
3 0.484889 0.289723 0.118576 0.139378
3 0.480165 0.289864 0.117592 0.138218
3 0.471927 0.291359 0.118006 0.138741
3 0.465378 0.292561 0.117604 0.138290
3 0.462693 0.292751 0.117291 0.137921
3 0.456460 0.295315 0.117282 0.137951
3 0.453488 0.295953 0.116803 0.137364
3 0.446901 0.296927 0.116459 0.137002
3 0.440671 0.299286 0.116691 0.137294
3 0.435223 0.301352 0.116569 0.137185
3 0.433075 0.302707 0.115979 0.136499
3 0.429255 0.304401 0.116154 0.136741
3 0.426168 0.307177 0.115834 0.136393
3 0.425082 0.307856 0.115815 0.136352
3 0.422965 0.309871 0.115907 0.136509
3 0.422009 0.311048 0.115110 0.135599
3 0.420743 0.314862 0.115180 0.135743
3 0.419298 0.316590 0.115174 0.135775
3 0.417853 0.317176 0.114846 0.135344
3 0.416004 0.320032 0.115086 0.135689
3 0.415051 0.322018 0.115072 0.135691
3 0.413207 0.323505 0.114683 0.135238
3 0.410842 0.325999 0.114275 0.134802
3 0.410385 0.329378 0.114354 0.134930
3 0.409126 0.329232 0.114308 0.134878
3 0.404410 0.333165 0.114409 0.135023
3 0.403961 0.333493 0.113618 0.134069
3 0.403969 0.336853 0.113699 0.134201
3 0.403026 0.337004 0.113866 0.134438
3 0.397916 0.339600 0.113934 0.134558
3 0.397662 0.340748 0.113130 0.133592
3 0.398066 0.343715 0.113288 0.133832
3 0.397162 0.345057 0.112768 0.133214
3 0.392877 0.346982 0.112853 0.133332
3 0.391969 0.349293 0.113246 0.133863
3 0.391401 0.352363 0.113160 0.133811
3 0.389599 0.353669 0.112593 0.133139
3 0.387509 0.356034 0.112556 0.133152
3 0.387367 0.356845 0.112831 0.133443
3 0.385402 0.359791 0.112869 0.133492
3 0.383281 0.361210 0.111777 0.132258
3 0.381743 0.363177 0.111647 0.132115
3 0.381769 0.366073 0.111827 0.132354
3 0.377530 0.367106 0.111535 0.132009
3 0.376396 0.370816 0.111299 0.131735
3 0.377335 0.371574 0.111661 0.132114
3 0.375059 0.373203 0.111513 0.131966
3 0.370965 0.376090 0.111623 0.132134
3 0.370909 0.377200 0.111678 0.132264
3 0.367432 0.379076 0.111490 0.132047
3 0.365484 0.379279 0.110607 0.131037
3 0.365243 0.381741 0.110474 0.130828
3 0.364917 0.383406 0.109909 0.130180
3 0.360845 0.384369 0.109785 0.130029
3 0.360916 0.386714 0.109732 0.130024
3 0.361091 0.388080 0.109791 0.130114
3 0.358792 0.390126 0.109824 0.130149
3 0.357623 0.390820 0.109906 0.130230
3 0.359054 0.392735 0.110171 0.130588
3 0.359850 0.394410 0.110097 0.130527
3 0.359972 0.395512 0.109632 0.129994
3 0.360384 0.397039 0.109627 0.129981
3 0.366191 0.399076 0.109542 0.129916
3 0.372437 0.403138 0.109475 0.129867
3 0.380332 0.407088 0.109502 0.129907
3 0.385456 0.407675 0.109474 0.129872
3 0.394285 0.411605 0.109457 0.129884
3 0.401879 0.416060 0.109545 0.129995
3 0.411277 0.419051 0.109481 0.129906
3 0.424611 0.429589 0.108856 0.129137
3 0.428935 0.432373 0.108725 0.129011
3 0.437862 0.438204 0.108680 0.128976
3 0.446863 0.443068 0.108434 0.128704
3 0.456557 0.447255 0.108709 0.129060
3 0.460089 0.449865 0.108138 0.128351
3 0.469068 0.454615 0.108083 0.128290
3 0.476082 0.457583 0.108193 0.128444
3 0.480822 0.461583 0.108208 0.128482
3 0.485572 0.465512 0.108217 0.128496
3 0.489852 0.468413 0.107927 0.128157
3 0.491464 0.470142 0.107798 0.128034
3 0.494129 0.473113 0.107808 0.128063
3 0.496786 0.475478 0.107768 0.128037
3 0.498000 0.476583 0.107540 0.127754
3 0.500685 0.479921 0.107383 0.127550
3 0.502436 0.481962 0.107309 0.127462
3 0.503980 0.484290 0.107200 0.127334
3 0.504791 0.485551 0.106972 0.127078
3 0.507181 0.487763 0.106944 0.127059
3 0.507931 0.489719 0.106987 0.127114
3 0.508393 0.490681 0.106647 0.126677
3 0.511001 0.494101 0.106646 0.126713
3 0.512090 0.494521 0.106169 0.126150
3 0.512892 0.496620 0.106074 0.126025
3 0.513798 0.498711 0.106313 0.126347
3 0.515303 0.499120 0.106244 0.126254
3 0.517219 0.501638 0.106145 0.126132
3 0.518380 0.503555 0.106051 0.126042
3 0.519977 0.505617 0.105988 0.125989
3 0.520826 0.507016 0.105626 0.125559
3 0.523414 0.508284 0.105907 0.125960
3 0.523699 0.509474 0.105567 0.125536
3 0.525246 0.511041 0.105644 0.125646
3 0.526605 0.512180 0.105144 0.125052
3 0.528520 0.514366 0.105168 0.125101
3 0.529319 0.515392 0.105313 0.125301
3 0.529949 0.517112 0.104678 0.124523
3 0.532652 0.518781 0.104618 0.124484
3 0.533297 0.520003 0.104525 0.124364
3 0.534347 0.521011 0.104741 0.124671
3 0.535410 0.523233 0.104629 0.124540
3 0.536696 0.524835 0.104236 0.124086
3 0.538236 0.526779 0.104264 0.124132
3 0.539342 0.528689 0.104227 0.124097
3 0.540124 0.529918 0.104280 0.124171
3 0.541696 0.531390 0.104258 0.124143
