3 0.672656 0.723633 0.092188 0.080078
3 0.673573 0.723676 0.092219 0.080184
3 0.675263 0.723560 0.092498 0.080565
3 0.676097 0.723569 0.092165 0.080105
3 0.677772 0.723692 0.092337 0.080411
3 0.678644 0.723662 0.092503 0.080715
3 0.680342 0.723715 0.092655 0.080832
3 0.681160 0.723687 0.092299 0.080434
3 0.682843 0.723685 0.092363 0.080575
3 0.683740 0.723707 0.092469 0.080635
3 0.685450 0.723660 0.092536 0.080834
3 0.686170 0.723676 0.092419 0.080859
3 0.687223 0.723879 0.092769 0.081249
3 0.688810 0.723854 0.092791 0.081352
3 0.689553 0.723833 0.092729 0.081365
3 0.691496 0.723865 0.092766 0.081303
3 0.692312 0.723840 0.092589 0.081295
3 0.693911 0.723919 0.092679 0.081479
3 0.694955 0.723894 0.092543 0.081186
3 0.696546 0.723868 0.092537 0.081189
3 0.697599 0.723906 0.092761 0.081553
3 0.699173 0.723885 0.092911 0.081762
3 0.699987 0.723862 0.092549 0.081449
3 0.701810 0.723905 0.092704 0.081659
3 0.702686 0.723863 0.092734 0.081641
3 0.704419 0.724018 0.093026 0.082083
3 0.705247 0.723995 0.092718 0.081842
3 0.706096 0.723959 0.092516 0.081667
3 0.707870 0.724052 0.092766 0.082088
3 0.708733 0.723976 0.092688 0.082014
3 0.710328 0.723984 0.092697 0.082033
3 0.711336 0.723968 0.092634 0.082065
3 0.713020 0.723876 0.092769 0.082281
3 0.713999 0.723800 0.092237 0.081760
3 0.714835 0.723801 0.092368 0.081913
3 0.716594 0.723582 0.092544 0.082203
3 0.717583 0.723621 0.092158 0.081928
3 0.719438 0.723642 0.092324 0.082147
3 0.721010 0.723578 0.092586 0.082445
3 0.722029 0.723554 0.092391 0.082221
3 0.723694 0.723379 0.092805 0.082809
3 0.725418 0.723561 0.093011 0.083113
3 0.726454 0.723336 0.092192 0.082147
3 0.727251 0.723265 0.092234 0.082289
3 0.729180 0.723380 0.092305 0.082487
3 0.730801 0.723348 0.092429 0.082646
3 0.732696 0.723396 0.092446 0.082841
3 0.734500 0.723451 0.092586 0.083121
3 0.735361 0.723414 0.092606 0.083233
3 0.737345 0.723329 0.092734 0.083402
3 0.739072 0.723329 0.092946 0.083631
3 0.740054 0.723253 0.092699 0.083380
3 0.741017 0.723255 0.092903 0.083630
3 0.742580 0.723228 0.092998 0.083747
3 0.743739 0.723707 0.092673 0.083411
3 0.745616 0.723208 0.092874 0.083715
3 0.746507 0.723098 0.092830 0.083711
3 0.749346 0.723105 0.092958 0.083808
3 0.750177 0.723053 0.092843 0.083742
3 0.751974 0.723059 0.092990 0.083989
3 0.752998 0.722677 0.092805 0.083725
3 0.754613 0.723161 0.092651 0.083552
3 0.756543 0.723148 0.092805 0.083845
3 0.757782 0.722626 0.092490 0.083527
3 0.759338 0.723022 0.092517 0.083552
3 0.760433 0.722639 0.092666 0.083759
3 0.762125 0.722894 0.092433 0.083380
3 0.763003 0.722853 0.092941 0.084126
3 0.764975 0.722500 0.093246 0.084588
3 0.765950 0.722553 0.092904 0.084095
3 0.767674 0.722477 0.092964 0.084191
3 0.768823 0.722500 0.092632 0.083805
3 0.770597 0.722492 0.092960 0.084191
3 0.772442 0.722228 0.093438 0.084959
3 0.773252 0.722387 0.092564 0.083696
3 0.774125 0.722392 0.093002 0.084455
3 0.776013 0.721828 0.092864 0.084313
3 0.777634 0.721794 0.092903 0.084371
3 0.778686 0.721611 0.093218 0.084770
3 0.780214 0.721255 0.093379 0.085012
3 0.781769 0.721597 0.093206 0.084880
3 0.782570 0.721474 0.092655 0.084103
3 0.784638 0.721542 0.092835 0.084334
3 0.785475 0.721549 0.092768 0.084320
3 0.786294 0.721053 0.092789 0.084297
3 0.788254 0.721017 0.093026 0.084648
3 0.789145 0.721013 0.092448 0.083965
3 0.792040 0.720590 0.092404 0.084076
3 0.793115 0.720628 0.092716 0.084559
3 0.794666 0.720623 0.092695 0.084613
3 0.796699 0.720603 0.092343 0.084078
3 0.798551 0.720637 0.092536 0.084471
3 0.799372 0.720597 0.092401 0.084465
3 0.801370 0.720438 0.092202 0.084170
3 0.801802 0.720375 0.092247 0.084300
3 0.802965 0.720506 0.092085 0.084143
3 0.803362 0.720911 0.092177 0.084344
3 0.803349 0.720922 0.092136 0.084283
3 0.802145 0.720920 0.092133 0.084421
3 0.799823 0.718231 0.091666 0.083764
3 0.800621 0.719547 0.091975 0.084327
3 0.792504 0.719471 0.092082 0.084350
3 0.780059 0.718726 0.091808 0.084024
3 0.743376 0.717065 0.091242 0.083154
3 0.726584 0.715670 0.090810 0.082529
3 0.696833 0.718560 0.090915 0.082799
3 0.666880 0.718038 0.090581 0.082272
3 0.652830 0.718953 0.090612 0.082367
3 0.627841 0.718456 0.090521 0.082348
3 0.613064 0.720374 0.090824 0.082976
3 0.581031 0.719253 0.090251 0.081932
3 0.568087 0.717476 0.090054 0.081868
3 0.558610 0.716420 0.089942 0.081906
3 0.542566 0.719185 0.090365 0.082337
3 0.534336 0.720221 0.089460 0.080978
3 0.522581 0.718632 0.089570 0.081320
3 0.521567 0.717078 0.089381 0.080825
3 0.524203 0.717055 0.089944 0.081787
3 0.524241 0.718022 0.089579 0.081292
3 0.525631 0.718723 0.089540 0.081391
3 0.528075 0.717720 0.089379 0.080997
3 0.528434 0.718139 0.089927 0.081937
3 0.529502 0.718657 0.089663 0.081511
3 0.531392 0.718678 0.089461 0.081235
3 0.534544 0.718620 0.089537 0.081374
3 0.534234 0.719077 0.089611 0.081458
3 0.528704 0.721194 0.090006 0.082251
3 0.524755 0.719736 0.089285 0.080992
3 0.521901 0.719686 0.089574 0.081378
3 0.522615 0.719839 0.089876 0.082122
3 0.511935 0.721291 0.089940 0.082014
3 0.506089 0.720212 0.089407 0.081176
3 0.503641 0.719249 0.089885 0.082065
3 0.505155 0.719304 0.090062 0.082343
3 0.503241 0.720300 0.089832 0.082020
3 0.504681 0.720534 0.090148 0.082431
3 0.506939 0.719574 0.090267 0.082774
3 0.511830 0.719685 0.090324 0.082853
3 0.512388 0.720515 0.090243 0.082659
3 0.514332 0.720093 0.090685 0.083418
3 0.515884 0.720059 0.090587 0.083267
3 0.519439 0.722075 0.090671 0.083562
3 0.520274 0.721490 0.090497 0.083168
3 0.522478 0.721464 0.090777 0.083883
3 0.524062 0.722187 0.091129 0.084473
3 0.525251 0.721732 0.091621 0.084873
3 0.526257 0.722054 0.091256 0.084411
3 0.527792 0.722250 0.091725 0.085277
3 0.528899 0.722117 0.091707 0.085338
3 0.530822 0.722643 0.091733 0.085361
3 0.531629 0.723065 0.092137 0.085943
3 0.533527 0.722641 0.092003 0.086011
3 0.534587 0.722744 0.092655 0.086662
3 0.536334 0.723391 0.092840 0.087036
3 0.537375 0.723191 0.092523 0.086530
3 0.539207 0.723456 0.093175 0.087620
3 0.540088 0.723589 0.092488 0.086714
3 0.540942 0.723920 0.092871 0.087258
3 0.542869 0.724508 0.092693 0.087290
3 0.543822 0.724463 0.092835 0.087348
3 0.545744 0.724538 0.093209 0.087933
3 0.546918 0.724916 0.093190 0.087761
3 0.548571 0.725227 0.093715 0.088572
3 0.549709 0.725175 0.093181 0.087872
3 0.551678 0.725683 0.093552 0.088331
3 0.552433 0.725777 0.093297 0.088082
3 0.554560 0.726136 0.093349 0.088117
3 0.555615 0.726161 0.093159 0.087935
3 0.557351 0.726687 0.093388 0.088181
3 0.558475 0.726667 0.093894 0.088849
3 0.560320 0.727031 0.093690 0.088647
3 0.561297 0.727320 0.094404 0.089501
3 0.563327 0.727703 0.094079 0.089239
3 0.564349 0.727699 0.094488 0.089625
3 0.565431 0.727932 0.094082 0.089186
3 0.567469 0.728117 0.094688 0.089944
3 0.568431 0.728039 0.094425 0.089646
3 0.570427 0.728897 0.094861 0.090247
3 0.571516 0.728781 0.094635 0.089998
3 0.573402 0.728797 0.094931 0.090356
3 0.574238 0.729120 0.094940 0.090398
3 0.575367 0.729515 0.095383 0.090764
3 0.577288 0.729569 0.095278 0.090854
3 0.578417 0.729465 0.095376 0.090782
3 0.580268 0.729993 0.095288 0.090765
3 0.581421 0.729995 0.095892 0.091456
3 0.583276 0.730456 0.096158 0.091897
3 0.584184 0.730350 0.096042 0.091674
3 0.586138 0.730829 0.096159 0.091833
3 0.588182 0.731041 0.096257 0.092030
3 0.589201 0.731305 0.096073 0.091694
3 0.591120 0.731604 0.096250 0.092016
3 0.592253 0.731483 0.096366 0.091969
3 0.594148 0.732036 0.096787 0.092637
3 0.596057 0.732082 0.096662 0.092635
3 0.597102 0.732221 0.096887 0.092741
3 0.599036 0.732698 0.096829 0.092780
3 0.600224 0.732636 0.096926 0.092839
3 0.601068 0.733046 0.096696 0.092567
3 0.603092 0.733463 0.096795 0.092755
3 0.604970 0.733752 0.096892 0.092957
3 0.606179 0.733723 0.097227 0.093264
3 0.608120 0.734156 0.097310 0.093376
3 0.609270 0.734161 0.097531 0.093681
3 0.611225 0.734642 0.097413 0.093482
3 0.612416 0.734597 0.097303 0.093236
3 0.614360 0.735267 0.097196 0.093117
3 0.615590 0.735174 0.097154 0.092952
3 0.616561 0.735124 0.097444 0.093243
3 0.618631 0.735825 0.097698 0.093746
3 0.619623 0.735878 0.097886 0.093879
3 0.621721 0.736225 0.097842 0.093862
3 0.622747 0.736366 0.097778 0.093684
3 0.624871 0.736558 0.097661 0.093514
3 0.625915 0.736625 0.098171 0.093943
3 0.627019 0.737080 0.097866 0.093457
3 0.628994 0.737173 0.097986 0.093626
3 0.630080 0.737410 0.097590 0.093118
3 0.632055 0.738029 0.098184 0.093969
3 0.633237 0.737988 0.097913 0.093481
3 0.635253 0.738512 0.098133 0.093707
3 0.636416 0.738564 0.097725 0.093168
3 0.638380 0.739051 0.097882 0.093367
3 0.640586 0.739499 0.097776 0.093374
3 0.641484 0.739561 0.097951 0.093547
3 0.643723 0.739998 0.097972 0.093621
3 0.645633 0.740424 0.098083 0.093757
3 0.646780 0.740361 0.098116 0.093712
3 0.648739 0.740905 0.098065 0.093710
3 0.650004 0.740850 0.098545 0.094154
3 0.652007 0.741457 0.098593 0.094270
3 0.653119 0.741424 0.098709 0.094289
3 0.655020 0.741998 0.098745 0.094548
3 0.656147 0.742452 0.098666 0.094381
3 0.657078 0.742460 0.099321 0.095150
3 0.659226 0.742959 0.098842 0.094568
3 0.660298 0.743321 0.099273 0.095123
3 0.662348 0.743761 0.098924 0.094698
3 0.663416 0.743703 0.099372 0.095224
3 0.664581 0.744132 0.099039 0.094790
3 0.666589 0.744547 0.099702 0.095609
3 0.667676 0.744816 0.098939 0.094512
3 0.669820 0.745560 0.099278 0.095055
3 0.670890 0.745783 0.099404 0.095321
3 0.673051 0.746174 0.099832 0.095771
3 0.674106 0.746473 0.099121 0.094839
3 0.675272 0.746898 0.098903 0.094516
3 0.677514 0.747424 0.099566 0.095407
3 0.678397 0.747698 0.098546 0.093950
3 0.680652 0.748361 0.099538 0.095378
3 0.681754 0.748815 0.098539 0.094110
3 0.683856 0.749470 0.099256 0.094902
3 0.684970 0.749419 0.098607 0.094026
3 0.687253 0.750311 0.098483 0.093798
3 0.688302 0.750723 0.098867 0.094559
3 0.690598 0.751444 0.098356 0.093835
3 0.691618 0.751832 0.098689 0.094189
3 0.693851 0.752411 0.097970 0.093274
3 0.694912 0.752873 0.098474 0.093991
3 0.697166 0.753483 0.098195 0.093747
3 0.698250 0.753820 0.098162 0.093418
3 0.700451 0.754366 0.097850 0.093245
3 0.702527 0.755172 0.098446 0.094124
3 0.703660 0.755497 0.097762 0.093211
3 0.705823 0.756171 0.098277 0.093859
3 0.706881 0.756544 0.098034 0.093534
3 0.708040 0.756692 0.097306 0.092444
3 0.710110 0.757314 0.098025 0.093462
3 0.711252 0.757527 0.097106 0.091891
3 0.713469 0.758084 0.098003 0.093172
3 0.714608 0.758432 0.097440 0.092515
3 0.716662 0.759061 0.097903 0.092955
3 0.717771 0.759326 0.097674 0.092624
3 0.719884 0.759941 0.097843 0.092666
3 0.720991 0.760132 0.098230 0.093355
3 0.723122 0.760740 0.098238 0.093342
3 0.725350 0.761349 0.097989 0.093176
3 0.726415 0.761731 0.097919 0.092784
3 0.728634 0.762263 0.098175 0.093399
3 0.729729 0.762299 0.098199 0.093183
3 0.731801 0.763031 0.098328 0.093498
3 0.732991 0.763147 0.098351 0.093290
3 0.735152 0.763661 0.098759 0.093872
3 0.737470 0.764248 0.098681 0.093721
3 0.738503 0.764687 0.098480 0.093526
3 0.740805 0.765203 0.098550 0.093472
3 0.741799 0.765267 0.098689 0.093691
3 0.742934 0.765645 0.098684 0.093559
3 0.745211 0.766163 0.098517 0.093296
3 0.746264 0.766431 0.098042 0.092741
3 0.748600 0.766980 0.098340 0.092938
3 0.749620 0.767304 0.097845 0.092198
3 0.751988 0.767836 0.098196 0.092745
3 0.753144 0.767854 0.098007 0.092418
3 0.755316 0.768355 0.098406 0.092833
3 0.756458 0.768706 0.098219 0.092459
3 0.758591 0.769218 0.098387 0.092648
3 0.760869 0.769788 0.098486 0.092898
3 0.761927 0.770083 0.098318 0.092699
3 0.764236 0.770525 0.098547 0.092804
3 0.765255 0.770829 0.098265 0.092390
3 0.767602 0.771205 0.098670 0.092701
3 0.769316 0.771257 0.098862 0.092948
3 0.770544 0.771586 0.098927 0.092984
3 0.771598 0.771548 0.098696 0.092721
3 0.773922 0.772599 0.098855 0.093028
3 0.776161 0.772708 0.098805 0.093045
3 0.777287 0.773051 0.099058 0.093212
3 0.779715 0.773603 0.098985 0.093087
3 0.781687 0.774505 0.099255 0.093428
3 0.782315 0.774522 0.099021 0.093075
3 0.785406 0.774527 0.099106 0.093190
3 0.786540 0.774407 0.099581 0.093589
3 0.788432 0.775345 0.099693 0.093683
