3 0.337500 0.840820 0.053125 0.044922
3 0.338411 0.840413 0.054167 0.045736
3 0.339323 0.840007 0.055208 0.046549
3 0.340234 0.839600 0.056250 0.047363
3 0.341146 0.839193 0.057292 0.048177
3 0.342057 0.838786 0.058333 0.048991
3 0.342969 0.838379 0.059375 0.049805
3 0.343880 0.837972 0.060417 0.050618
3 0.344792 0.837565 0.061458 0.051432
3 0.345703 0.837158 0.062500 0.052246
3 0.346615 0.836751 0.063542 0.053060
3 0.347526 0.836344 0.064583 0.053874
3 0.348438 0.835938 0.065625 0.054688
3 0.349219 0.835938 0.065365 0.055339
3 0.350000 0.835938 0.065104 0.055990
3 0.350781 0.835938 0.064844 0.056641
3 0.351562 0.835938 0.064583 0.057292
3 0.352344 0.835938 0.064323 0.057943
3 0.353125 0.835938 0.064062 0.058594
3 0.353906 0.835938 0.063802 0.059245
3 0.354687 0.835938 0.063542 0.059896
3 0.355469 0.835938 0.063281 0.060547
3 0.356250 0.835938 0.063021 0.061198
3 0.357031 0.835938 0.062760 0.061849
3 0.357812 0.835938 0.062500 0.062500
3 0.358125 0.835547 0.062500 0.062109
3 0.358437 0.835156 0.062500 0.061719
3 0.358750 0.834766 0.062500 0.061328
3 0.359062 0.834375 0.062500 0.060938
3 0.359375 0.833984 0.062500 0.060547
3 0.359687 0.833594 0.062500 0.060156
3 0.360000 0.833203 0.062500 0.059766
3 0.360312 0.832813 0.062500 0.059375
3 0.360625 0.832422 0.062500 0.058984
3 0.360938 0.832031 0.062500 0.058594
3 0.360379 0.831752 0.061830 0.058036
3 0.359821 0.831473 0.061161 0.057478
3 0.359263 0.831194 0.060491 0.056920
3 0.358705 0.830915 0.059821 0.056362
3 0.358147 0.830636 0.059152 0.055804
3 0.357589 0.830357 0.058482 0.055246
3 0.357031 0.830078 0.057813 0.054688
3 0.351228 0.829799 0.057813 0.054688
3 0.345424 0.829520 0.057813 0.054688
3 0.339621 0.829241 0.057813 0.054688
3 0.333817 0.828962 0.057813 0.054688
3 0.328013 0.828683 0.057813 0.054688
3 0.322210 0.828404 0.057813 0.054688
3 0.316406 0.828125 0.057813 0.054688
3 0.314174 0.827985 0.058259 0.056083
3 0.311942 0.827846 0.058705 0.057478
3 0.309710 0.827706 0.059152 0.058873
3 0.307478 0.827567 0.059598 0.060268
3 0.305246 0.827427 0.060045 0.061663
3 0.303013 0.827288 0.060491 0.063058
3 0.300781 0.827148 0.060937 0.064453
3 0.295833 0.826823 0.061979 0.062500
3 0.290885 0.826497 0.063021 0.060547
3 0.285938 0.826172 0.064063 0.058594
3 0.280990 0.825846 0.065104 0.056641
3 0.276042 0.825521 0.066146 0.054688
3 0.271094 0.825195 0.067187 0.052734
3 0.264375 0.824609 0.065000 0.051562
3 0.257656 0.824023 0.062812 0.050391
3 0.250937 0.823437 0.060625 0.049219
3 0.244219 0.822852 0.058437 0.048047
3 0.237500 0.822266 0.056250 0.046875
3 0.230469 0.821875 0.055313 0.049219
3 0.223438 0.821484 0.054375 0.051562
3 0.216406 0.821094 0.053438 0.053906
3 0.209375 0.820703 0.052500 0.056250
3 0.202344 0.820312 0.051562 0.058594
3 0.196875 0.819336 0.051875 0.055859
3 0.191406 0.818359 0.052188 0.053125
3 0.185937 0.817383 0.052500 0.050391
3 0.180469 0.816406 0.052813 0.047656
3 0.175000 0.815430 0.053125 0.044922
3 0.173438 0.815290 0.053125 0.045201
3 0.171875 0.815151 0.053125 0.045480
3 0.170313 0.815011 0.053125 0.045759
3 0.168750 0.814872 0.053125 0.046038
3 0.167188 0.814732 0.053125 0.046317
3 0.165625 0.814593 0.053125 0.046596
3 0.164062 0.814453 0.053125 0.046875
3 0.163393 0.814314 0.053125 0.048270
3 0.162723 0.814174 0.053125 0.049665
3 0.162054 0.814035 0.053125 0.051060
3 0.161384 0.813895 0.053125 0.052455
3 0.160714 0.813756 0.053125 0.053850
3 0.160045 0.813616 0.053125 0.055246
3 0.159375 0.813477 0.053125 0.056641
3 0.159277 0.812988 0.052539 0.055664
3 0.159180 0.812500 0.051953 0.054688
3 0.159082 0.812012 0.051367 0.053711
3 0.158984 0.811523 0.050781 0.052734
3 0.158887 0.811035 0.050195 0.051758
3 0.158789 0.810547 0.049609 0.050781
3 0.158691 0.810059 0.049023 0.049805
3 0.158594 0.809570 0.048438 0.048828
3 0.158984 0.809814 0.048438 0.048828
3 0.159375 0.810059 0.048438 0.048828
3 0.159766 0.810303 0.048438 0.048828
3 0.160156 0.810547 0.048438 0.048828
3 0.160547 0.810791 0.048438 0.048828
3 0.160938 0.811035 0.048438 0.048828
3 0.161328 0.811279 0.048438 0.048828
3 0.161719 0.811523 0.048438 0.048828
3 0.162656 0.810742 0.049063 0.048828
3 0.163594 0.809961 0.049688 0.048828
3 0.164531 0.809180 0.050313 0.048828
3 0.165469 0.808398 0.050938 0.048828
3 0.166406 0.807617 0.051562 0.048828
3 0.167871 0.807251 0.050977 0.048096
3 0.169336 0.806885 0.050391 0.047363
3 0.170801 0.806519 0.049805 0.046631
3 0.172266 0.806152 0.049219 0.045898
3 0.173730 0.805786 0.048633 0.045166
3 0.175195 0.805420 0.048047 0.044434
3 0.176660 0.805054 0.047461 0.043701
3 0.178125 0.804688 0.046875 0.042969
3 0.179576 0.804408 0.047991 0.044085
3 0.181027 0.804129 0.049107 0.045201
3 0.182478 0.803850 0.050223 0.046317
3 0.183929 0.803571 0.051339 0.047433
3 0.185379 0.803292 0.052455 0.048549
3 0.186830 0.803013 0.053571 0.049665
3 0.188281 0.802734 0.054688 0.050781
3 0.189974 0.802409 0.054948 0.050456
3 0.191667 0.802083 0.055208 0.050130
3 0.193359 0.801758 0.055469 0.049805
3 0.195052 0.801432 0.055729 0.049479
3 0.196745 0.801107 0.055990 0.049154
3 0.198438 0.800781 0.056250 0.048828
3 0.200130 0.800456 0.056510 0.048503
3 0.201823 0.800130 0.056771 0.048177
3 0.203516 0.799805 0.057031 0.047852
3 0.205208 0.799479 0.057292 0.047526
3 0.206901 0.799154 0.057552 0.047201
3 0.208594 0.798828 0.057813 0.046875
3 0.210330 0.798720 0.056771 0.047092
3 0.212066 0.798611 0.055729 0.047309
3 0.213802 0.798503 0.054687 0.047526
3 0.215538 0.798394 0.053646 0.047743
3 0.217274 0.798286 0.052604 0.047960
3 0.219010 0.798177 0.051562 0.048177
3 0.220747 0.798069 0.050521 0.048394
3 0.222483 0.797960 0.049479 0.048611
3 0.224219 0.797852 0.048438 0.048828
3 0.226562 0.797960 0.048958 0.048177
3 0.228906 0.798069 0.049479 0.047526
3 0.231250 0.798177 0.050000 0.046875
3 0.233594 0.798286 0.050521 0.046224
3 0.235937 0.798394 0.051042 0.045573
3 0.238281 0.798503 0.051562 0.044922
3 0.240625 0.798611 0.052083 0.044271
3 0.242969 0.798720 0.052604 0.043620
3 0.245312 0.798828 0.053125 0.042969
3 0.246441 0.798286 0.052604 0.043186
3 0.247569 0.797743 0.052083 0.043403
3 0.248698 0.797201 0.051562 0.043620
3 0.249826 0.796658 0.051042 0.043837
3 0.250955 0.796115 0.050521 0.044054
3 0.252083 0.795573 0.050000 0.044271
3 0.253212 0.795030 0.049479 0.044488
3 0.254340 0.794488 0.048958 0.044705
3 0.255469 0.793945 0.048438 0.044922
3 0.257500 0.793848 0.048438 0.045508
3 0.259531 0.793750 0.048438 0.046094
3 0.261562 0.793652 0.048438 0.046680
3 0.263594 0.793555 0.048438 0.047266
3 0.265625 0.793457 0.048438 0.047852
3 0.267656 0.793359 0.048438 0.048437
3 0.269687 0.793262 0.048438 0.049023
3 0.271719 0.793164 0.048438 0.049609
3 0.273750 0.793066 0.048438 0.050195
3 0.275781 0.792969 0.048438 0.050781
3 0.277202 0.792880 0.048722 0.050249
3 0.278622 0.792791 0.049006 0.049716
3 0.280043 0.792702 0.049290 0.049183
3 0.281463 0.792614 0.049574 0.048651
3 0.282884 0.792525 0.049858 0.048118
3 0.284304 0.792436 0.050142 0.047585
3 0.285724 0.792347 0.050426 0.047053
3 0.287145 0.792259 0.050710 0.046520
3 0.288565 0.792170 0.050994 0.045987
3 0.289986 0.792081 0.051278 0.045455
3 0.291406 0.791992 0.051562 0.044922
3 0.293125 0.791895 0.050625 0.044727
3 0.294844 0.791797 0.049688 0.044531
3 0.296562 0.791699 0.048750 0.044336
3 0.298281 0.791602 0.047813 0.044141
3 0.300000 0.791504 0.046875 0.043945
3 0.301719 0.791406 0.045938 0.043750
3 0.303437 0.791309 0.045000 0.043555
3 0.305156 0.791211 0.044063 0.043359
3 0.306875 0.791113 0.043125 0.043164
3 0.308594 0.791016 0.042188 0.042969
3 0.310000 0.790755 0.042292 0.042969
3 0.311406 0.790495 0.042396 0.042969
3 0.312812 0.790234 0.042500 0.042969
3 0.314219 0.789974 0.042604 0.042969
3 0.315625 0.789714 0.042708 0.042969
3 0.317031 0.789453 0.042813 0.042969
3 0.318437 0.789193 0.042917 0.042969
3 0.319844 0.788932 0.043021 0.042969
3 0.321250 0.788672 0.043125 0.042969
3 0.322656 0.788411 0.043229 0.042969
3 0.324062 0.788151 0.043333 0.042969
3 0.325469 0.787891 0.043438 0.042969
3 0.326875 0.787630 0.043542 0.042969
3 0.328281 0.787370 0.043646 0.042969
3 0.329687 0.787109 0.043750 0.042969
3 0.331055 0.786987 0.045313 0.043213
3 0.332422 0.786865 0.046875 0.043457
3 0.333789 0.786743 0.048438 0.043701
3 0.335156 0.786621 0.050000 0.043945
3 0.336523 0.786499 0.051563 0.044189
3 0.337891 0.786377 0.053125 0.044434
3 0.339258 0.786255 0.054688 0.044678
3 0.340625 0.786133 0.056250 0.044922
3 0.342187 0.785938 0.055625 0.044922
3 0.343750 0.785742 0.055000 0.044922
3 0.345312 0.785547 0.054375 0.044922
3 0.346875 0.785352 0.053750 0.044922
3 0.348437 0.785156 0.053125 0.044922
3 0.350000 0.784961 0.052500 0.044922
3 0.351562 0.784766 0.051875 0.044922
3 0.353125 0.784570 0.051250 0.044922
3 0.354687 0.784375 0.050625 0.044922
3 0.356250 0.784180 0.050000 0.044922
3 0.357457 0.784180 0.050142 0.044567
3 0.358665 0.784180 0.050284 0.044212
3 0.359872 0.784180 0.050426 0.043857
3 0.361080 0.784180 0.050568 0.043501
3 0.362287 0.784180 0.050710 0.043146
3 0.363494 0.784180 0.050852 0.042791
3 0.364702 0.784180 0.050994 0.042436
3 0.365909 0.784180 0.051136 0.042081
3 0.367116 0.784180 0.051278 0.041726
3 0.368324 0.784180 0.051420 0.041371
3 0.369531 0.784180 0.051562 0.041016
3 0.370729 0.783919 0.051042 0.040755
3 0.371927 0.783659 0.050521 0.040495
3 0.373125 0.783398 0.050000 0.040234
3 0.374323 0.783138 0.049479 0.039974
3 0.375521 0.782878 0.048958 0.039714
3 0.376719 0.782617 0.048437 0.039453
3 0.377917 0.782357 0.047917 0.039193
3 0.379115 0.782096 0.047396 0.038932
3 0.380312 0.781836 0.046875 0.038672
3 0.381510 0.781576 0.046354 0.038411
3 0.382708 0.781315 0.045833 0.038151
3 0.383906 0.781055 0.045312 0.037891
3 0.385104 0.780794 0.044792 0.037630
3 0.386302 0.780534 0.044271 0.037370
3 0.387500 0.780273 0.043750 0.037109
3 0.388951 0.780227 0.043824 0.037574
3 0.390402 0.780180 0.043899 0.038039
3 0.391853 0.780134 0.043973 0.038504
3 0.393304 0.780087 0.044048 0.038969
3 0.394754 0.780041 0.044122 0.039435
3 0.396205 0.779994 0.044196 0.039900
3 0.397656 0.779948 0.044271 0.040365
3 0.399107 0.779901 0.044345 0.040830
3 0.400558 0.779855 0.044420 0.041295
3 0.402009 0.779808 0.044494 0.041760
3 0.403460 0.779762 0.044568 0.042225
3 0.404911 0.779715 0.044643 0.042690
3 0.406362 0.779669 0.044717 0.043155
3 0.407813 0.779622 0.044792 0.043620
3 0.409263 0.779576 0.044866 0.044085
3 0.410714 0.779529 0.044940 0.044550
3 0.412165 0.779483 0.045015 0.045015
3 0.413616 0.779436 0.045089 0.045480
3 0.415067 0.779390 0.045164 0.045945
3 0.416518 0.779343 0.045238 0.046410
3 0.417969 0.779297 0.045312 0.046875
3 0.419323 0.779036 0.045312 0.046615
3 0.420677 0.778776 0.045312 0.046354
3 0.422031 0.778516 0.045312 0.046094
3 0.423385 0.778255 0.045312 0.045833
3 0.424740 0.777995 0.045312 0.045573
3 0.426094 0.777734 0.045312 0.045312
3 0.427448 0.777474 0.045312 0.045052
3 0.428802 0.777214 0.045312 0.044792
3 0.430156 0.776953 0.045312 0.044531
3 0.431510 0.776693 0.045312 0.044271
3 0.432865 0.776432 0.045312 0.044010
3 0.434219 0.776172 0.045312 0.043750
3 0.435573 0.775911 0.045312 0.043490
3 0.436927 0.775651 0.045312 0.043229
3 0.438281 0.775391 0.045312 0.042969
3 0.439714 0.775282 0.045226 0.042969
3 0.441146 0.775174 0.045139 0.042969
3 0.442578 0.775065 0.045052 0.042969
3 0.444010 0.774957 0.044965 0.042969
3 0.445443 0.774848 0.044878 0.042969
3 0.446875 0.774740 0.044792 0.042969
3 0.448307 0.774631 0.044705 0.042969
3 0.449740 0.774523 0.044618 0.042969
3 0.451172 0.774414 0.044531 0.042969
3 0.452604 0.774306 0.044444 0.042969
3 0.454036 0.774197 0.044358 0.042969
3 0.455469 0.774089 0.044271 0.042969
3 0.456901 0.773980 0.044184 0.042969
3 0.458333 0.773872 0.044097 0.042969
3 0.459766 0.773763 0.044010 0.042969
3 0.461198 0.773655 0.043924 0.042969
3 0.462630 0.773546 0.043837 0.042969
3 0.464062 0.773438 0.043750 0.042969
