3 0.568750 0.355469 0.193750 0.195312
3 0.568751 0.355469 0.193765 0.195330
3 0.569200 0.357475 0.194179 0.195886
3 0.569576 0.358724 0.194631 0.196361
3 0.570353 0.359497 0.195177 0.197014
3 0.571000 0.359754 0.195749 0.197782
3 0.572539 0.359535 0.196192 0.198219
3 0.572537 0.359540 0.196175 0.198198
3 0.572531 0.360325 0.196500 0.198593
3 0.573122 0.359467 0.197167 0.199410
3 0.573135 0.358912 0.197367 0.199635
3 0.573474 0.358547 0.198375 0.200834
3 0.573073 0.359354 0.198365 0.200793
3 0.573076 0.359355 0.198351 0.200774
3 0.573141 0.359623 0.198876 0.201397
3 0.573401 0.360566 0.199446 0.202019
3 0.573484 0.363750 0.199881 0.202452
3 0.573156 0.366373 0.200107 0.202650
3 0.573929 0.365392 0.200273 0.202866
3 0.573930 0.365393 0.200266 0.202857
3 0.574218 0.366902 0.200885 0.203428
3 0.573055 0.370762 0.201070 0.203655
3 0.572842 0.372254 0.202033 0.204710
3 0.572202 0.375272 0.202709 0.205555
3 0.572160 0.379109 0.203140 0.205994
3 0.572159 0.379108 0.203158 0.206019
3 0.571680 0.381727 0.204142 0.207143
3 0.572066 0.383879 0.204440 0.207564
3 0.571910 0.385659 0.205093 0.208351
3 0.572384 0.384233 0.205314 0.208680
3 0.573742 0.381714 0.206118 0.209598
3 0.573743 0.381712 0.206137 0.209628
3 0.574994 0.381672 0.206553 0.210149
3 0.575769 0.382470 0.207288 0.211000
3 0.577302 0.384209 0.208232 0.212087
3 0.578575 0.388528 0.209041 0.213002
3 0.581092 0.394580 0.210112 0.214205
3 0.581096 0.394581 0.210148 0.214253
3 0.583181 0.399191 0.210211 0.214332
3 0.585500 0.399816 0.210813 0.215003
3 0.586707 0.403214 0.211608 0.215779
3 0.588646 0.407674 0.211876 0.216063
3 0.590480 0.412030 0.212579 0.216763
3 0.590480 0.412030 0.212579 0.216762
3 0.592825 0.418207 0.213333 0.217566
3 0.594849 0.424993 0.213660 0.217845
3 0.597152 0.430416 0.214154 0.218291
3 0.599000 0.435175 0.215302 0.219681
3 0.601338 0.440709 0.215949 0.220308
3 0.601339 0.440709 0.215954 0.220312
3 0.603458 0.443564 0.216334 0.220673
3 0.604238 0.442620 0.216754 0.221170
3 0.606031 0.441215 0.217927 0.222485
3 0.606003 0.442938 0.218429 0.223027
3 0.606573 0.443893 0.218934 0.223653
3 0.606577 0.443891 0.218943 0.223660
3 0.606213 0.443291 0.219073 0.223748
3 0.605740 0.440147 0.219231 0.223992
3 0.605073 0.432583 0.218954 0.223643
3 0.603173 0.423622 0.219269 0.223993
3 0.602871 0.413953 0.219312 0.224079
3 0.602870 0.413952 0.219317 0.224089
3 0.602968 0.404451 0.219718 0.224544
3 0.602229 0.394718 0.219395 0.224002
3 0.600092 0.385210 0.218994 0.223327
3 0.596241 0.375517 0.218712 0.222889
3 0.592617 0.366092 0.218964 0.223110
3 0.592617 0.366093 0.219012 0.223178
3 0.588149 0.356649 0.219004 0.222977
3 0.583751 0.347952 0.218693 0.222500
3 0.578284 0.339502 0.218684 0.222352
3 0.573531 0.331080 0.218841 0.222421
3 0.568417 0.322935 0.218735 0.222225
3 0.568415 0.322931 0.218747 0.222241
3 0.563906 0.313950 0.219123 0.222584
3 0.559666 0.306303 0.218905 0.222334
3 0.555757 0.298405 0.219016 0.222339
3 0.551852 0.289631 0.219189 0.222429
3 0.548388 0.281294 0.220071 0.223385
3 0.548397 0.281291 0.220053 0.223356
3 0.544992 0.274067 0.220325 0.223644
3 0.542245 0.266901 0.221071 0.224488
3 0.540032 0.261072 0.221632 0.225095
3 0.537952 0.255634 0.222190 0.225671
3 0.536034 0.249774 0.222475 0.225888
3 0.536035 0.249774 0.222471 0.225882
3 0.534415 0.244354 0.222928 0.226356
3 0.532281 0.240743 0.223600 0.227161
3 0.531237 0.235794 0.223613 0.227257
3 0.530395 0.230834 0.223611 0.227347
3 0.529291 0.227248 0.222686 0.226458
3 0.529292 0.227249 0.222689 0.226464
3 0.528271 0.224376 0.222343 0.226242
3 0.527465 0.222144 0.221620 0.225584
3 0.527014 0.220307 0.220425 0.224347
3 0.526627 0.220613 0.219486 0.223354
3 0.526621 0.222017 0.219099 0.223018
3 0.526622 0.222016 0.219085 0.223000
3 0.526780 0.223484 0.217999 0.221889
3 0.527331 0.225026 0.217065 0.220954
3 0.527873 0.226045 0.215869 0.219710
3 0.528849 0.226423 0.215015 0.218894
3 0.529620 0.227284 0.214232 0.218082
3 0.529620 0.227284 0.214231 0.218082
3 0.530452 0.227593 0.213204 0.217012
3 0.530889 0.227525 0.212186 0.215864
3 0.531752 0.227111 0.211213 0.214859
3 0.532655 0.226107 0.210070 0.213631
3 0.533029 0.224230 0.209487 0.213060
3 0.533028 0.224228 0.209499 0.213076
3 0.533636 0.221106 0.208609 0.212105
3 0.534449 0.218336 0.208069 0.211580
3 0.534737 0.215943 0.206954 0.210409
3 0.535362 0.213711 0.205891 0.209191
3 0.535433 0.211427 0.205097 0.208375
3 0.535433 0.211421 0.205123 0.208411
3 0.535815 0.209163 0.204582 0.207867
3 0.535816 0.207555 0.203911 0.207180
3 0.535502 0.206602 0.203176 0.206341
3 0.535375 0.207112 0.202132 0.205239
3 0.535318 0.208598 0.201612 0.204617
3 0.535316 0.208595 0.201613 0.204620
3 0.534983 0.210390 0.200515 0.203447
3 0.534524 0.211890 0.199969 0.202863
3 0.534144 0.213726 0.198896 0.201637
3 0.533578 0.215369 0.197941 0.200543
3 0.533173 0.216701 0.197412 0.199987
3 0.533171 0.216702 0.197425 0.200006
3 0.532689 0.217923 0.196322 0.198743
3 0.531734 0.218796 0.195492 0.197810
3 0.531271 0.220235 0.194430 0.196647
3 0.530438 0.220986 0.193285 0.195339
3 0.530090 0.221405 0.192070 0.193950
3 0.530091 0.221405 0.192057 0.193928
3 0.529896 0.221378 0.191372 0.193137
3 0.529859 0.219953 0.191081 0.192879
3 0.529837 0.218987 0.190051 0.191840
3 0.530388 0.216784 0.189387 0.191246
3 0.530831 0.215102 0.188187 0.189915
3 0.530830 0.215099 0.188212 0.189951
3 0.530769 0.213292 0.187683 0.189441
3 0.530599 0.211725 0.186615 0.188252
3 0.530387 0.210445 0.186079 0.187840
3 0.530389 0.208098 0.184877 0.186434
3 0.530529 0.205527 0.184589 0.186416
3 0.530533 0.205527 0.184563 0.186370
3 0.530659 0.203029 0.184029 0.185858
3 0.530576 0.200546 0.183123 0.184852
3 0.530164 0.197848 0.182792 0.184693
3 0.530083 0.194805 0.182370 0.184396
3 0.530249 0.191376 0.181954 0.184062
3 0.530252 0.191373 0.181950 0.184060
3 0.530026 0.188445 0.181273 0.183414
3 0.529862 0.185090 0.180676 0.182798
3 0.529411 0.182204 0.180251 0.182381
3 0.528740 0.179526 0.179474 0.181650
3 0.528252 0.176745 0.178841 0.181076
3 0.528253 0.176750 0.178830 0.181057
3 0.527270 0.174201 0.178185 0.180339
3 0.526829 0.171262 0.177088 0.179214
3 0.526361 0.168231 0.176695 0.178846
3 0.525674 0.165416 0.175509 0.177477
3 0.524890 0.162597 0.174675 0.176465
3 0.524890 0.162597 0.174668 0.176457
3 0.524483 0.159350 0.173918 0.175712
3 0.524114 0.156760 0.172946 0.174565
3 0.524009 0.154751 0.172279 0.173852
3 0.523833 0.152732 0.171259 0.172694
3 0.523703 0.151243 0.170877 0.172360
3 0.523699 0.151234 0.170907 0.172401
3 0.523512 0.149516 0.170282 0.171909
3 0.523555 0.148243 0.170008 0.171687
3 0.523749 0.147609 0.169728 0.171588
3 0.523723 0.147665 0.169500 0.171361
3 0.523979 0.148503 0.169263 0.171345
3 0.523979 0.148506 0.169262 0.171342
3 0.524164 0.151856 0.169089 0.171334
3 0.524177 0.157972 0.169022 0.171539
3 0.524728 0.166807 0.168758 0.171408
3 0.525322 0.176983 0.168427 0.171109
3 0.525733 0.186383 0.168214 0.170970
3 0.525733 0.186375 0.168192 0.170944
3 0.526271 0.194033 0.167789 0.170619
3 0.526261 0.200198 0.167758 0.170627
3 0.526973 0.205680 0.167730 0.170718
3 0.527373 0.211417 0.167518 0.170474
3 0.527947 0.216800 0.167128 0.170180
3 0.527948 0.216800 0.167128 0.170180
3 0.528135 0.221351 0.166753 0.169785
3 0.528777 0.225935 0.166252 0.169192
3 0.529258 0.229873 0.166298 0.169414
3 0.529852 0.233022 0.165748 0.168747
3 0.530171 0.235203 0.165226 0.168212
3 0.530175 0.235207 0.165208 0.168185
3 0.530683 0.237246 0.164974 0.168040
3 0.530990 0.238643 0.164440 0.167517
3 0.531602 0.239190 0.163796 0.166758
3 0.531958 0.238586 0.163418 0.166367
3 0.532433 0.235226 0.162364 0.165188
3 0.532434 0.235222 0.162364 0.165190
3 0.532920 0.230465 0.161436 0.164196
3 0.533695 0.224186 0.161051 0.163911
3 0.534112 0.217879 0.160423 0.163227
3 0.534628 0.211564 0.160123 0.162975
3 0.535191 0.205566 0.159796 0.162705
3 0.535187 0.205568 0.159801 0.162702
3 0.535467 0.200202 0.159257 0.162164
3 0.535875 0.195133 0.158986 0.162082
3 0.536232 0.190267 0.158787 0.162010
3 0.536521 0.185861 0.158349 0.161571
3 0.536639 0.181958 0.158167 0.161495
3 0.536636 0.181957 0.158176 0.161494
3 0.536795 0.178500 0.157645 0.160844
3 0.536805 0.175593 0.157921 0.161380
3 0.536910 0.173759 0.157922 0.161521
3 0.536800 0.172260 0.158482 0.162052
3 0.536796 0.171000 0.159010 0.163012
3 0.536795 0.171001 0.159051 0.163048
3 0.536762 0.170192 0.160173 0.164253
3 0.536946 0.169418 0.160418 0.164849
3 0.537126 0.168802 0.160695 0.165336
3 0.537396 0.168051 0.161322 0.166387
3 0.537452 0.167599 0.162404 0.167885
3 0.537459 0.167599 0.162396 0.167881
3 0.537556 0.167717 0.162098 0.167731
3 0.537586 0.167953 0.163042 0.168981
3 0.537609 0.168103 0.163355 0.169505
3 0.537463 0.168039 0.164818 0.171654
3 0.536971 0.167725 0.166857 0.173642
3 0.536967 0.167706 0.167328 0.174268
3 0.536477 0.167729 0.168107 0.175134
3 0.536123 0.167210 0.169978 0.177596
3 0.535697 0.166533 0.170171 0.178046
3 0.535352 0.165795 0.170163 0.178619
3 0.534958 0.165075 0.171319 0.180245
3 0.534962 0.165079 0.171332 0.180263
3 0.534539 0.163770 0.170998 0.180591
3 0.534265 0.161896 0.171663 0.181842
3 0.534195 0.160786 0.172448 0.182957
3 0.534208 0.159254 0.173918 0.184937
3 0.534186 0.157493 0.174332 0.185357
3 0.534199 0.157480 0.174475 0.185631
3 0.534248 0.155532 0.175705 0.187069
3 0.534182 0.154114 0.177010 0.188652
3 0.534077 0.152721 0.177481 0.189318
3 0.533898 0.151259 0.178039 0.190246
3 0.533893 0.149325 0.178577 0.191035
3 0.533891 0.149322 0.178639 0.191104
3 0.533858 0.147778 0.178608 0.191192
3 0.533835 0.146468 0.179634 0.192560
3 0.533795 0.146189 0.179214 0.192126
3 0.533585 0.145440 0.179262 0.192384
3 0.533212 0.144479 0.179378 0.192620
3 0.533213 0.144471 0.179441 0.192703
3 0.532824 0.143655 0.179912 0.193361
3 0.532474 0.142600 0.179688 0.193368
3 0.532042 0.142014 0.179545 0.193431
3 0.531567 0.141495 0.178954 0.192821
3 0.531270 0.140504 0.179067 0.193158
3 0.531269 0.140498 0.179075 0.193163
3 0.530912 0.139757 0.178658 0.192848
3 0.530464 0.139727 0.178505 0.192770
3 0.530432 0.140193 0.178032 0.192423
3 0.530166 0.139623 0.177452 0.191839
3 0.530087 0.139455 0.177686 0.192256
3 0.530094 0.139456 0.177694 0.192313
3 0.529771 0.139416 0.177613 0.192365
3 0.529896 0.139493 0.177071 0.191877
3 0.530131 0.140422 0.176877 0.191798
3 0.530421 0.141283 0.176839 0.191830
3 0.530772 0.141953 0.176610 0.191762
3 0.530773 0.141955 0.176624 0.191778
3 0.531137 0.142703 0.176529 0.191691
3 0.531401 0.144315 0.176082 0.191146
3 0.531551 0.146359 0.176461 0.191658
3 0.532023 0.149266 0.177035 0.192555
3 0.532281 0.152777 0.177113 0.192864
3 0.532277 0.152787 0.177134 0.192887
3 0.532487 0.156162 0.176678 0.192194
3 0.532740 0.159146 0.176118 0.191554
3 0.532932 0.161131 0.175358 0.190478
3 0.533128 0.162834 0.175214 0.190187
3 0.533751 0.163914 0.174939 0.189774
3 0.533752 0.163913 0.174951 0.189789
3 0.533969 0.163887 0.174920 0.189651
3 0.534111 0.164417 0.174228 0.188698
3 0.534124 0.164393 0.173942 0.188252
3 0.534166 0.164163 0.173876 0.188135
3 0.534217 0.163518 0.173390 0.187534
3 0.534218 0.163518 0.173387 0.187530
3 0.534196 0.162094 0.173207 0.187302
3 0.534189 0.160203 0.172798 0.186885
3 0.534165 0.158452 0.172183 0.186127
3 0.534095 0.157205 0.171498 0.185336
3 0.534071 0.155716 0.171363 0.185134
3 0.534069 0.155713 0.171391 0.185158
3 0.533870 0.154925 0.170728 0.184379
3 0.533851 0.153754 0.170191 0.183806
3 0.533871 0.152301 0.169903 0.183491
3 0.533914 0.150377 0.169770 0.183293
3 0.533905 0.149021 0.169590 0.183154
3 0.533905 0.149022 0.169602 0.183173
3 0.533730 0.147910 0.169646 0.183355
3 0.533284 0.146173 0.169184 0.182825
3 0.533246 0.144254 0.169143 0.182899
3 0.532810 0.142586 0.168721 0.182416
3 0.532711 0.141158 0.168679 0.182609
3 0.532712 0.141153 0.168692 0.182623
3 0.532456 0.139170 0.168302 0.182291
3 0.532164 0.137343 0.167861 0.181906
3 0.531925 0.136006 0.167337 0.181292
3 0.531534 0.134140 0.166991 0.180885
3 0.531138 0.131829 0.166983 0.181032
3 0.531136 0.131815 0.167005 0.181054
3 0.530517 0.129391 0.166766 0.180930
3 0.529911 0.126698 0.166559 0.180699
3 0.529537 0.123978 0.166651 0.180888
3 0.529151 0.121459 0.166372 0.180575
3 0.528663 0.119990 0.166188 0.180332
3 0.528667 0.120005 0.166182 0.180335
3 0.528296 0.118107 0.165892 0.180021
3 0.527822 0.117421 0.165703 0.179883
3 0.527282 0.116645 0.164867 0.178896
3 0.526840 0.115712 0.164269 0.178182
3 0.526456 0.114721 0.164266 0.178223
3 0.526454 0.114724 0.164270 0.178232
