3 0.604688 0.628906 0.053125 0.042969
3 0.605584 0.629106 0.052498 0.045987
3 0.606223 0.628957 0.053032 0.043226
3 0.607192 0.628968 0.059848 0.054792
3 0.607131 0.629006 0.058008 0.052841
3 0.608360 0.628918 0.056244 0.048180
3 0.608588 0.629145 0.049776 0.041615
3 0.609054 0.628917 0.055623 0.047463
3 0.609989 0.628594 0.061344 0.051390
3 0.610451 0.628786 0.062130 0.056492
3 0.611076 0.628678 0.060141 0.050020
3 0.612017 0.628832 0.061997 0.056739
3 0.611698 0.628794 0.062175 0.057078
3 0.613149 0.627084 0.053062 0.045335
3 0.613518 0.628101 0.056745 0.050433
3 0.613861 0.627338 0.051509 0.042480
3 0.614527 0.626871 0.058389 0.050089
3 0.615047 0.627053 0.056244 0.049041
3 0.615514 0.627648 0.053809 0.044185
3 0.616299 0.627646 0.051702 0.042090
3 0.616275 0.627104 0.050386 0.041182
3 0.616356 0.626871 0.057476 0.049604
3 0.617870 0.626835 0.056314 0.047245
3 0.618029 0.627148 0.049393 0.040916
3 0.618515 0.627132 0.051823 0.043472
3 0.618627 0.625846 0.053809 0.043548
3 0.619556 0.626777 0.061061 0.054791
3 0.620243 0.626886 0.056392 0.046312
3 0.620934 0.627011 0.054349 0.045211
3 0.620948 0.626515 0.061374 0.050690
3 0.621979 0.626475 0.061278 0.051599
3 0.622483 0.626929 0.056164 0.046183
3 0.622887 0.627065 0.054728 0.047052
3 0.623056 0.625345 0.050630 0.040987
3 0.623998 0.625107 0.058566 0.052209
3 0.625053 0.626722 0.060739 0.050676
3 0.625713 0.626752 0.059554 0.048408
3 0.625636 0.625025 0.057010 0.049292
3 0.625876 0.624986 0.061303 0.054477
3 0.627109 0.625456 0.060661 0.053700
3 0.628148 0.626293 0.060485 0.050682
3 0.628205 0.625364 0.057516 0.050242
3 0.628828 0.624686 0.060884 0.049372
3 0.629043 0.624966 0.055670 0.047441
3 0.630083 0.624915 0.060297 0.055244
3 0.630279 0.624751 0.061071 0.054115
3 0.631261 0.623862 0.056377 0.046897
3 0.631823 0.623607 0.061568 0.054612
3 0.632137 0.624156 0.057395 0.049388
3 0.632742 0.624654 0.062153 0.053305
3 0.633365 0.623559 0.061112 0.054517
3 0.633522 0.623818 0.053768 0.044254
3 0.634797 0.623541 0.060819 0.053859
3 0.634971 0.623365 0.055441 0.047918
3 0.635530 0.623107 0.051750 0.042371
3 0.636076 0.622928 0.058218 0.051281
3 0.636617 0.623052 0.051826 0.042477
3 0.637047 0.622976 0.059769 0.052315
3 0.637822 0.622727 0.062751 0.052576
3 0.638246 0.622644 0.063315 0.052718
3 0.638759 0.622781 0.061391 0.053389
3 0.639353 0.621755 0.061209 0.054223
3 0.639719 0.621814 0.063836 0.056684
3 0.640097 0.622023 0.054834 0.045628
3 0.640749 0.621736 0.059017 0.051317
3 0.641293 0.621415 0.055788 0.048874
3 0.641518 0.621113 0.050980 0.041302
3 0.642591 0.620861 0.061976 0.056537
3 0.642853 0.620952 0.056835 0.049297
3 0.642966 0.621181 0.052491 0.043652
3 0.643538 0.621141 0.056510 0.047295
3 0.644463 0.620851 0.060256 0.048786
3 0.644933 0.620999 0.061055 0.053647
3 0.645387 0.620939 0.060935 0.050606
3 0.646103 0.620474 0.060555 0.052037
3 0.646314 0.620396 0.059296 0.052178
3 0.647409 0.619725 0.063226 0.056512
3 0.647521 0.619758 0.060734 0.053279
3 0.647626 0.619737 0.052754 0.043775
3 0.648814 0.619096 0.061655 0.055756
3 0.649036 0.619113 0.062467 0.056144
3 0.649612 0.619331 0.054533 0.045561
3 0.650432 0.618918 0.064066 0.055862
3 0.650922 0.618878 0.063815 0.057838
3 0.652003 0.618403 0.064462 0.054347
3 0.652266 0.617875 0.058927 0.050635
3 0.652538 0.617905 0.052945 0.043727
3 0.653094 0.617258 0.057070 0.050120
3 0.653886 0.617276 0.053876 0.045410
3 0.654861 0.616973 0.061604 0.052625
3 0.655580 0.616764 0.061941 0.052509
3 0.655789 0.616960 0.062384 0.054747
3 0.657090 0.616478 0.068086 0.059268
3 0.657287 0.615942 0.052641 0.042822
3 0.657667 0.615789 0.056080 0.047835
3 0.658520 0.615149 0.063258 0.059407
3 0.658772 0.615404 0.051391 0.042583
3 0.658979 0.615231 0.053566 0.043410
3 0.660156 0.614842 0.064757 0.058475
3 0.660310 0.615022 0.056544 0.046410
3 0.661284 0.614792 0.064768 0.056978
3 0.661606 0.614670 0.068774 0.061361
3 0.661809 0.614628 0.059603 0.049031
3 0.662554 0.614313 0.059190 0.049312
3 0.663102 0.613888 0.065511 0.059991
3 0.663336 0.613526 0.050591 0.042215
3 0.664440 0.613221 0.061925 0.058103
3 0.664727 0.613235 0.058454 0.052815
3 0.665019 0.613295 0.050837 0.041495
3 0.665459 0.613134 0.056711 0.046642
3 0.666265 0.612909 0.065354 0.057694
3 0.666691 0.613162 0.058459 0.050154
3 0.667126 0.613082 0.059849 0.049886
3 0.667976 0.612597 0.060121 0.049215
3 0.668338 0.612428 0.056938 0.048521
3 0.669162 0.611967 0.063012 0.056432
3 0.669621 0.612048 0.051915 0.042084
3 0.669949 0.611425 0.052586 0.044993
3 0.671068 0.611075 0.059600 0.052447
3 0.671322 0.611222 0.053259 0.043635
3 0.672498 0.610922 0.066475 0.062364
3 0.672682 0.611074 0.059923 0.052762
3 0.673315 0.610993 0.060424 0.050327
3 0.674105 0.610696 0.068087 0.060228
3 0.674471 0.610999 0.060014 0.051704
3 0.674982 0.610740 0.059182 0.048324
3 0.675682 0.610577 0.065539 0.056532
3 0.675965 0.609993 0.050568 0.041288
3 0.676439 0.609908 0.053968 0.046068
3 0.677231 0.609915 0.051754 0.043067
3 0.677509 0.609506 0.048689 0.039759
3 0.678737 0.609184 0.060931 0.056773
3 0.678813 0.609473 0.051303 0.043215
3 0.679684 0.609334 0.056136 0.049915
3 0.680378 0.608975 0.063819 0.056454
3 0.680742 0.609239 0.056969 0.048716
3 0.681154 0.609217 0.056293 0.045712
3 0.682003 0.609173 0.057023 0.046532
3 0.682168 0.608807 0.059423 0.052280
3 0.683358 0.608406 0.063847 0.055412
3 0.683525 0.608651 0.057723 0.047616
3 0.684140 0.608557 0.055977 0.046676
3 0.684823 0.607525 0.060319 0.055896
3 0.685251 0.608588 0.056324 0.049047
3 0.685648 0.607726 0.051275 0.043496
3 0.686534 0.607433 0.052182 0.044906
3 0.686764 0.607486 0.048143 0.039181
3 0.687959 0.607040 0.061964 0.055447
3 0.688374 0.607344 0.052461 0.043602
3 0.688322 0.607349 0.052278 0.043489
3 0.689435 0.607060 0.061274 0.055598
3 0.689988 0.607134 0.057995 0.050211
3 0.691010 0.606916 0.062589 0.054108
3 0.691484 0.607136 0.057776 0.049499
3 0.691449 0.607158 0.057508 0.049592
3 0.692842 0.606927 0.061979 0.053046
3 0.693211 0.607203 0.057546 0.050120
3 0.693852 0.606961 0.058433 0.047642
3 0.694462 0.606421 0.053401 0.044619
3 0.695376 0.606336 0.056639 0.047752
3 0.695911 0.606251 0.060029 0.052492
3 0.696300 0.606513 0.054130 0.045959
3 0.696876 0.605610 0.055630 0.050057
3 0.697765 0.605415 0.048493 0.039404
3 0.697852 0.605571 0.048059 0.039498
3 0.698652 0.605298 0.058060 0.053889
3 0.699428 0.605590 0.047980 0.039533
3 0.699561 0.605442 0.049284 0.040640
3 0.700661 0.605383 0.050529 0.042317
3 0.700978 0.605299 0.054205 0.045696
3 0.702123 0.605029 0.062010 0.055447
3 0.702333 0.605260 0.055645 0.047591
3 0.702697 0.605225 0.057285 0.049601
3 0.703750 0.604422 0.058605 0.050006
3 0.703881 0.604745 0.056160 0.048754
3 0.704879 0.604591 0.058579 0.049239
3 0.705307 0.604545 0.054506 0.044221
3 0.705490 0.604588 0.053756 0.046456
3 0.706611 0.604096 0.059586 0.053615
3 0.706851 0.604166 0.050417 0.040933
3 0.707670 0.603993 0.052666 0.044751
3 0.708277 0.603816 0.058793 0.054059
3 0.708753 0.603571 0.047833 0.039170
3 0.709638 0.603156 0.059307 0.055053
3 0.710112 0.603461 0.048559 0.039673
3 0.710653 0.603281 0.055788 0.047130
3 0.711597 0.603183 0.056371 0.046738
3 0.711856 0.603256 0.056717 0.049539
3 0.713176 0.602541 0.054362 0.044471
3 0.713389 0.602808 0.054828 0.046465
3 0.714535 0.602178 0.063230 0.058442
3 0.714692 0.601803 0.053905 0.047975
3 0.715388 0.601919 0.052986 0.046432
3 0.716159 0.601699 0.061614 0.059333
3 0.716273 0.601665 0.050088 0.043133
3 0.717295 0.601385 0.057901 0.054449
3 0.717809 0.601375 0.055154 0.050683
3 0.718712 0.601354 0.055804 0.051178
3 0.719531 0.601342 0.053251 0.043375
3 0.720679 0.601065 0.062640 0.055538
3 0.721052 0.601314 0.054063 0.044572
3 0.721950 0.600772 0.058059 0.048309
3 0.722549 0.600765 0.060720 0.052076
3 0.723620 0.600797 0.059599 0.050408
3 0.724126 0.600564 0.061631 0.054125
3 0.724678 0.599938 0.051408 0.044645
3 0.725435 0.599526 0.060064 0.058028
3 0.725871 0.599769 0.047197 0.039734
3 0.726357 0.599645 0.052713 0.047824
3 0.727828 0.599374 0.051546 0.044851
3 0.728514 0.599133 0.060995 0.058202
3 0.728846 0.599299 0.052264 0.043975
3 0.729872 0.599098 0.059787 0.054274
3 0.730368 0.598720 0.062639 0.055990
3 0.730819 0.598894 0.054202 0.044999
3 0.731690 0.598402 0.062659 0.057471
3 0.732023 0.598023 0.048030 0.040314
3 0.732391 0.597976 0.050472 0.043787
3 0.733408 0.597438 0.053883 0.049164
3 0.734618 0.597311 0.059479 0.057108
3 0.734967 0.597401 0.054681 0.050010
3 0.735653 0.597296 0.052934 0.043508
3 0.736416 0.596933 0.063811 0.057977
3 0.736907 0.597030 0.054841 0.046317
3 0.737533 0.596834 0.057601 0.048978
3 0.738085 0.596030 0.062497 0.059332
3 0.739099 0.596116 0.056338 0.051042
3 0.739705 0.595741 0.051276 0.045180
3 0.740596 0.595648 0.055482 0.051244
3 0.741223 0.595505 0.057562 0.054374
3 0.741743 0.595527 0.051099 0.041371
3 0.742464 0.595244 0.061342 0.056265
3 0.743229 0.595307 0.055967 0.047402
3 0.744005 0.594900 0.061441 0.053738
3 0.744672 0.594503 0.049891 0.040687
3 0.745960 0.594081 0.060320 0.056408
3 0.746744 0.594038 0.054413 0.048973
3 0.747424 0.593348 0.062178 0.061004
3 0.747766 0.593692 0.048728 0.041466
3 0.748721 0.593303 0.061196 0.058128
3 0.749253 0.593505 0.050914 0.041871
3 0.750775 0.592976 0.060242 0.052121
3 0.750929 0.593165 0.055413 0.046306
3 0.752359 0.592871 0.060662 0.052976
3 0.752465 0.592604 0.051948 0.042764
3 0.753611 0.591624 0.064444 0.064098
3 0.753823 0.591799 0.056606 0.052982
3 0.755223 0.591276 0.065168 0.063488
3 0.755453 0.591397 0.057199 0.051175
3 0.756379 0.591229 0.060744 0.052656
3 0.757074 0.591107 0.063694 0.056548
3 0.757769 0.591045 0.058331 0.048796
3 0.758574 0.590154 0.054305 0.048598
3 0.758860 0.590042 0.051657 0.045372
3 0.759877 0.589595 0.066317 0.066601
3 0.760271 0.589622 0.053264 0.045781
3 0.761005 0.589395 0.060398 0.054813
3 0.761835 0.589338 0.058399 0.048766
3 0.762245 0.589222 0.056633 0.045913
3 0.763381 0.588866 0.063841 0.056889
3 0.763520 0.588223 0.052418 0.045423
3 0.764768 0.587336 0.069602 0.070334
3 0.764915 0.587713 0.056141 0.050472
3 0.766170 0.587267 0.069588 0.065586
3 0.766818 0.587477 0.058760 0.048470
3 0.767646 0.586851 0.068550 0.062811
3 0.768111 0.586295 0.055322 0.048505
3 0.768679 0.586191 0.058627 0.053668
3 0.769768 0.585649 0.057352 0.048388
3 0.770866 0.585130 0.069640 0.063943
3 0.771323 0.585428 0.058297 0.047413
3 0.771584 0.584697 0.056001 0.047851
3 0.772751 0.584350 0.064047 0.060286
3 0.772942 0.584273 0.053227 0.046208
3 0.774227 0.583874 0.068306 0.067740
3 0.774392 0.584090 0.052345 0.044959
3 0.775828 0.583376 0.069868 0.066460
3 0.774551 0.583707 0.055499 0.045170
3 0.774309 0.583496 0.063946 0.057811
3 0.771590 0.581967 0.054310 0.047996
3 0.772821 0.581905 0.054205 0.045450
3 0.773253 0.581835 0.056538 0.049021
3 0.771132 0.581880 0.055241 0.049402
3 0.743893 0.581592 0.061385 0.055038
3 0.724920 0.579956 0.056662 0.052352
3 0.693108 0.579578 0.056382 0.046243
3 0.682101 0.581783 0.054924 0.046966
3 0.655482 0.580324 0.064019 0.061186
3 0.614769 0.579120 0.069470 0.064405
3 0.595216 0.578739 0.056907 0.050049
3 0.563429 0.581670 0.055357 0.045129
3 0.545636 0.579879 0.062777 0.061352
3 0.504855 0.576038 0.060196 0.057304
3 0.486832 0.575947 0.053866 0.044364
3 0.472744 0.576938 0.053254 0.044328
3 0.445032 0.577231 0.055266 0.044991
3 0.425527 0.574927 0.065446 0.060148
3 0.387075 0.570005 0.055605 0.045372
3 0.368957 0.570560 0.060636 0.056267
3 0.364856 0.573271 0.064481 0.057294
3 0.359170 0.571416 0.057149 0.047232
3 0.356008 0.570163 0.055999 0.049487
3 0.359024 0.570202 0.054987 0.048159
