3 0.372656 0.425781 0.023438 0.039062
3 0.370313 0.423828 0.018750 0.042969
3 0.371875 0.424805 0.021875 0.029297
3 0.375000 0.423828 0.025000 0.039062
3 0.377344 0.420898 0.023438 0.041016
3 0.375781 0.423828 0.023438 0.042969
3 0.377344 0.431641 0.023438 0.046875
3 0.381250 0.423828 0.031250 0.046875
3 0.380469 0.427734 0.029687 0.050781
3 0.378125 0.421875 0.018750 0.039062
3 0.381250 0.421875 0.025000 0.042969
3 0.378125 0.420898 0.015625 0.041016
3 0.381250 0.426758 0.031250 0.041016
3 0.380469 0.421875 0.029687 0.039062
3 0.380469 0.425781 0.026562 0.039062
3 0.384375 0.424805 0.028125 0.048828
3 0.382031 0.424805 0.026562 0.037109
3 0.387500 0.427734 0.028125 0.042969
3 0.384375 0.425781 0.028125 0.039062
3 0.385937 0.426758 0.028125 0.044922
3 0.389844 0.432617 0.029687 0.041016
3 0.389062 0.424805 0.028125 0.037109
3 0.390625 0.424805 0.031250 0.048828
3 0.391833 0.425232 0.032133 0.050054
3 0.393246 0.425274 0.037868 0.057805
3 0.393239 0.425272 0.037644 0.057453
3 0.393882 0.425620 0.034277 0.051951
3 0.395069 0.426487 0.030919 0.048178
3 0.395064 0.426465 0.030979 0.048219
3 0.396327 0.426477 0.040223 0.061004
3 0.396970 0.426696 0.031428 0.048856
3 0.396969 0.426697 0.031433 0.048865
3 0.398164 0.427130 0.032595 0.050307
3 0.399766 0.427195 0.032699 0.050471
3 0.399770 0.427194 0.032704 0.050517
3 0.400577 0.428752 0.040564 0.061243
3 0.401570 0.428830 0.032258 0.049939
3 0.401571 0.428830 0.032264 0.049947
3 0.402727 0.429592 0.036408 0.056451
3 0.404097 0.430315 0.045266 0.068195
3 0.404099 0.430315 0.045307 0.068290
3 0.404501 0.430084 0.035117 0.053125
3 0.405829 0.431259 0.036030 0.055566
3 0.405834 0.431263 0.036039 0.055660
3 0.406487 0.431210 0.035690 0.054452
3 0.408023 0.433406 0.040203 0.059937
3 0.408029 0.433398 0.040235 0.059973
3 0.408340 0.433408 0.040860 0.062243
3 0.409922 0.434527 0.037538 0.058514
3 0.409920 0.434529 0.037374 0.058298
3 0.410315 0.435430 0.043875 0.068421
3 0.410943 0.436093 0.038543 0.057279
3 0.410946 0.436098 0.038571 0.057366
3 0.411796 0.436730 0.043929 0.067655
3 0.412756 0.437361 0.042668 0.063073
3 0.412757 0.437358 0.042784 0.063194
3 0.413392 0.438048 0.045784 0.070233
3 0.414941 0.439441 0.044215 0.069041
3 0.414946 0.439446 0.044692 0.069694
3 0.415236 0.439703 0.041923 0.064203
3 0.416824 0.440722 0.037519 0.058436
3 0.416823 0.440717 0.037296 0.058205
3 0.416810 0.440653 0.037339 0.058273
3 0.417977 0.442575 0.045392 0.069075
3 0.417978 0.442569 0.045229 0.068940
3 0.418672 0.442642 0.037572 0.056692
3 0.419954 0.443613 0.042211 0.064185
3 0.419947 0.443610 0.042041 0.063880
3 0.420196 0.444132 0.036242 0.055224
3 0.421489 0.445730 0.040670 0.062004
3 0.421487 0.445727 0.040683 0.061987
3 0.421767 0.446106 0.038003 0.056933
3 0.422988 0.446578 0.039156 0.059883
3 0.422987 0.446578 0.039080 0.059788
3 0.423323 0.447411 0.040901 0.060018
3 0.424274 0.449015 0.042256 0.065900
3 0.424327 0.449036 0.042997 0.066967
3 0.424651 0.449472 0.040599 0.061263
3 0.424741 0.450052 0.034724 0.052195
3 0.424739 0.450045 0.034497 0.051863
3 0.425972 0.451254 0.043403 0.067546
3 0.426503 0.451711 0.034847 0.052894
3 0.426504 0.451713 0.034802 0.052880
3 0.427486 0.452173 0.048007 0.071764
3 0.428053 0.452793 0.038006 0.056683
3 0.428054 0.452793 0.038050 0.056753
3 0.428456 0.453800 0.036628 0.056524
3 0.429634 0.454646 0.038597 0.057279
3 0.429636 0.454646 0.038818 0.057613
3 0.430436 0.454798 0.041885 0.064815
3 0.431060 0.456545 0.038000 0.056023
3 0.431061 0.456542 0.038266 0.056324
3 0.431834 0.456722 0.040297 0.061936
3 0.432397 0.457031 0.043003 0.064966
3 0.432410 0.457107 0.042369 0.064094
3 0.432644 0.458026 0.034428 0.052248
3 0.433614 0.458986 0.044181 0.067723
3 0.433615 0.458987 0.044258 0.067843
3 0.433972 0.459031 0.042384 0.063644
3 0.434526 0.460374 0.036318 0.054516
3 0.434526 0.460372 0.036374 0.054560
3 0.435125 0.460887 0.043433 0.066243
3 0.435479 0.461721 0.034923 0.054460
3 0.435469 0.461710 0.034215 0.053456
3 0.435733 0.461639 0.033056 0.049827
3 0.436382 0.463771 0.035459 0.054529
3 0.436380 0.463785 0.035322 0.054526
3 0.436480 0.463843 0.037047 0.057571
3 0.437056 0.464396 0.037058 0.057138
3 0.437071 0.464414 0.037451 0.057448
3 0.437060 0.464419 0.036860 0.056564
3 0.437378 0.465329 0.034582 0.051618
3 0.437380 0.465388 0.034007 0.051029
3 0.437477 0.465453 0.033414 0.050347
3 0.438059 0.467318 0.037038 0.057120
3 0.438064 0.467322 0.037445 0.057679
3 0.438464 0.467788 0.041740 0.062634
3 0.438535 0.467966 0.037966 0.057425
3 0.438532 0.467962 0.036922 0.056105
3 0.438687 0.468095 0.031736 0.049447
3 0.438931 0.469417 0.030694 0.047170
3 0.438930 0.469414 0.030816 0.047294
3 0.439051 0.469443 0.030789 0.047281
3 0.439108 0.469807 0.029857 0.046312
3 0.439127 0.469855 0.031224 0.048053
3 0.439726 0.470657 0.039985 0.062120
3 0.439648 0.471506 0.040481 0.061319
3 0.439649 0.471504 0.040396 0.061250
3 0.439697 0.472734 0.038005 0.058969
3 0.440067 0.472615 0.037820 0.058918
3 0.440067 0.472617 0.037905 0.058993
3 0.440067 0.472619 0.038010 0.059099
3 0.440044 0.474196 0.038002 0.057681
3 0.440044 0.474199 0.038133 0.057813
3 0.440339 0.474090 0.029787 0.046075
3 0.440711 0.475049 0.030889 0.047732
3 0.440719 0.475049 0.031109 0.048061
3 0.440658 0.475301 0.029961 0.046371
3 0.440661 0.475959 0.030313 0.046773
3 0.440661 0.475964 0.030050 0.046460
3 0.440649 0.475953 0.029976 0.046048
3 0.440691 0.476091 0.030010 0.046225
3 0.440691 0.476093 0.030183 0.046231
3 0.440722 0.476463 0.034130 0.051049
3 0.441308 0.477292 0.041820 0.062689
3 0.441308 0.477292 0.041872 0.062756
3 0.441360 0.477417 0.042151 0.063510
3 0.441673 0.477701 0.034027 0.052549
3 0.441666 0.477697 0.033618 0.051989
3 0.441678 0.478288 0.033620 0.052472
3 0.441951 0.478222 0.032122 0.048369
3 0.441948 0.478222 0.031973 0.048143
3 0.442225 0.479702 0.030518 0.046987
3 0.442268 0.479595 0.029143 0.045483
3 0.442268 0.479598 0.029229 0.045547
3 0.442317 0.479645 0.030111 0.046651
3 0.442512 0.480983 0.033033 0.050513
3 0.442512 0.480981 0.032980 0.050489
3 0.442525 0.481021 0.034747 0.052384
3 0.443135 0.481814 0.040672 0.059305
3 0.443132 0.481808 0.040288 0.058856
3 0.443157 0.481796 0.036483 0.054245
3 0.443230 0.481776 0.031609 0.048269
3 0.443231 0.481780 0.031835 0.048526
3 0.443543 0.481730 0.028049 0.043573
3 0.443597 0.482295 0.029339 0.045283
3 0.443600 0.482297 0.029246 0.045156
3 0.443711 0.483024 0.028413 0.044187
3 0.444360 0.483682 0.042046 0.062032
3 0.444386 0.483776 0.041790 0.062105
3 0.444791 0.483732 0.037239 0.056027
3 0.444834 0.483930 0.033487 0.050987
3 0.444835 0.483930 0.033498 0.050993
3 0.445057 0.484506 0.030386 0.046906
3 0.445485 0.485154 0.033222 0.050542
3 0.445484 0.485156 0.033250 0.050541
3 0.445488 0.485615 0.033403 0.050689
3 0.446163 0.486197 0.049137 0.071919
3 0.446165 0.486210 0.048969 0.071721
3 0.446187 0.486288 0.049000 0.071894
3 0.446519 0.486103 0.032331 0.049689
3 0.446538 0.486110 0.033403 0.051249
3 0.446528 0.486099 0.032453 0.050020
3 0.446506 0.486595 0.034322 0.052859
3 0.446529 0.486606 0.035722 0.054829
3 0.446874 0.486559 0.031644 0.049245
3 0.447273 0.487956 0.036611 0.056043
3 0.447263 0.487949 0.036773 0.056104
3 0.447874 0.487739 0.049452 0.072533
3 0.448134 0.487928 0.033743 0.052289
3 0.448138 0.487926 0.033782 0.052388
3 0.448139 0.488961 0.034881 0.053510
3 0.448388 0.489411 0.032120 0.049535
3 0.448387 0.489410 0.032066 0.049504
3 0.448760 0.489407 0.037255 0.056338
3 0.449271 0.489521 0.050113 0.073649
3 0.449271 0.489516 0.049865 0.073375
3 0.449320 0.489627 0.050379 0.074197
3 0.449631 0.490065 0.036441 0.056679
3 0.449633 0.490064 0.036489 0.056761
3 0.449697 0.490732 0.034169 0.053359
3 0.450019 0.490687 0.034377 0.053095
3 0.450015 0.490687 0.034657 0.053701
3 0.450449 0.491226 0.039580 0.060248
3 0.450506 0.491127 0.040686 0.062127
3 0.450506 0.491125 0.040542 0.061955
3 0.451083 0.492106 0.050958 0.076542
3 0.451314 0.491853 0.036558 0.056489
3 0.451315 0.491847 0.036512 0.056156
3 0.451665 0.491833 0.036294 0.055263
3 0.452090 0.492343 0.040171 0.061929
3 0.452090 0.492342 0.040155 0.061905
3 0.452155 0.492356 0.040392 0.062362
3 0.452619 0.493636 0.047050 0.071261
3 0.452621 0.493656 0.047378 0.071591
3 0.452758 0.493436 0.036566 0.056054
3 0.453074 0.493694 0.035834 0.053736
3 0.453072 0.493696 0.035741 0.053648
3 0.453069 0.493696 0.035804 0.053718
3 0.453684 0.494295 0.040534 0.062506
3 0.453683 0.494297 0.040363 0.062311
3 0.454277 0.494316 0.039299 0.061055
3 0.454627 0.494693 0.033260 0.051008
3 0.454644 0.494685 0.034357 0.052495
3 0.454779 0.494749 0.032701 0.050593
3 0.454852 0.495368 0.033189 0.051191
3 0.454856 0.495384 0.033384 0.051310
3 0.454976 0.495554 0.034350 0.053139
3 0.455310 0.495803 0.040348 0.061831
3 0.455311 0.495797 0.040288 0.061791
3 0.455524 0.496648 0.047391 0.070812
3 0.456123 0.497108 0.032038 0.049529
3 0.456126 0.497105 0.032199 0.049721
3 0.456163 0.497135 0.032427 0.049976
3 0.456680 0.497219 0.036673 0.056628
3 0.456680 0.497218 0.036591 0.056529
3 0.457232 0.497723 0.048202 0.072729
3 0.457479 0.497960 0.038724 0.059461
3 0.457486 0.497969 0.039284 0.060112
3 0.457522 0.498111 0.037815 0.057285
3 0.458124 0.499082 0.034778 0.054065
3 0.458144 0.499079 0.035311 0.054800
3 0.458221 0.499243 0.036559 0.056603
3 0.458518 0.499361 0.046586 0.070074
3 0.458517 0.499363 0.046463 0.069928
3 0.458722 0.499436 0.053128 0.079233
3 0.459102 0.499946 0.041707 0.064539
3 0.459096 0.499937 0.041512 0.064360
3 0.459541 0.499602 0.038377 0.058365
3 0.459577 0.499658 0.039302 0.059745
3 0.459574 0.499666 0.038960 0.059360
3 0.460204 0.501559 0.048124 0.073633
3 0.460688 0.501921 0.047142 0.072078
3 0.460706 0.502131 0.045151 0.069431
3 0.460682 0.502670 0.043592 0.067344
3 0.461350 0.503146 0.040090 0.062597
3 0.461411 0.503303 0.041927 0.064794
3 0.461342 0.503274 0.041148 0.063634
3 0.462081 0.503992 0.058492 0.088391
3 0.462080 0.503986 0.058238 0.088078
3 0.462523 0.504260 0.042829 0.063859
3 0.462560 0.504474 0.041846 0.062634
3 0.462556 0.504479 0.041523 0.062232
3 0.462654 0.505838 0.046333 0.067895
3 0.463114 0.505864 0.047155 0.071183
3 0.463113 0.505868 0.046996 0.071016
3 0.463223 0.505921 0.047403 0.072412
3 0.463781 0.505996 0.046375 0.071529
3 0.463783 0.505991 0.046708 0.071916
3 0.463813 0.506011 0.045152 0.068931
3 0.464443 0.507316 0.042796 0.064212
3 0.464442 0.507319 0.042619 0.063994
3 0.464467 0.507346 0.042633 0.064642
3 0.465360 0.508245 0.045333 0.070219
3 0.465357 0.508241 0.045025 0.069854
3 0.465347 0.508251 0.045275 0.069813
3 0.465544 0.508546 0.039918 0.059484
3 0.465543 0.508549 0.039958 0.059551
3 0.465947 0.509035 0.040180 0.060741
3 0.465967 0.509964 0.042660 0.063609
3 0.465965 0.509966 0.042527 0.063453
3 0.466597 0.510197 0.049909 0.076111
3 0.466592 0.510185 0.049232 0.075287
3 0.466592 0.510182 0.048985 0.075031
3 0.466561 0.511166 0.050174 0.075690
3 0.467074 0.510949 0.039118 0.058974
3 0.467074 0.510950 0.039147 0.059030
3 0.467103 0.511862 0.042146 0.062672
3 0.467456 0.512496 0.038295 0.058404
3 0.467455 0.512497 0.038205 0.058290
3 0.467429 0.513312 0.039777 0.059650
3 0.468415 0.513476 0.041877 0.064918
3 0.468415 0.513476 0.041886 0.064924
3 0.468404 0.513459 0.041901 0.064757
3 0.468550 0.513423 0.039782 0.060238
3 0.468550 0.513423 0.039823 0.060288
3 0.468575 0.513721 0.035220 0.054313
3 0.468759 0.513972 0.035490 0.053940
3 0.468758 0.513971 0.035430 0.053869
3 0.469120 0.515510 0.045903 0.065706
