3 0.591406 0.583008 0.048438 0.064453
3 0.591710 0.582936 0.048553 0.064591
3 0.591703 0.582939 0.048569 0.064610
3 0.592361 0.582605 0.048961 0.065057
3 0.592374 0.582604 0.048967 0.065065
3 0.592374 0.582604 0.048967 0.065065
3 0.592861 0.582641 0.048552 0.064590
3 0.593381 0.582628 0.048508 0.064539
3 0.593381 0.582628 0.048508 0.064539
3 0.593786 0.582589 0.048913 0.065004
3 0.594560 0.582667 0.048537 0.064575
3 0.594560 0.582667 0.048537 0.064575
3 0.594991 0.582566 0.048509 0.064539
3 0.595357 0.582579 0.048969 0.065058
3 0.595357 0.582579 0.048969 0.065058
3 0.595901 0.582426 0.048702 0.064747
3 0.596192 0.582424 0.048429 0.064431
3 0.596192 0.582424 0.048429 0.064431
3 0.596506 0.582180 0.048381 0.064369
3 0.596920 0.582093 0.048849 0.064903
3 0.596920 0.582093 0.048849 0.064903
3 0.597346 0.582283 0.048748 0.064785
3 0.597639 0.582338 0.048339 0.064314
3 0.597639 0.582338 0.048339 0.064314
3 0.598428 0.582240 0.048775 0.064813
3 0.598535 0.582210 0.048852 0.064903
3 0.598535 0.582210 0.048852 0.064903
3 0.599302 0.582270 0.048380 0.064363
3 0.599622 0.582184 0.048318 0.064290
3 0.599622 0.582184 0.048318 0.064290
3 0.600459 0.581930 0.048759 0.064802
3 0.600446 0.581742 0.048723 0.064756
3 0.600446 0.581742 0.048723 0.064756
3 0.600992 0.581721 0.048529 0.064537
3 0.601405 0.581670 0.048556 0.064560
3 0.601405 0.581670 0.048556 0.064560
3 0.601712 0.581784 0.048761 0.064789
3 0.602539 0.581793 0.048553 0.064569
3 0.602539 0.581793 0.048553 0.064569
3 0.602958 0.581811 0.048473 0.064465
3 0.603344 0.581771 0.048735 0.064767
3 0.603344 0.581771 0.048736 0.064767
3 0.604050 0.582028 0.048564 0.064586
3 0.604071 0.581997 0.048584 0.064611
3 0.604072 0.581996 0.048583 0.064611
3 0.604854 0.581396 0.048797 0.064842
3 0.605182 0.581568 0.048621 0.064640
3 0.605165 0.581551 0.048617 0.064634
3 0.605655 0.581676 0.048594 0.064621
3 0.606015 0.581280 0.048388 0.064375
3 0.606033 0.581295 0.048385 0.064371
3 0.606595 0.581360 0.048614 0.064631
3 0.607186 0.581350 0.048770 0.064839
3 0.607186 0.581350 0.048770 0.064839
3 0.608012 0.581119 0.048717 0.064760
3 0.608073 0.581156 0.048712 0.064755
3 0.608073 0.581156 0.048712 0.064755
3 0.608868 0.581207 0.048820 0.064898
3 0.608894 0.581113 0.048846 0.064932
3 0.608887 0.581112 0.048863 0.064953
3 0.609407 0.581109 0.048600 0.064623
3 0.609863 0.581071 0.048517 0.064529
3 0.609863 0.581071 0.048517 0.064529
3 0.610649 0.581060 0.048486 0.064498
3 0.610727 0.581014 0.048397 0.064392
3 0.610727 0.581014 0.048397 0.064392
3 0.611488 0.580946 0.048423 0.064423
3 0.611666 0.580982 0.048518 0.064541
3 0.611666 0.580982 0.048518 0.064541
3 0.612133 0.580884 0.048619 0.064666
3 0.612533 0.580810 0.048678 0.064725
3 0.612534 0.580813 0.048675 0.064721
3 0.613150 0.580884 0.048459 0.064479
3 0.613594 0.580848 0.048802 0.064889
3 0.613594 0.580848 0.048801 0.064888
3 0.614409 0.580702 0.048784 0.064855
3 0.614404 0.580744 0.048798 0.064872
3 0.614399 0.580753 0.048858 0.064943
3 0.614777 0.580643 0.048501 0.064536
3 0.615274 0.581094 0.048572 0.064613
3 0.615274 0.581094 0.048572 0.064613
3 0.615787 0.580848 0.048928 0.065026
3 0.615918 0.580877 0.048894 0.064985
3 0.615918 0.580877 0.048894 0.064985
3 0.616806 0.580914 0.048742 0.064823
3 0.616847 0.580862 0.048660 0.064726
3 0.616847 0.580862 0.048660 0.064726
3 0.617309 0.581004 0.048904 0.064998
3 0.617590 0.580954 0.048846 0.064932
3 0.617591 0.580952 0.048856 0.064944
3 0.618115 0.581090 0.048827 0.064924
3 0.618266 0.581125 0.048791 0.064880
3 0.618265 0.581122 0.048792 0.064881
3 0.619064 0.581259 0.048695 0.064744
3 0.619502 0.581283 0.048719 0.064788
3 0.619502 0.581283 0.048719 0.064788
3 0.619934 0.581351 0.048748 0.064819
3 0.620429 0.581305 0.048716 0.064760
3 0.620431 0.581303 0.048710 0.064752
3 0.620767 0.581511 0.048582 0.064604
3 0.621099 0.581610 0.048789 0.064866
3 0.621099 0.581610 0.048789 0.064866
3 0.621814 0.581685 0.048480 0.064492
3 0.621773 0.581801 0.048537 0.064570
3 0.621765 0.581805 0.048516 0.064543
3 0.622241 0.582049 0.048715 0.064772
3 0.622671 0.582107 0.048785 0.064867
3 0.622671 0.582107 0.048785 0.064867
3 0.623010 0.582230 0.048826 0.064915
3 0.623164 0.582102 0.048637 0.064697
3 0.623165 0.582101 0.048638 0.064698
3 0.624117 0.582255 0.048578 0.064623
3 0.624310 0.582712 0.049040 0.065180
3 0.624338 0.582720 0.049050 0.065191
3 0.624998 0.582802 0.048636 0.064682
3 0.625638 0.582795 0.048574 0.064621
3 0.625638 0.582795 0.048574 0.064621
3 0.625831 0.582818 0.049090 0.065231
3 0.626304 0.582930 0.048813 0.064899
3 0.626324 0.582951 0.048840 0.064931
3 0.626746 0.583020 0.048511 0.064528
3 0.626786 0.583127 0.048477 0.064484
3 0.626786 0.583122 0.048477 0.064484
3 0.627590 0.583257 0.049165 0.065310
3 0.627679 0.583240 0.049072 0.065198
3 0.627683 0.583243 0.049071 0.065196
3 0.628170 0.583306 0.048429 0.064430
3 0.628577 0.583224 0.048380 0.064374
3 0.628621 0.583275 0.048426 0.064429
3 0.628995 0.583381 0.049014 0.065127
3 0.629270 0.583386 0.048940 0.065039
3 0.629270 0.583386 0.048940 0.065039
3 0.629799 0.583391 0.048467 0.064469
3 0.629882 0.583390 0.048493 0.064498
3 0.629882 0.583390 0.048493 0.064498
3 0.630306 0.583448 0.048576 0.064605
3 0.630520 0.583462 0.048874 0.064955
3 0.630516 0.583461 0.048876 0.064958
3 0.631205 0.583401 0.048296 0.064264
3 0.631239 0.583410 0.048330 0.064301
3 0.631239 0.583410 0.048330 0.064301
3 0.631961 0.583416 0.048746 0.064800
3 0.631981 0.583429 0.048822 0.064893
3 0.631981 0.583429 0.048822 0.064893
3 0.632412 0.583379 0.048989 0.065094
3 0.632800 0.583353 0.048321 0.064295
3 0.632797 0.583352 0.048312 0.064282
3 0.633302 0.583287 0.048420 0.064414
3 0.633661 0.583273 0.049085 0.065210
3 0.633661 0.583273 0.049085 0.065210
3 0.634053 0.583167 0.048875 0.064959
3 0.634046 0.583189 0.048810 0.064882
3 0.634046 0.583183 0.048812 0.064884
3 0.634472 0.583172 0.048526 0.064533
3 0.634820 0.583125 0.048462 0.064461
3 0.634820 0.583125 0.048462 0.064461
3 0.635297 0.582977 0.048904 0.064999
3 0.635308 0.582998 0.048907 0.065004
3 0.635314 0.582998 0.048901 0.064996
3 0.635856 0.583059 0.048545 0.064564
3 0.636071 0.582960 0.048682 0.064716
3 0.636078 0.582945 0.048681 0.064715
3 0.636481 0.582934 0.048482 0.064490
3 0.637032 0.582935 0.048686 0.064739
3 0.637032 0.582931 0.048693 0.064749
3 0.637402 0.582973 0.048524 0.064533
3 0.637506 0.582917 0.048514 0.064516
3 0.637506 0.582916 0.048514 0.064516
3 0.638267 0.582839 0.048605 0.064642
3 0.638252 0.582973 0.048712 0.064772
3 0.638252 0.582973 0.048712 0.064772
3 0.638691 0.582974 0.048743 0.064808
3 0.638822 0.583056 0.048448 0.064451
3 0.638822 0.583056 0.048448 0.064451
3 0.639272 0.582985 0.048607 0.064628
3 0.639783 0.582967 0.048755 0.064822
3 0.639778 0.582977 0.048720 0.064778
3 0.640165 0.583129 0.049004 0.065116
3 0.640614 0.583056 0.048372 0.064356
3 0.640613 0.583070 0.048374 0.064359
3 0.641049 0.583153 0.048375 0.064357
3 0.641114 0.583208 0.048301 0.064263
3 0.641114 0.583209 0.048304 0.064266
3 0.641388 0.583305 0.048708 0.064754
3 0.641531 0.583335 0.048852 0.064925
3 0.641531 0.583335 0.048852 0.064925
3 0.642023 0.583505 0.048245 0.064197
3 0.642143 0.583496 0.048381 0.064352
3 0.642144 0.583492 0.048384 0.064356
3 0.642625 0.583836 0.048429 0.064406
3 0.643056 0.583954 0.048879 0.064954
3 0.643056 0.583954 0.048879 0.064954
3 0.643576 0.584166 0.048313 0.064272
3 0.643769 0.584567 0.048494 0.064487
3 0.643769 0.584569 0.048492 0.064485
3 0.644366 0.584683 0.048336 0.064310
3 0.644470 0.585053 0.048527 0.064526
3 0.644473 0.585051 0.048541 0.064542
3 0.644924 0.585533 0.048617 0.064628
3 0.644973 0.585560 0.048503 0.064491
3 0.644974 0.585550 0.048482 0.064466
3 0.645591 0.585886 0.048366 0.064313
3 0.645887 0.585939 0.048190 0.064119
3 0.645887 0.585939 0.048190 0.064119
3 0.646227 0.586270 0.048854 0.064914
3 0.646577 0.586594 0.048666 0.064707
3 0.646582 0.586592 0.048621 0.064651
3 0.646934 0.586881 0.048420 0.064395
3 0.647069 0.587199 0.048409 0.064370
3 0.647069 0.587196 0.048407 0.064368
3 0.647652 0.587538 0.048586 0.064597
3 0.648013 0.587680 0.048646 0.064666
3 0.648007 0.587680 0.048664 0.064688
3 0.648044 0.588325 0.048472 0.064457
3 0.648302 0.588684 0.048474 0.064457
3 0.648315 0.588674 0.048470 0.064453
3 0.648995 0.588919 0.048363 0.064319
3 0.648989 0.588981 0.048344 0.064294
3 0.648989 0.588981 0.048344 0.064294
3 0.649489 0.589021 0.048560 0.064562
3 0.649779 0.589196 0.048286 0.064230
3 0.649779 0.589196 0.048286 0.064230
3 0.650148 0.589419 0.048631 0.064619
3 0.650396 0.589665 0.048570 0.064549
3 0.650396 0.589663 0.048565 0.064542
3 0.650597 0.589818 0.048321 0.064255
3 0.651175 0.589936 0.048161 0.064074
3 0.651175 0.589935 0.048158 0.064070
3 0.651473 0.590003 0.048462 0.064421
3 0.651604 0.590092 0.048524 0.064488
3 0.651604 0.590092 0.048524 0.064488
3 0.652040 0.590715 0.048531 0.064519
3 0.652518 0.590773 0.048577 0.064581
3 0.652518 0.590772 0.048577 0.064581
3 0.652642 0.591191 0.048459 0.064428
3 0.652984 0.591117 0.048282 0.064214
3 0.652983 0.591119 0.048277 0.064209
3 0.653485 0.591211 0.048484 0.064443
3 0.653482 0.591366 0.048471 0.064428
3 0.653485 0.591366 0.048468 0.064424
3 0.654202 0.591527 0.048498 0.064477
3 0.654196 0.591630 0.048540 0.064527
3 0.654194 0.591634 0.048541 0.064529
3 0.654615 0.591685 0.048165 0.064069
3 0.654695 0.591705 0.048246 0.064161
3 0.654702 0.591705 0.048249 0.064167
3 0.655388 0.592360 0.048433 0.064406
3 0.655831 0.592367 0.048643 0.064656
3 0.655827 0.592370 0.048638 0.064650
3 0.655894 0.592448 0.048506 0.064493
3 0.656234 0.592441 0.048360 0.064312
3 0.656232 0.592442 0.048391 0.064352
3 0.656605 0.592623 0.048495 0.064472
3 0.656635 0.592968 0.048427 0.064390
3 0.656635 0.592968 0.048427 0.064390
3 0.657043 0.593079 0.048672 0.064694
3 0.657326 0.593366 0.048819 0.064867
3 0.657326 0.593366 0.048819 0.064867
3 0.657679 0.593519 0.048068 0.063959
3 0.657714 0.593623 0.048129 0.064027
3 0.657718 0.593626 0.048133 0.064034
3 0.658069 0.594021 0.048320 0.064242
3 0.658443 0.594119 0.048207 0.064127
3 0.658443 0.594119 0.048207 0.064127
3 0.659051 0.594602 0.048537 0.064539
3 0.658988 0.594778 0.048533 0.064532
3 0.658988 0.594779 0.048536 0.064536
3 0.659424 0.595237 0.048384 0.064336
3 0.659616 0.595560 0.048448 0.064409
3 0.659614 0.595562 0.048447 0.064407
3 0.659837 0.595467 0.048316 0.064261
3 0.660289 0.595721 0.048806 0.064856
3 0.660289 0.595732 0.048801 0.064850
3 0.660303 0.596211 0.048933 0.065017
3 0.660763 0.596177 0.048269 0.064223
3 0.660763 0.596177 0.048269 0.064223
3 0.660780 0.596681 0.048233 0.064178
3 0.661080 0.596840 0.048433 0.064400
3 0.661080 0.596840 0.048433 0.064400
3 0.661489 0.597207 0.048195 0.064126
3 0.661443 0.597723 0.048199 0.064122
3 0.661446 0.597715 0.048189 0.064109
3 0.661999 0.598095 0.048708 0.064738
3 0.662055 0.598508 0.048644 0.064657
3 0.662057 0.598501 0.048660 0.064677
3 0.662465 0.598916 0.048193 0.064100
3 0.662853 0.598906 0.048281 0.064199
3 0.662857 0.598915 0.048276 0.064192
3 0.663291 0.599288 0.048460 0.064415
3 0.663480 0.599724 0.048620 0.064605
3 0.663480 0.599722 0.048618 0.064603
3 0.663914 0.599852 0.047964 0.063816
3 0.663918 0.600360 0.048116 0.064016
3 0.663917 0.600361 0.048112 0.064013
3 0.664243 0.600866 0.048312 0.064225
3 0.664630 0.600866 0.047980 0.063841
3 0.664630 0.600867 0.047980 0.063842
3 0.665075 0.601544 0.048514 0.064474
3 0.665073 0.601644 0.048547 0.064511
3 0.665073 0.601647 0.048541 0.064503
3 0.665483 0.602213 0.048111 0.064006
3 0.665513 0.602643 0.048127 0.064023
3 0.665513 0.602643 0.048127 0.064023
3 0.665975 0.603108 0.048248 0.064148
3 0.665996 0.603124 0.048160 0.064042
3 0.665993 0.603125 0.048156 0.064037
3 0.666433 0.603700 0.048362 0.064281
3 0.666610 0.604073 0.048686 0.064684
3 0.666610 0.604073 0.048686 0.064684
3 0.667128 0.604216 0.048056 0.063944
3 0.667131 0.604766 0.048063 0.063944
3 0.667135 0.604762 0.048055 0.063935
3 0.667714 0.604987 0.047999 0.063869
3 0.667701 0.605489 0.048002 0.063863
3 0.667700 0.605488 0.048006 0.063867
