3 0.361592 0.564689 0.066764 0.058122
3 0.361830 0.563888 0.067220 0.058663
3 0.362957 0.563694 0.067153 0.058508
3 0.364877 0.563668 0.067147 0.058468
3 0.364887 0.563162 0.067123 0.058478
3 0.365904 0.563315 0.067318 0.058715
3 0.365918 0.562815 0.067119 0.058700
3 0.366760 0.561340 0.067808 0.059534
3 0.367690 0.562542 0.066921 0.058393
3 0.367702 0.562539 0.066929 0.058403
3 0.367328 0.562864 0.067393 0.059137
3 0.367740 0.560423 0.066977 0.058479
3 0.369220 0.560892 0.067015 0.058545
3 0.370730 0.561890 0.067178 0.058639
3 0.371296 0.562875 0.067499 0.059316
3 0.371651 0.562668 0.067736 0.059740
3 0.372485 0.560929 0.066982 0.058467
3 0.372924 0.561144 0.067689 0.059533
3 0.375308 0.562201 0.067206 0.058829
3 0.376141 0.562130 0.067743 0.059664
3 0.376585 0.561695 0.067709 0.059461
3 0.376581 0.561026 0.067559 0.059416
3 0.377830 0.561788 0.067905 0.059793
3 0.379439 0.564068 0.067810 0.059759
3 0.380310 0.565365 0.067142 0.058541
3 0.380577 0.565891 0.067451 0.059143
3 0.382565 0.565845 0.067960 0.059939
3 0.385068 0.567794 0.067245 0.058797
3 0.387046 0.567688 0.067980 0.059914
3 0.386600 0.568134 0.067128 0.058735
3 0.386614 0.567617 0.067296 0.058824
3 0.388606 0.567576 0.067926 0.059843
3 0.391333 0.569505 0.067294 0.058833
3 0.387918 0.593909 0.067043 0.058731
3 0.387518 0.606249 0.067810 0.059676
3 0.390747 0.606674 0.067623 0.059388
3 0.395249 0.608230 0.067935 0.059907
3 0.400937 0.614877 0.067669 0.059587
3 0.396448 0.616575 0.068005 0.060032
3 0.394112 0.615098 0.067161 0.058902
3 0.396889 0.615277 0.067570 0.059582
3 0.401151 0.616136 0.067984 0.059953
3 0.401629 0.615350 0.067473 0.059446
3 0.401199 0.614447 0.067943 0.059919
3 0.401233 0.613871 0.067856 0.059934
3 0.402135 0.613384 0.066960 0.058644
3 0.404016 0.612929 0.067450 0.059304
3 0.404610 0.612450 0.067854 0.059833
3 0.405418 0.612421 0.067254 0.058879
3 0.405975 0.613818 0.067830 0.059998
3 0.405954 0.612447 0.067950 0.060024
3 0.405688 0.613056 0.067583 0.059628
3 0.406783 0.611363 0.066955 0.058713
3 0.409048 0.613813 0.067804 0.059979
3 0.409081 0.614352 0.067943 0.059986
3 0.409438 0.614942 0.067506 0.059513
3 0.410627 0.612979 0.067828 0.060016
3 0.412181 0.613421 0.067752 0.060017
3 0.413007 0.613924 0.067065 0.058812
3 0.413473 0.613883 0.067651 0.059741
3 0.413103 0.613882 0.066974 0.058696
3 0.413069 0.614419 0.067034 0.058719
3 0.415962 0.644524 0.067018 0.058934
3 0.418273 0.664026 0.067651 0.059935
3 0.419793 0.693852 0.067591 0.059843
3 0.416667 0.719718 0.067757 0.059858
3 0.417066 0.717138 0.067565 0.059838
3 0.418627 0.719612 0.067637 0.059900
3 0.419674 0.719461 0.067390 0.059582
3 0.421057 0.717234 0.066953 0.059032
3 0.422218 0.716742 0.066921 0.058973
3 0.423306 0.717183 0.067597 0.060081
3 0.423796 0.716633 0.067007 0.059058
3 0.424704 0.716105 0.067784 0.060263
3 0.426275 0.716031 0.067790 0.060260
3 0.427051 0.715497 0.066764 0.058855
3 0.428141 0.715494 0.067362 0.059806
3 0.428466 0.715519 0.066826 0.059122
3 0.429919 0.714935 0.066862 0.059209
3 0.430483 0.714989 0.066846 0.059258
3 0.431213 0.715023 0.067231 0.059899
3 0.432051 0.714989 0.066868 0.059429
3 0.433202 0.714990 0.066572 0.058985
3 0.433558 0.714816 0.066788 0.059303
3 0.434741 0.714707 0.066645 0.059067
3 0.435192 0.714683 0.066890 0.059525
3 0.435844 0.714599 0.067144 0.059936
3 0.437002 0.714602 0.067274 0.060140
3 0.437475 0.714661 0.066955 0.059771
3 0.438629 0.714476 0.067272 0.060189
3 0.439839 0.714470 0.066790 0.059460
3 0.440156 0.714451 0.067294 0.060276
3 0.441015 0.714467 0.066573 0.059174
3 0.441674 0.714379 0.067275 0.060330
3 0.443220 0.714378 0.067285 0.060340
3 0.443489 0.714391 0.067275 0.060373
3 0.444687 0.714386 0.067176 0.060217
3 0.445828 0.714417 0.066581 0.059304
3 0.446284 0.714542 0.067196 0.060320
3 0.447752 0.714506 0.067079 0.060128
3 0.448100 0.714491 0.067276 0.060501
3 0.449264 0.714500 0.066973 0.060030
3 0.450020 0.714496 0.066899 0.059955
3 0.450821 0.714754 0.066914 0.059988
3 0.451346 0.714568 0.067157 0.060423
3 0.452502 0.714407 0.067128 0.060381
3 0.453097 0.714712 0.066915 0.060124
3 0.454138 0.714729 0.067231 0.060599
3 0.454964 0.714760 0.066557 0.059679
3 0.455713 0.714835 0.067202 0.060692
3 0.456339 0.714760 0.066749 0.060014
3 0.457508 0.715024 0.067186 0.060709
3 0.457949 0.715054 0.066639 0.059966
3 0.459090 0.715095 0.067109 0.060695
3 0.459902 0.715178 0.066330 0.059575
3 0.460774 0.715204 0.067022 0.060649
3 0.461481 0.715214 0.066399 0.059765
3 0.462600 0.715300 0.066664 0.060185
3 0.463031 0.715324 0.066372 0.059764
3 0.464125 0.715821 0.066735 0.060348
3 0.464643 0.715808 0.066430 0.060059
3 0.465289 0.715829 0.066977 0.060947
3 0.466449 0.716337 0.066972 0.060810
3 0.467146 0.716361 0.066696 0.060574
3 0.468273 0.716402 0.067024 0.061065
3 0.468750 0.716670 0.066672 0.060506
3 0.469898 0.716702 0.067113 0.061192
3 0.470435 0.717121 0.066527 0.060460
3 0.471134 0.717241 0.066862 0.061047
3 0.472332 0.717317 0.066338 0.060256
3 0.473457 0.717793 0.066555 0.060711
3 0.474627 0.717821 0.066992 0.061417
3 0.475441 0.717918 0.066287 0.060466
3 0.476580 0.717976 0.066509 0.060815
3 0.477748 0.718381 0.066946 0.061380
3 0.478409 0.718561 0.066370 0.060457
3 0.479084 0.718580 0.066850 0.061347
3 0.480261 0.718629 0.066457 0.060719
3 0.480674 0.719003 0.066884 0.061445
3 0.481928 0.718995 0.066667 0.061108
3 0.483028 0.719477 0.066345 0.060699
3 0.484143 0.719452 0.066790 0.061378
3 0.485288 0.719999 0.066894 0.061696
3 0.486096 0.719912 0.066329 0.060926
3 0.487160 0.719962 0.066786 0.061650
3 0.488353 0.720400 0.066908 0.061762
3 0.488811 0.720380 0.066792 0.061666
3 0.489978 0.720766 0.067026 0.061877
3 0.491273 0.720769 0.066879 0.061674
3 0.492353 0.721243 0.066672 0.061399
3 0.493057 0.721188 0.067017 0.061996
3 0.494122 0.721229 0.066665 0.061449
3 0.494698 0.721401 0.067021 0.062088
3 0.495982 0.721459 0.066906 0.061936
3 0.496416 0.721623 0.066910 0.062062
3 0.497655 0.721881 0.066873 0.062071
3 0.498380 0.721862 0.066575 0.061732
3 0.499550 0.722301 0.066789 0.062114
3 0.500359 0.722271 0.066361 0.061546
3 0.500884 0.722230 0.066631 0.062068
3 0.502119 0.722671 0.066649 0.061978
3 0.503474 0.722724 0.066507 0.061758
3 0.504054 0.722930 0.066771 0.062144
3 0.505275 0.723048 0.066659 0.061940
3 0.505916 0.723086 0.066658 0.062049
3 0.507212 0.723430 0.066739 0.062223
3 0.508005 0.723424 0.066405 0.061756
3 0.509133 0.723457 0.066630 0.062113
3 0.509897 0.723779 0.066436 0.062072
3 0.511189 0.723758 0.066359 0.061953
3 0.511905 0.723870 0.066529 0.062333
3 0.513174 0.724190 0.066487 0.062329
3 0.513910 0.724205 0.066297 0.062194
3 0.515184 0.724627 0.066507 0.062417
3 0.515824 0.724632 0.066340 0.062246
3 0.516554 0.724582 0.066397 0.062448
3 0.517997 0.724930 0.066561 0.062495
3 0.518542 0.725051 0.066475 0.062370
3 0.519842 0.725268 0.066610 0.062560
3 0.521022 0.725572 0.066665 0.062730
3 0.522301 0.725639 0.066755 0.062912
3 0.523005 0.725841 0.066543 0.062823
3 0.524242 0.725768 0.066653 0.062946
3 0.524961 0.725749 0.066458 0.062760
3 0.525620 0.725792 0.066486 0.062942
3 0.526981 0.725830 0.066590 0.063105
3 0.528170 0.726135 0.066497 0.063044
3 0.528857 0.726090 0.066477 0.063055
3 0.529556 0.726074 0.066366 0.062994
3 0.530733 0.726466 0.066382 0.063050
3 0.531501 0.726409 0.066504 0.063315
3 0.532743 0.726441 0.066468 0.063288
3 0.534038 0.726540 0.066456 0.063313
3 0.534840 0.726480 0.066460 0.063453
3 0.536169 0.726533 0.066622 0.063696
3 0.536825 0.726601 0.066325 0.063314
3 0.538295 0.726672 0.066374 0.063404
3 0.538821 0.726734 0.066338 0.063393
3 0.540273 0.726731 0.066392 0.063458
3 0.540814 0.726792 0.066595 0.063871
3 0.542258 0.726880 0.066610 0.063902
3 0.543668 0.726952 0.066558 0.063832
3 0.544495 0.727007 0.066301 0.063485
3 0.545110 0.727099 0.066364 0.063649
3 0.546451 0.727135 0.066291 0.063529
3 0.547211 0.727194 0.066464 0.063822
3 0.548557 0.727188 0.066675 0.064093
3 0.549310 0.727216 0.066256 0.063587
3 0.550681 0.727340 0.066324 0.063679
3 0.551360 0.727380 0.066355 0.063809
3 0.552817 0.727562 0.066357 0.063796
3 0.554111 0.727508 0.066337 0.063735
3 0.554893 0.727532 0.066594 0.064254
3 0.555639 0.727540 0.066188 0.063653
3 0.557000 0.727552 0.066317 0.063812
3 0.557520 0.727560 0.066370 0.064020
3 0.559732 0.727523 0.066408 0.064128
3 0.560424 0.727581 0.066172 0.063889
3 0.561924 0.727638 0.066172 0.063896
3 0.563239 0.727678 0.066212 0.063932
3 0.563966 0.727648 0.066531 0.064518
3 0.565232 0.727636 0.066270 0.064123
3 0.566078 0.727644 0.066246 0.064226
3 0.567581 0.727596 0.066327 0.064358
3 0.568187 0.727566 0.066080 0.063995
3 0.569649 0.727520 0.066113 0.064078
3 0.570329 0.727556 0.066530 0.064899
3 0.571606 0.727550 0.066310 0.064560
3 0.572476 0.727472 0.065965 0.064131
3 0.573889 0.727401 0.066092 0.064362
3 0.574586 0.727385 0.066018 0.064331
3 0.576110 0.727353 0.066029 0.064343
3 0.576736 0.727242 0.066288 0.064883
3 0.578259 0.727243 0.066353 0.065007
3 0.579000 0.727233 0.065769 0.064244
3 0.579734 0.727200 0.066266 0.065106
3 0.581223 0.727240 0.066327 0.065221
3 0.581993 0.727165 0.065630 0.064237
3 0.583254 0.727071 0.065858 0.064558
3 0.584777 0.726993 0.065961 0.064687
3 0.585466 0.727000 0.065871 0.064633
3 0.586751 0.726823 0.065779 0.064483
3 0.587562 0.726783 0.066311 0.065434
3 0.589485 0.726759 0.065951 0.064867
3 0.590127 0.726369 0.065965 0.064921
3 0.591317 0.726809 0.065742 0.064654
3 0.592287 0.726499 0.066195 0.065463
3 0.593645 0.726293 0.066365 0.065717
3 0.594242 0.726777 0.065698 0.064826
3 0.596134 0.726540 0.065649 0.064742
3 0.596909 0.726536 0.066120 0.065627
3 0.598432 0.726538 0.066194 0.065715
3 0.599189 0.726103 0.065450 0.064695
3 0.600403 0.726149 0.065663 0.065069
3 0.601176 0.726194 0.065876 0.065505
3 0.602183 0.726224 0.065340 0.064804
3 0.603606 0.726241 0.065470 0.065075
3 0.605130 0.726260 0.065524 0.065178
3 0.605880 0.726262 0.065937 0.065878
3 0.607390 0.726258 0.065914 0.065833
3 0.608099 0.726080 0.065544 0.065496
3 0.609732 0.726069 0.065456 0.065393
3 0.610347 0.726245 0.065468 0.065385
3 0.611884 0.726230 0.065544 0.065479
3 0.612670 0.726226 0.065732 0.065935
3 0.613436 0.726216 0.065441 0.065494
3 0.614996 0.726209 0.065510 0.065580
3 0.615780 0.726191 0.065692 0.066019
3 0.617335 0.726204 0.065716 0.066067
3 0.618143 0.726224 0.065481 0.065708
3 0.619669 0.726230 0.065545 0.065778
3 0.620376 0.726217 0.065826 0.066335
3 0.621183 0.726199 0.065397 0.065676
3 0.622740 0.726195 0.065470 0.065760
3 0.624302 0.726191 0.065608 0.065946
3 0.625115 0.726207 0.065875 0.066509
3 0.626689 0.726234 0.065874 0.066519
3 0.627484 0.726236 0.065640 0.066181
3 0.629284 0.726235 0.066179 0.067020
3 0.630092 0.726255 0.065496 0.066054
3 0.631663 0.726251 0.065503 0.066116
3 0.632450 0.726197 0.066098 0.067131
3 0.634008 0.726183 0.066219 0.067304
3 0.634875 0.726162 0.065423 0.066182
3 0.636494 0.726153 0.065436 0.066192
3 0.637238 0.726173 0.066186 0.067418
3 0.638835 0.726159 0.066310 0.067629
3 0.640473 0.726196 0.066442 0.067855
3 0.641345 0.726173 0.065812 0.067019
3 0.642126 0.726159 0.066230 0.067736
3 0.643675 0.726339 0.066415 0.067981
3 0.644531 0.726308 0.066040 0.067509
3 0.646214 0.726357 0.066262 0.067888
3 0.647794 0.726324 0.066298 0.067955
3 0.648597 0.726320 0.065964 0.067569
3 0.650194 0.726422 0.065967 0.067610
3 0.651030 0.726391 0.066273 0.068207
3 0.652634 0.726425 0.066316 0.068288
3 0.653623 0.726441 0.065621 0.067267
3 0.655171 0.726465 0.065801 0.067612
3 0.655928 0.726474 0.066381 0.068653
3 0.657536 0.726366 0.066372 0.068612
3 0.659242 0.726439 0.066293 0.068523
3 0.660145 0.726408 0.066129 0.068324
3 0.661717 0.726392 0.066189 0.068439
3 0.663428 0.726396 0.066489 0.068965
3 0.664247 0.726344 0.066053 0.068434
3 0.665920 0.726382 0.066035 0.068378
3 0.666672 0.726404 0.066524 0.069189
