3 0.409375 0.664062 0.031250 0.042969
3 0.409698 0.665565 0.031592 0.043421
3 0.410889 0.663766 0.031583 0.043420
3 0.410998 0.665640 0.031759 0.043591
3 0.412540 0.665025 0.031086 0.042689
3 0.413002 0.664425 0.031714 0.043495
3 0.414189 0.665826 0.031770 0.043577
3 0.414517 0.664853 0.031426 0.043137
3 0.415751 0.664815 0.031151 0.042774
3 0.416106 0.664852 0.031637 0.043394
3 0.417276 0.664805 0.031143 0.042757
3 0.418826 0.664377 0.031275 0.042937
3 0.418875 0.664335 0.031338 0.043012
3 0.419334 0.664290 0.031979 0.043828
3 0.419941 0.663844 0.032963 0.045060
3 0.421604 0.663284 0.031846 0.043633
3 0.422244 0.663833 0.031650 0.043466
3 0.422647 0.664303 0.032728 0.044703
3 0.423222 0.663785 0.032023 0.043922
3 0.425116 0.663806 0.031643 0.043424
3 0.424950 0.663826 0.031521 0.043290
3 0.426040 0.663932 0.033375 0.045539
3 0.427208 0.663842 0.032631 0.044676
3 0.427798 0.664227 0.032470 0.044396
3 0.429343 0.663753 0.032948 0.045039
3 0.430067 0.663719 0.031784 0.043654
3 0.430046 0.663703 0.031532 0.043347
3 0.432007 0.664638 0.032692 0.044644
3 0.432558 0.663632 0.032329 0.044290
3 0.432890 0.663669 0.031680 0.043475
3 0.434439 0.662666 0.031085 0.042683
3 0.435110 0.663827 0.032979 0.045111
3 0.435871 0.662771 0.031029 0.042650
3 0.437527 0.664235 0.031242 0.042934
3 0.438366 0.662849 0.033153 0.045202
3 0.438492 0.663296 0.033372 0.045492
3 0.438957 0.663708 0.031732 0.043610
3 0.440807 0.663789 0.031903 0.043787
3 0.440843 0.663770 0.031973 0.043878
3 0.442345 0.663234 0.031415 0.043130
3 0.442743 0.662780 0.032143 0.044029
3 0.443570 0.663788 0.032013 0.043945
3 0.444283 0.663273 0.032168 0.044081
3 0.445125 0.663765 0.032068 0.044009
3 0.445404 0.663293 0.031481 0.043181
3 0.446574 0.663282 0.032197 0.044104
3 0.446842 0.663777 0.031937 0.043804
3 0.447309 0.663968 0.031823 0.043740
3 0.448560 0.662288 0.031548 0.043260
3 0.448613 0.663232 0.031490 0.043164
3 0.449401 0.663384 0.032979 0.045044
3 0.451179 0.663339 0.032330 0.044254
3 0.450760 0.661344 0.032558 0.044548
3 0.451903 0.662330 0.031414 0.043139
3 0.452850 0.663249 0.031614 0.043382
3 0.452820 0.663235 0.031851 0.043661
3 0.453929 0.663690 0.033072 0.045238
3 0.454941 0.662759 0.031254 0.042904
3 0.454992 0.664225 0.031503 0.043251
3 0.456209 0.663746 0.031905 0.043764
3 0.457352 0.663281 0.032901 0.044937
3 0.457751 0.663212 0.031313 0.042993
3 0.458869 0.662800 0.032869 0.044873
3 0.458943 0.663230 0.032837 0.044863
3 0.460625 0.663683 0.032961 0.045106
3 0.461253 0.662664 0.031439 0.043203
3 0.462403 0.662696 0.031376 0.043115
3 0.462851 0.663825 0.031967 0.043952
3 0.463665 0.663529 0.033395 0.045616
3 0.465147 0.662970 0.033140 0.045223
3 0.465196 0.663401 0.033176 0.045330
3 0.465851 0.663873 0.032239 0.044196
3 0.466664 0.663946 0.033558 0.045820
3 0.468118 0.664359 0.033231 0.045348
3 0.468481 0.663360 0.031989 0.043894
3 0.469140 0.662852 0.031410 0.043161
3 0.469603 0.662917 0.032974 0.045033
3 0.470407 0.662833 0.031393 0.043095
3 0.471091 0.663043 0.032813 0.044856
3 0.472081 0.662578 0.031492 0.043236
3 0.472086 0.663087 0.031557 0.043319
3 0.473277 0.663060 0.031357 0.043107
3 0.473621 0.662495 0.031630 0.043418
3 0.474223 0.662503 0.032595 0.044618
3 0.475083 0.662200 0.032005 0.043881
3 0.475673 0.662271 0.032341 0.044370
3 0.476070 0.662178 0.032764 0.044853
3 0.476871 0.662107 0.032138 0.044047
3 0.477280 0.662143 0.032399 0.044449
3 0.478432 0.661720 0.032444 0.044474
3 0.478800 0.661763 0.032408 0.044503
3 0.479882 0.661791 0.032468 0.044482
3 0.480213 0.661840 0.032147 0.044186
3 0.480968 0.660912 0.031551 0.043355
3 0.481384 0.661333 0.032105 0.043982
3 0.482669 0.661749 0.032313 0.044329
3 0.483250 0.661853 0.032364 0.044428
3 0.483761 0.661247 0.032887 0.044995
3 0.484255 0.660631 0.031645 0.043465
3 0.484859 0.660699 0.031802 0.043694
3 0.485714 0.661199 0.031787 0.043669
3 0.486204 0.661149 0.031866 0.043732
3 0.487296 0.660676 0.031637 0.043474
3 0.487710 0.660635 0.031833 0.043678
3 0.489121 0.660734 0.031782 0.043609
3 0.490244 0.660813 0.032519 0.044529
3 0.490558 0.660725 0.031546 0.043343
3 0.491589 0.660392 0.033402 0.045627
3 0.491981 0.660512 0.031896 0.043814
3 0.492948 0.660608 0.032880 0.045002
3 0.493413 0.660902 0.032471 0.044472
3 0.494472 0.660820 0.032705 0.044769
3 0.495069 0.660312 0.032148 0.044123
3 0.495494 0.660175 0.032187 0.044145
3 0.495825 0.659756 0.032357 0.044467
3 0.496941 0.659776 0.032469 0.044531
3 0.497452 0.659814 0.032608 0.044770
3 0.497572 0.659718 0.032800 0.044993
3 0.498708 0.659185 0.031786 0.043636
3 0.499120 0.659255 0.032335 0.044339
3 0.499992 0.659158 0.031738 0.043558
3 0.501190 0.658708 0.032487 0.044488
3 0.501230 0.658981 0.032088 0.044000
3 0.502054 0.658462 0.031856 0.043777
3 0.502552 0.658384 0.033107 0.045283
3 0.502862 0.658347 0.032248 0.044270
3 0.504045 0.658353 0.033268 0.045498
3 0.504446 0.658259 0.032212 0.044239
3 0.505323 0.657563 0.032722 0.044885
3 0.505755 0.657582 0.033243 0.045495
3 0.506597 0.657193 0.031771 0.043657
3 0.506973 0.657236 0.032646 0.044726
3 0.507857 0.657144 0.031807 0.043665
3 0.508045 0.656413 0.032012 0.043938
3 0.508851 0.656080 0.033274 0.045554
3 0.509596 0.656056 0.032410 0.044477
3 0.510627 0.656174 0.032720 0.044860
3 0.511562 0.655575 0.032520 0.044615
3 0.511598 0.655052 0.032464 0.044483
3 0.513060 0.655199 0.032293 0.044275
3 0.514048 0.655618 0.032050 0.044032
3 0.514068 0.655541 0.031898 0.043845
3 0.515427 0.655115 0.032451 0.044461
3 0.515684 0.655010 0.031570 0.043408
3 0.516930 0.654554 0.032726 0.044805
3 0.517737 0.654048 0.032998 0.045238
3 0.517748 0.654480 0.032949 0.045117
3 0.518449 0.654169 0.033558 0.045890
3 0.519065 0.653077 0.031941 0.043877
3 0.519238 0.653689 0.032661 0.044840
3 0.521370 0.653749 0.033989 0.046417
3 0.521416 0.654628 0.033470 0.045697
3 0.522497 0.652965 0.032654 0.044731
3 0.522638 0.652745 0.032942 0.045075
3 0.522649 0.652231 0.033363 0.045673
3 0.523963 0.652419 0.032629 0.044776
3 0.523952 0.652794 0.032362 0.044392
3 0.524546 0.651955 0.033950 0.046377
3 0.525045 0.651877 0.032341 0.044455
3 0.525387 0.651598 0.032305 0.044372
3 0.525894 0.651496 0.033759 0.046066
3 0.526899 0.651210 0.031804 0.043710
3 0.527735 0.651117 0.033220 0.045382
3 0.528303 0.649664 0.032208 0.044269
3 0.528746 0.650549 0.033399 0.045691
3 0.528717 0.649726 0.033588 0.045947
3 0.529859 0.650770 0.032147 0.044151
3 0.530229 0.650580 0.033160 0.045407
3 0.530688 0.649580 0.034263 0.046696
3 0.531801 0.649268 0.033142 0.045335
3 0.531970 0.648526 0.033600 0.045952
3 0.532705 0.649145 0.032169 0.044148
3 0.533561 0.649436 0.033342 0.045578
3 0.534359 0.648002 0.032393 0.044536
3 0.535043 0.648486 0.033368 0.045677
3 0.535381 0.648466 0.034016 0.046432
3 0.536514 0.648405 0.033142 0.045419
3 0.536978 0.648300 0.034036 0.046484
3 0.537769 0.647589 0.031949 0.043929
3 0.538103 0.647635 0.032886 0.045057
3 0.538869 0.647103 0.032381 0.044397
3 0.539344 0.647028 0.031761 0.043671
3 0.540185 0.646991 0.033401 0.045617
3 0.540255 0.646845 0.033173 0.045370
3 0.540636 0.646802 0.031859 0.043790
3 0.542157 0.646340 0.032318 0.044421
3 0.542831 0.646793 0.032990 0.045171
3 0.544027 0.646321 0.032464 0.044592
3 0.543918 0.645873 0.032440 0.044543
3 0.544367 0.645358 0.032506 0.044563
3 0.545241 0.645303 0.031729 0.043625
3 0.545267 0.645271 0.031769 0.043656
3 0.546680 0.646020 0.032249 0.044325
3 0.547058 0.646018 0.032430 0.044497
3 0.547849 0.645504 0.032964 0.045067
3 0.548261 0.644507 0.032201 0.044244
3 0.548996 0.644539 0.032455 0.044546
3 0.549223 0.644485 0.033062 0.045273
3 0.549824 0.644910 0.031833 0.043727
3 0.550344 0.644664 0.031959 0.043919
3 0.551184 0.644228 0.033464 0.045784
3 0.551497 0.643873 0.032055 0.044061
3 0.552544 0.643823 0.033318 0.045556
3 0.553191 0.643831 0.032199 0.044200
3 0.553734 0.643103 0.032169 0.044145
3 0.554072 0.643173 0.032947 0.045069
3 0.554482 0.642755 0.031954 0.043928
3 0.555183 0.643223 0.031737 0.043637
3 0.555964 0.642937 0.032187 0.044186
3 0.556342 0.642472 0.032597 0.044680
3 0.556418 0.642464 0.032621 0.044708
3 0.557257 0.642517 0.033187 0.045456
3 0.557717 0.642405 0.032511 0.044610
3 0.558093 0.641978 0.032601 0.044698
3 0.559259 0.642147 0.032593 0.044727
3 0.559302 0.641208 0.031915 0.043807
3 0.560069 0.641809 0.032546 0.044652
3 0.560602 0.641173 0.032271 0.044269
3 0.561223 0.641297 0.031975 0.043875
3 0.561611 0.641813 0.032371 0.044449
3 0.562754 0.641238 0.032039 0.043948
3 0.563201 0.641109 0.032113 0.044085
3 0.563663 0.641137 0.032270 0.044259
3 0.564230 0.640206 0.032722 0.044818
3 0.565159 0.640280 0.033031 0.045264
3 0.565130 0.639951 0.032931 0.045105
3 0.566654 0.639948 0.033000 0.045183
3 0.567126 0.640447 0.032406 0.044474
3 0.567470 0.639413 0.031940 0.043823
3 0.567867 0.639839 0.032353 0.044410
3 0.568732 0.639796 0.032190 0.044139
3 0.569157 0.639689 0.031972 0.043884
3 0.570309 0.639192 0.032032 0.043917
3 0.570290 0.639095 0.032000 0.043878
3 0.570628 0.638614 0.032515 0.044557
3 0.571097 0.639050 0.032406 0.044439
3 0.572055 0.638490 0.032786 0.044865
3 0.572371 0.638514 0.032512 0.044613
3 0.573014 0.638609 0.032597 0.044734
3 0.573645 0.637920 0.032416 0.044425
3 0.574246 0.638025 0.032846 0.045030
3 0.574562 0.637892 0.032801 0.044926
3 0.575287 0.637342 0.031974 0.043870
3 0.575438 0.637383 0.031868 0.043767
3 0.575716 0.637078 0.032480 0.044550
3 0.577285 0.637412 0.032467 0.044526
3 0.577310 0.636907 0.032639 0.044769
3 0.578116 0.636746 0.032451 0.044521
3 0.578765 0.636392 0.032614 0.044812
3 0.578754 0.636808 0.032461 0.044584
3 0.579639 0.636656 0.032574 0.044684
3 0.580335 0.636191 0.032538 0.044716
3 0.580393 0.636188 0.032732 0.044948
3 0.580928 0.635800 0.032398 0.044468
3 0.581731 0.636165 0.032594 0.044746
3 0.582270 0.636083 0.033463 0.045813
3 0.583055 0.635446 0.032221 0.044184
3 0.583456 0.635484 0.032266 0.044305
3 0.584276 0.635441 0.032087 0.044039
3 0.584600 0.634988 0.032473 0.044500
3 0.585404 0.635454 0.032902 0.045064
3 0.585512 0.634930 0.032844 0.045024
3 0.586570 0.634547 0.032561 0.044760
3 0.586715 0.634913 0.032816 0.045007
3 0.587778 0.634626 0.032908 0.045098
3 0.588368 0.634672 0.033227 0.045553
3 0.588320 0.634743 0.033081 0.045368
3 0.589109 0.634157 0.032827 0.044972
3 0.589517 0.634032 0.032514 0.044651
3 0.589915 0.634044 0.033475 0.045836
3 0.590684 0.634082 0.032591 0.044724
3 0.591433 0.633617 0.032945 0.045124
3 0.591613 0.633934 0.033479 0.045799
3 0.592719 0.633404 0.032034 0.044043
3 0.593101 0.633509 0.033069 0.045283
3 0.593855 0.633432 0.032338 0.044348
3 0.594261 0.632909 0.032465 0.044612
3 0.594433 0.632656 0.032707 0.044948
3 0.595442 0.632692 0.032969 0.045154
3 0.595799 0.632680 0.032775 0.044992
3 0.596281 0.632176 0.033396 0.045738
3 0.597440 0.631724 0.032219 0.044271
3 0.597404 0.631715 0.032049 0.044061
3 0.598022 0.631836 0.032705 0.044851
3 0.598492 0.632275 0.032979 0.045179
3 0.599669 0.632296 0.032814 0.045069
3 0.599954 0.631793 0.032398 0.044414
3 0.599956 0.631500 0.032442 0.044441
3 0.600909 0.631075 0.032722 0.044909
3 0.601255 0.631044 0.032343 0.044422
3 0.602432 0.632099 0.032688 0.044875
3 0.602383 0.631981 0.032411 0.044508
3 0.602421 0.630900 0.032590 0.044769
3 0.603112 0.630886 0.033008 0.045149
3 0.603975 0.631333 0.032115 0.044132
3 0.604652 0.631341 0.032530 0.044516
3 0.605685 0.631045 0.032239 0.044302
3 0.606021 0.630145 0.032573 0.044644
3 0.607035 0.630300 0.032439 0.044569
3 0.607528 0.630230 0.032552 0.044646
