3 0.554688 0.672852 0.053125 0.060547
3 0.554916 0.672792 0.053163 0.060571
3 0.555145 0.672732 0.053201 0.060595
3 0.555373 0.672673 0.053239 0.060618
3 0.555602 0.672613 0.053277 0.060642
3 0.555831 0.672554 0.053316 0.060666
3 0.556059 0.672494 0.053354 0.060690
3 0.556288 0.672435 0.053392 0.060714
3 0.556517 0.672375 0.053430 0.060737
3 0.556745 0.672316 0.053468 0.060761
3 0.556974 0.672256 0.053506 0.060785
3 0.557203 0.672197 0.053544 0.060809
3 0.557431 0.672137 0.053582 0.060833
3 0.557660 0.672077 0.053620 0.060857
3 0.557889 0.672018 0.053659 0.060880
3 0.558117 0.671958 0.053697 0.060904
3 0.558346 0.671899 0.053735 0.060928
3 0.558575 0.671839 0.053773 0.060952
3 0.558803 0.671780 0.053811 0.060976
3 0.559032 0.671720 0.053849 0.060999
3 0.559261 0.671661 0.053887 0.061023
3 0.559489 0.671601 0.053925 0.061047
3 0.559718 0.671542 0.053963 0.061071
3 0.559947 0.671482 0.054002 0.061095
3 0.560175 0.671422 0.054040 0.061119
3 0.560404 0.671363 0.054078 0.061142
3 0.560633 0.671303 0.054116 0.061166
3 0.560861 0.671244 0.054154 0.061190
3 0.561090 0.671184 0.054192 0.061214
3 0.561319 0.671125 0.054230 0.061238
3 0.561547 0.671065 0.054268 0.061261
3 0.561776 0.671006 0.054306 0.061285
3 0.562005 0.670946 0.054345 0.061309
3 0.562233 0.670887 0.054383 0.061333
3 0.562462 0.670827 0.054421 0.061357
3 0.562691 0.670767 0.054459 0.061381
3 0.562919 0.670708 0.054497 0.061404
3 0.563148 0.670648 0.054535 0.061428
3 0.563377 0.670589 0.054573 0.061452
3 0.563605 0.670529 0.054611 0.061476
3 0.563834 0.670470 0.054649 0.061500
3 0.564062 0.670410 0.054687 0.061523
3 0.564291 0.670351 0.054726 0.061547
3 0.564520 0.670291 0.054764 0.061571
3 0.564748 0.670232 0.054802 0.061595
3 0.564977 0.670172 0.054840 0.061619
3 0.565206 0.670112 0.054878 0.061643
3 0.565434 0.670053 0.054916 0.061666
3 0.565663 0.669993 0.054954 0.061690
3 0.565892 0.669934 0.054992 0.061714
3 0.566120 0.669874 0.055030 0.061738
3 0.566349 0.669815 0.055069 0.061762
3 0.566578 0.669755 0.055107 0.061785
3 0.566806 0.669696 0.055145 0.061809
3 0.567035 0.669636 0.055183 0.061833
3 0.567264 0.669577 0.055221 0.061857
3 0.567492 0.669517 0.055259 0.061881
3 0.567721 0.669457 0.055297 0.061905
3 0.567950 0.669398 0.055335 0.061928
3 0.568178 0.669338 0.055373 0.061952
3 0.568407 0.669279 0.055412 0.061976
3 0.568636 0.669219 0.055450 0.062000
3 0.568864 0.669160 0.055488 0.062024
3 0.569093 0.669100 0.055526 0.062047
3 0.569322 0.669041 0.055564 0.062071
3 0.569550 0.668981 0.055602 0.062095
3 0.569779 0.668921 0.055640 0.062119
3 0.570008 0.668862 0.055678 0.062143
3 0.570236 0.668802 0.055716 0.062167
3 0.570465 0.668743 0.055755 0.062190
3 0.570694 0.668683 0.055793 0.062214
3 0.570922 0.668624 0.055831 0.062238
3 0.571151 0.668564 0.055869 0.062262
3 0.571380 0.668505 0.055907 0.062286
3 0.571608 0.668445 0.055945 0.062309
3 0.571837 0.668386 0.055983 0.062333
3 0.572066 0.668326 0.056021 0.062357
3 0.572294 0.668266 0.056059 0.062381
3 0.572523 0.668207 0.056098 0.062405
3 0.572752 0.668147 0.056136 0.062429
3 0.572980 0.668088 0.056174 0.062452
3 0.573209 0.668028 0.056212 0.062476
3 0.573437 0.667969 0.056250 0.062500
3 0.573623 0.668005 0.056152 0.062378
3 0.573809 0.668042 0.056055 0.062256
3 0.573994 0.668079 0.055957 0.062134
3 0.574180 0.668115 0.055859 0.062012
3 0.574365 0.668152 0.055762 0.061890
3 0.574551 0.668188 0.055664 0.061768
3 0.574736 0.668225 0.055566 0.061646
3 0.574922 0.668262 0.055469 0.061523
3 0.575107 0.668298 0.055371 0.061401
3 0.575293 0.668335 0.055273 0.061279
3 0.575479 0.668372 0.055176 0.061157
3 0.575664 0.668408 0.055078 0.061035
3 0.575850 0.668445 0.054980 0.060913
3 0.576035 0.668481 0.054883 0.060791
3 0.576221 0.668518 0.054785 0.060669
3 0.576406 0.668555 0.054687 0.060547
3 0.576592 0.668591 0.054590 0.060425
3 0.576777 0.668628 0.054492 0.060303
3 0.576963 0.668665 0.054395 0.060181
3 0.577148 0.668701 0.054297 0.060059
3 0.577334 0.668738 0.054199 0.059937
3 0.577520 0.668774 0.054102 0.059814
3 0.577705 0.668811 0.054004 0.059692
3 0.577891 0.668848 0.053906 0.059570
3 0.578076 0.668884 0.053809 0.059448
3 0.578262 0.668921 0.053711 0.059326
3 0.578447 0.668958 0.053613 0.059204
3 0.578633 0.668994 0.053516 0.059082
3 0.578818 0.669031 0.053418 0.058960
3 0.579004 0.669067 0.053320 0.058838
3 0.579189 0.669104 0.053223 0.058716
3 0.579375 0.669141 0.053125 0.058594
3 0.579561 0.669177 0.053027 0.058472
3 0.579746 0.669214 0.052930 0.058350
3 0.579932 0.669250 0.052832 0.058228
3 0.580117 0.669287 0.052734 0.058105
3 0.580303 0.669324 0.052637 0.057983
3 0.580488 0.669360 0.052539 0.057861
3 0.580674 0.669397 0.052441 0.057739
3 0.580859 0.669434 0.052344 0.057617
3 0.581045 0.669470 0.052246 0.057495
3 0.581230 0.669507 0.052148 0.057373
3 0.581416 0.669543 0.052051 0.057251
3 0.581602 0.669580 0.051953 0.057129
3 0.581787 0.669617 0.051855 0.057007
3 0.581973 0.669653 0.051758 0.056885
3 0.582158 0.669690 0.051660 0.056763
3 0.582344 0.669727 0.051562 0.056641
3 0.582529 0.669763 0.051465 0.056519
3 0.582715 0.669800 0.051367 0.056396
3 0.582900 0.669836 0.051270 0.056274
3 0.583086 0.669873 0.051172 0.056152
3 0.583271 0.669910 0.051074 0.056030
3 0.583457 0.669946 0.050977 0.055908
3 0.583643 0.669983 0.050879 0.055786
3 0.583828 0.670020 0.050781 0.055664
3 0.584014 0.670056 0.050684 0.055542
3 0.584199 0.670093 0.050586 0.055420
3 0.584385 0.670129 0.050488 0.055298
3 0.584570 0.670166 0.050391 0.055176
3 0.584756 0.670203 0.050293 0.055054
3 0.584941 0.670239 0.050195 0.054932
3 0.585127 0.670276 0.050098 0.054810
3 0.585313 0.670313 0.050000 0.054687
3 0.585498 0.670349 0.049902 0.054565
3 0.585684 0.670386 0.049805 0.054443
3 0.585869 0.670422 0.049707 0.054321
3 0.586055 0.670459 0.049609 0.054199
3 0.586240 0.670496 0.049512 0.054077
3 0.586426 0.670532 0.049414 0.053955
3 0.586611 0.670569 0.049316 0.053833
3 0.586797 0.670605 0.049219 0.053711
3 0.586982 0.670642 0.049121 0.053589
3 0.587168 0.670679 0.049023 0.053467
3 0.587354 0.670715 0.048926 0.053345
3 0.587539 0.670752 0.048828 0.053223
3 0.587725 0.670789 0.048730 0.053101
3 0.587910 0.670825 0.048633 0.052979
3 0.588096 0.670862 0.048535 0.052856
3 0.588281 0.670898 0.048438 0.052734
3 0.588500 0.670898 0.048418 0.052734
3 0.588720 0.670898 0.048399 0.052734
3 0.588939 0.670898 0.048380 0.052734
3 0.589158 0.670898 0.048361 0.052734
3 0.589377 0.670898 0.048342 0.052734
3 0.589596 0.670898 0.048323 0.052734
3 0.589815 0.670898 0.048304 0.052734
3 0.590034 0.670898 0.048285 0.052734
3 0.590253 0.670898 0.048266 0.052734
3 0.590473 0.670898 0.048247 0.052734
3 0.590692 0.670898 0.048228 0.052734
3 0.590911 0.670898 0.048209 0.052734
3 0.591130 0.670898 0.048190 0.052734
3 0.591349 0.670898 0.048171 0.052734
3 0.591568 0.670898 0.048152 0.052734
3 0.591787 0.670898 0.048133 0.052734
3 0.592006 0.670898 0.048114 0.052734
3 0.592226 0.670898 0.048095 0.052734
3 0.592445 0.670898 0.048075 0.052734
3 0.592664 0.670898 0.048056 0.052734
3 0.592883 0.670898 0.048037 0.052734
3 0.593102 0.670898 0.048018 0.052734
3 0.593321 0.670898 0.047999 0.052734
3 0.593540 0.670898 0.047980 0.052734
3 0.593760 0.670898 0.047961 0.052734
3 0.593979 0.670898 0.047942 0.052734
3 0.594198 0.670898 0.047923 0.052734
3 0.594417 0.670898 0.047904 0.052734
3 0.594636 0.670898 0.047885 0.052734
3 0.594855 0.670898 0.047866 0.052734
3 0.595074 0.670898 0.047847 0.052734
3 0.595293 0.670898 0.047828 0.052734
3 0.595513 0.670898 0.047809 0.052734
3 0.595732 0.670898 0.047790 0.052734
3 0.595951 0.670898 0.047771 0.052734
3 0.596170 0.670898 0.047752 0.052734
3 0.596389 0.670898 0.047732 0.052734
3 0.596608 0.670898 0.047713 0.052734
3 0.596827 0.670898 0.047694 0.052734
3 0.597046 0.670898 0.047675 0.052734
3 0.597266 0.670898 0.047656 0.052734
3 0.597485 0.670898 0.047637 0.052734
3 0.597704 0.670898 0.047618 0.052734
3 0.597923 0.670898 0.047599 0.052734
3 0.598142 0.670898 0.047580 0.052734
3 0.598361 0.670898 0.047561 0.052734
3 0.598580 0.670898 0.047542 0.052734
3 0.598800 0.670898 0.047523 0.052734
3 0.599019 0.670898 0.047504 0.052734
3 0.599238 0.670898 0.047485 0.052734
3 0.599457 0.670898 0.047466 0.052734
3 0.599676 0.670898 0.047447 0.052734
3 0.599895 0.670898 0.047428 0.052734
3 0.600114 0.670898 0.047409 0.052734
3 0.600333 0.670898 0.047389 0.052734
3 0.600553 0.670898 0.047370 0.052734
3 0.600772 0.670898 0.047351 0.052734
3 0.600991 0.670898 0.047332 0.052734
3 0.601210 0.670898 0.047313 0.052734
3 0.601429 0.670898 0.047294 0.052734
3 0.601648 0.670898 0.047275 0.052734
3 0.601867 0.670898 0.047256 0.052734
3 0.602087 0.670898 0.047237 0.052734
3 0.602306 0.670898 0.047218 0.052734
3 0.602525 0.670898 0.047199 0.052734
3 0.602744 0.670898 0.047180 0.052734
3 0.602963 0.670898 0.047161 0.052734
3 0.603182 0.670898 0.047142 0.052734
3 0.603401 0.670898 0.047123 0.052734
3 0.603620 0.670898 0.047104 0.052734
3 0.603840 0.670898 0.047085 0.052734
3 0.604059 0.670898 0.047066 0.052734
3 0.604278 0.670898 0.047046 0.052734
3 0.604497 0.670898 0.047027 0.052734
3 0.604716 0.670898 0.047008 0.052734
3 0.604935 0.670898 0.046989 0.052734
3 0.605154 0.670898 0.046970 0.052734
3 0.605373 0.670898 0.046951 0.052734
3 0.605593 0.670898 0.046932 0.052734
3 0.605812 0.670898 0.046913 0.052734
3 0.606031 0.670898 0.046894 0.052734
3 0.606250 0.670898 0.046875 0.052734
3 0.606438 0.670874 0.046776 0.052685
3 0.606626 0.670849 0.046677 0.052635
3 0.606814 0.670824 0.046578 0.052586
3 0.607002 0.670800 0.046479 0.052537
3 0.607189 0.670775 0.046381 0.052487
3 0.607377 0.670750 0.046282 0.052438
3 0.607565 0.670725 0.046183 0.052388
3 0.607753 0.670701 0.046084 0.052339
3 0.607941 0.670676 0.045985 0.052289
3 0.608129 0.670651 0.045886 0.052240
3 0.608317 0.670626 0.045787 0.052190
3 0.608505 0.670602 0.045688 0.052141
3 0.608693 0.670577 0.045589 0.052092
3 0.608881 0.670552 0.045491 0.052042
3 0.609068 0.670528 0.045392 0.051993
3 0.609256 0.670503 0.045293 0.051943
3 0.609444 0.670478 0.045194 0.051894
3 0.609632 0.670453 0.045095 0.051844
3 0.609820 0.670429 0.044996 0.051795
3 0.610008 0.670404 0.044897 0.051745
3 0.610196 0.670379 0.044798 0.051696
3 0.610384 0.670355 0.044699 0.051647
3 0.610572 0.670330 0.044600 0.051597
3 0.610759 0.670305 0.044502 0.051548
3 0.610947 0.670280 0.044403 0.051498
3 0.611135 0.670256 0.044304 0.051449
3 0.611323 0.670231 0.044205 0.051399
3 0.611511 0.670206 0.044106 0.051350
3 0.611699 0.670181 0.044007 0.051300
3 0.611887 0.670157 0.043908 0.051251
3 0.612075 0.670132 0.043809 0.051202
3 0.612263 0.670107 0.043710 0.051152
3 0.612451 0.670083 0.043612 0.051103
3 0.612638 0.670058 0.043513 0.051053
3 0.612826 0.670033 0.043414 0.051004
3 0.613014 0.670008 0.043315 0.050954
3 0.613202 0.669984 0.043216 0.050905
3 0.613390 0.669959 0.043117 0.050855
3 0.613578 0.669934 0.043018 0.050806
3 0.613766 0.669910 0.042919 0.050757
3 0.613954 0.669885 0.042820 0.050707
3 0.614142 0.669860 0.042722 0.050658
3 0.614330 0.669835 0.042623 0.050608
3 0.614517 0.669811 0.042524 0.050559
3 0.614705 0.669786 0.042425 0.050509
3 0.614893 0.669761 0.042326 0.050460
3 0.615081 0.669736 0.042227 0.050410
3 0.615269 0.669712 0.042128 0.050361
3 0.615457 0.669687 0.042029 0.050312
3 0.615645 0.669662 0.041930 0.050262
3 0.615833 0.669638 0.041831 0.050213
3 0.616021 0.669613 0.041733 0.050163
3 0.616208 0.669588 0.041634 0.050114
3 0.616396 0.669563 0.041535 0.050064
3 0.616584 0.669539 0.041436 0.050015
3 0.616772 0.669514 0.041337 0.049965
3 0.616960 0.669489 0.041238 0.049916
3 0.617148 0.669464 0.041139 0.049866
3 0.617336 0.669440 0.041040 0.049817
3 0.617524 0.669415 0.040941 0.049768
3 0.617712 0.669390 0.040843 0.049718
3 0.617900 0.669366 0.040744 0.049669
3 0.618087 0.669341 0.040645 0.049619
3 0.618275 0.669316 0.040546 0.049570
3 0.618463 0.669291 0.040447 0.049520
3 0.618651 0.669267 0.040348 0.049471
3 0.618839 0.669242 0.040249 0.049421
3 0.619027 0.669217 0.040150 0.049372
3 0.619215 0.669193 0.040051 0.049323
3 0.619403 0.669168 0.039953 0.049273
3 0.619591 0.669143 0.039854 0.049224
3 0.619778 0.669118 0.039755 0.049174
3 0.619966 0.669094 0.039656 0.049125
3 0.620154 0.669069 0.039557 0.049075
3 0.620342 0.669044 0.039458 0.049026
3 0.620530 0.669019 0.039359 0.048976
3 0.620718 0.668995 0.039260 0.048927
3 0.620906 0.668970 0.039161 0.048878
3 0.621094 0.668945 0.039062 0.048828
