3 0.452344 0.388672 0.195312 0.175781
3 0.447683 0.388673 0.195423 0.176028
3 0.443115 0.388588 0.195460 0.176272
3 0.438616 0.388017 0.195423 0.177375
3 0.433602 0.386038 0.194910 0.177426
3 0.433602 0.386038 0.194923 0.177443
3 0.429827 0.387362 0.194786 0.177685
3 0.425576 0.385670 0.195039 0.177690
3 0.421041 0.385736 0.195283 0.177915
3 0.416155 0.385781 0.195135 0.178262
3 0.413678 0.388071 0.194883 0.178232
3 0.413677 0.388070 0.194890 0.178240
3 0.410945 0.388213 0.195784 0.179034
3 0.410363 0.388353 0.196133 0.179457
3 0.409627 0.388008 0.195667 0.179809
3 0.407828 0.387040 0.196054 0.180602
3 0.406694 0.385387 0.196112 0.180424
3 0.406695 0.385388 0.196111 0.180422
3 0.406621 0.385796 0.196676 0.180849
3 0.408135 0.384791 0.196534 0.181122
3 0.409587 0.383723 0.196525 0.181612
3 0.411089 0.382880 0.196574 0.182278
3 0.411986 0.382766 0.196635 0.182678
3 0.411989 0.382756 0.196638 0.182665
3 0.412371 0.382441 0.196367 0.182731
3 0.414019 0.384605 0.197217 0.183144
3 0.416142 0.382949 0.196962 0.183017
3 0.417788 0.381624 0.196817 0.183263
3 0.418614 0.379654 0.197213 0.183582
3 0.418607 0.379643 0.197216 0.183545
3 0.418305 0.375769 0.197070 0.183295
3 0.418351 0.373910 0.197800 0.184611
3 0.419480 0.369960 0.196653 0.183664
3 0.420187 0.364675 0.196916 0.183977
3 0.421951 0.360208 0.197083 0.183996
3 0.421952 0.360208 0.197088 0.184004
3 0.422201 0.355914 0.197409 0.184778
3 0.422619 0.354161 0.197428 0.183922
3 0.424278 0.351920 0.196891 0.184384
3 0.423734 0.349784 0.197295 0.184435
3 0.424487 0.345775 0.196409 0.184176
3 0.424494 0.345782 0.196400 0.184186
3 0.424376 0.343761 0.196642 0.184570
3 0.424667 0.340117 0.196315 0.183891
3 0.423829 0.336926 0.195997 0.182415
3 0.421042 0.333286 0.196328 0.182529
3 0.417883 0.331632 0.196456 0.182467
3 0.417880 0.331629 0.196482 0.182514
3 0.414530 0.329400 0.196528 0.183344
3 0.411926 0.328693 0.195487 0.183247
3 0.409232 0.325179 0.195545 0.182902
3 0.404671 0.322713 0.195256 0.183006
3 0.399877 0.320393 0.194886 0.182801
3 0.399879 0.320400 0.194899 0.182822
3 0.395261 0.319137 0.195055 0.182120
3 0.392724 0.319279 0.195337 0.181996
3 0.392529 0.320676 0.194273 0.181280
3 0.392894 0.319684 0.195204 0.181454
3 0.393063 0.317214 0.194866 0.181644
3 0.393063 0.317213 0.194869 0.181646
3 0.391523 0.317156 0.195295 0.181698
3 0.390258 0.315169 0.194676 0.181067
3 0.390128 0.315924 0.194382 0.180564
3 0.390182 0.315958 0.194794 0.180949
3 0.389506 0.316019 0.194044 0.180630
3 0.389501 0.316015 0.194008 0.180590
3 0.389312 0.315688 0.193938 0.180716
3 0.389074 0.315860 0.195211 0.181395
3 0.388665 0.316468 0.195080 0.179592
3 0.388190 0.317674 0.195145 0.179026
3 0.387871 0.319329 0.195023 0.179038
3 0.387875 0.319323 0.195020 0.179034
3 0.386246 0.319604 0.195116 0.179246
3 0.383595 0.319570 0.195458 0.179808
3 0.380468 0.320783 0.195265 0.179445
3 0.379466 0.321796 0.195259 0.179782
3 0.379755 0.324253 0.194898 0.179504
3 0.379745 0.324271 0.194920 0.179531
3 0.379606 0.327421 0.195330 0.179971
3 0.378070 0.331006 0.195127 0.179987
3 0.376531 0.331249 0.195014 0.179697
3 0.374804 0.332384 0.195525 0.179933
3 0.374324 0.335364 0.195517 0.180004
3 0.374328 0.335357 0.195508 0.179992
3 0.374291 0.338315 0.195486 0.180154
3 0.373539 0.340690 0.195514 0.180169
3 0.373185 0.341352 0.196416 0.181074
3 0.372276 0.344352 0.195722 0.180404
3 0.369919 0.344665 0.195942 0.180674
3 0.369900 0.344659 0.195998 0.180727
3 0.368478 0.347857 0.196472 0.181761
3 0.367741 0.349509 0.196410 0.181644
3 0.367391 0.352385 0.195664 0.181079
3 0.366278 0.353391 0.196529 0.181966
3 0.365272 0.355512 0.197032 0.182793
3 0.365272 0.355512 0.197029 0.182788
3 0.363536 0.355143 0.196893 0.183013
3 0.360822 0.355845 0.196721 0.182449
3 0.357801 0.357769 0.197156 0.183475
3 0.355094 0.360685 0.197485 0.184007
3 0.352398 0.360473 0.197958 0.184779
3 0.352393 0.360481 0.197961 0.184783
3 0.349561 0.363305 0.197799 0.184646
3 0.345546 0.363580 0.197414 0.184286
3 0.342913 0.362528 0.198033 0.185373
3 0.343918 0.363609 0.197575 0.185276
3 0.345808 0.363656 0.198498 0.186627
3 0.345808 0.363657 0.198498 0.186629
3 0.348177 0.365581 0.199011 0.187255
3 0.351260 0.367350 0.199330 0.187950
3 0.353050 0.364313 0.199709 0.188097
3 0.354423 0.366024 0.199919 0.188285
3 0.355829 0.366791 0.200597 0.189174
3 0.355830 0.366800 0.200585 0.189175
3 0.356876 0.368173 0.200079 0.188756
3 0.358417 0.366486 0.200132 0.188978
3 0.359212 0.368073 0.200263 0.189319
3 0.361868 0.369036 0.200086 0.189691
3 0.364650 0.369492 0.200345 0.190085
3 0.364648 0.369496 0.200345 0.190082
3 0.367511 0.370722 0.199907 0.189888
3 0.370046 0.374665 0.201538 0.191994
3 0.374033 0.374779 0.202062 0.192754
3 0.377203 0.374605 0.201403 0.192347
3 0.381143 0.376836 0.202052 0.193256
3 0.381141 0.376842 0.202051 0.193253
3 0.384180 0.376752 0.201490 0.193027
3 0.386497 0.377537 0.201816 0.193448
3 0.388751 0.378605 0.202186 0.193826
3 0.389339 0.378324 0.201775 0.193621
3 0.390294 0.379271 0.201893 0.193960
3 0.390295 0.379269 0.201867 0.193931
3 0.391365 0.378204 0.202055 0.194228
3 0.391337 0.379134 0.202182 0.194460
3 0.394161 0.378950 0.202485 0.195114
3 0.396590 0.379425 0.203115 0.196188
3 0.399161 0.380678 0.201178 0.193983
3 0.399161 0.380685 0.201241 0.194060
3 0.400079 0.382345 0.201550 0.194713
3 0.402171 0.383897 0.199513 0.192765
3 0.404910 0.387571 0.198464 0.192020
3 0.407154 0.388572 0.197188 0.190623
3 0.406429 0.388048 0.196400 0.190046
3 0.406436 0.388042 0.196394 0.190037
3 0.405452 0.387033 0.194555 0.188272
3 0.404801 0.386451 0.193651 0.187590
3 0.403896 0.386165 0.192740 0.186582
3 0.402466 0.385514 0.191935 0.185815
3 0.401366 0.385760 0.190880 0.184898
3 0.401364 0.385761 0.190898 0.184922
3 0.399797 0.386130 0.189762 0.183546
3 0.397464 0.386245 0.188857 0.182649
3 0.395383 0.384631 0.187410 0.180957
3 0.393648 0.385436 0.187536 0.181465
3 0.391578 0.385131 0.186361 0.180288
3 0.391580 0.385128 0.186324 0.180250
3 0.389680 0.385601 0.184943 0.178761
3 0.384594 0.384559 0.183232 0.176824
3 0.379081 0.383278 0.181682 0.175090
3 0.372909 0.383690 0.181262 0.174541
3 0.365731 0.383501 0.180096 0.173436
3 0.365732 0.383500 0.180087 0.173434
3 0.358441 0.384297 0.178768 0.172094
3 0.350889 0.384773 0.177434 0.170720
3 0.343500 0.384686 0.176909 0.170323
3 0.338444 0.384347 0.175856 0.169458
3 0.335294 0.384245 0.174702 0.168329
3 0.335292 0.384248 0.174717 0.168343
3 0.331461 0.383724 0.173865 0.167425
3 0.328980 0.383236 0.173178 0.166767
3 0.325653 0.382943 0.172132 0.165983
3 0.323541 0.381446 0.170591 0.164353
3 0.321685 0.382107 0.169308 0.163107
3 0.321684 0.382093 0.169316 0.163099
3 0.320681 0.383594 0.169761 0.163851
3 0.320773 0.385217 0.168463 0.162714
3 0.321212 0.386005 0.167375 0.161696
3 0.321244 0.385248 0.165993 0.160324
3 0.321461 0.385191 0.165113 0.159329
3 0.321460 0.385187 0.165076 0.159284
3 0.322762 0.385075 0.164734 0.159223
3 0.324164 0.386197 0.164002 0.158682
3 0.324575 0.385256 0.163633 0.158465
3 0.325560 0.385446 0.162573 0.157350
3 0.326494 0.384670 0.161137 0.156059
3 0.326496 0.384669 0.161127 0.156055
3 0.327723 0.384887 0.160230 0.155049
3 0.329947 0.383313 0.159940 0.154936
3 0.333594 0.381835 0.158780 0.153825
3 0.336195 0.378768 0.157299 0.152184
3 0.338177 0.379821 0.156798 0.151697
3 0.338175 0.379840 0.156842 0.151747
3 0.340886 0.377876 0.155654 0.150610
3 0.344802 0.377312 0.154912 0.150049
3 0.347327 0.376220 0.153896 0.148837
3 0.350004 0.374878 0.153334 0.148093
3 0.353266 0.372168 0.151859 0.146812
3 0.353266 0.372168 0.151861 0.146811
3 0.357048 0.370544 0.149973 0.144885
3 0.360858 0.367976 0.148525 0.143259
3 0.363870 0.367571 0.148153 0.143070
3 0.367841 0.366331 0.146010 0.140492
3 0.371484 0.364716 0.145702 0.140278
3 0.371489 0.364715 0.145704 0.140280
3 0.375365 0.363923 0.143660 0.138138
3 0.378992 0.363191 0.143251 0.137785
3 0.382909 0.360366 0.142484 0.136935
3 0.386998 0.359897 0.140227 0.134124
3 0.389796 0.357955 0.139020 0.132785
3 0.389769 0.357951 0.139118 0.132904
3 0.394041 0.356380 0.136956 0.130550
3 0.398442 0.354144 0.136655 0.130173
3 0.401865 0.353308 0.136053 0.129715
3 0.404454 0.351255 0.134400 0.127800
3 0.407756 0.350179 0.133566 0.126713
3 0.407758 0.350178 0.133548 0.126691
3 0.410454 0.349298 0.132135 0.125154
3 0.413092 0.348355 0.131560 0.124540
3 0.415986 0.348291 0.130365 0.123201
3 0.419660 0.346489 0.129629 0.122340
3 0.423118 0.345840 0.127598 0.120036
3 0.423119 0.345839 0.127606 0.120046
3 0.425959 0.344946 0.126816 0.119150
3 0.427752 0.344147 0.125786 0.117915
3 0.430139 0.345136 0.124864 0.116917
3 0.432671 0.344810 0.124121 0.116190
3 0.435395 0.345344 0.123822 0.115858
3 0.435390 0.345351 0.123832 0.115870
3 0.437647 0.345057 0.122715 0.114680
3 0.440218 0.345659 0.121302 0.113104
3 0.442129 0.345771 0.120873 0.112679
3 0.444831 0.345758 0.120209 0.111863
3 0.446911 0.346390 0.119265 0.110844
3 0.446906 0.346395 0.119277 0.110863
3 0.448723 0.347533 0.118116 0.109629
3 0.450415 0.348174 0.117480 0.108851
3 0.452782 0.349711 0.116138 0.107287
3 0.454313 0.350657 0.115717 0.106902
3 0.455685 0.351958 0.114664 0.105620
3 0.455687 0.351960 0.114673 0.105632
3 0.457148 0.353071 0.114724 0.105701
3 0.458536 0.354846 0.113474 0.104298
3 0.459120 0.357365 0.112446 0.103187
3 0.459662 0.359675 0.111460 0.102020
3 0.460355 0.360686 0.110700 0.101207
3 0.460355 0.360686 0.110700 0.101207
3 0.461981 0.362927 0.108972 0.099224
3 0.462957 0.363763 0.108140 0.098357
3 0.463432 0.365288 0.107120 0.097309
3 0.464832 0.366699 0.106737 0.096840
3 0.465920 0.369101 0.105298 0.095294
3 0.465920 0.369101 0.105298 0.095294
3 0.466675 0.370933 0.104374 0.094212
3 0.467266 0.373108 0.103875 0.093677
3 0.468496 0.374127 0.103043 0.092764
3 0.468953 0.376163 0.102665 0.092667
3 0.469070 0.376792 0.102485 0.092596
3 0.469070 0.376795 0.102497 0.092605
3 0.469211 0.377568 0.101866 0.092181
3 0.469593 0.377534 0.101549 0.092046
3 0.470819 0.377859 0.101548 0.092501
3 0.471868 0.378352 0.101194 0.092417
3 0.472325 0.379070 0.100602 0.092099
3 0.472335 0.379079 0.100604 0.092100
3 0.473269 0.380147 0.100401 0.092206
3 0.474474 0.380443 0.099905 0.092037
3 0.475146 0.380384 0.099914 0.092226
3 0.476372 0.380679 0.099581 0.092209
3 0.477083 0.379663 0.099338 0.092205
3 0.477083 0.379664 0.099332 0.092195
3 0.478605 0.379678 0.099100 0.092343
3 0.478865 0.379299 0.098565 0.092112
3 0.478723 0.380073 0.098560 0.092340
3 0.479281 0.379786 0.098126 0.092303
3 0.479620 0.379403 0.097674 0.092197
3 0.479624 0.379403 0.097657 0.092178
3 0.479308 0.378903 0.097604 0.092366
3 0.478952 0.378441 0.097101 0.092233
3 0.479161 0.378361 0.097223 0.092673
3 0.479469 0.377904 0.097046 0.092998
3 0.479567 0.377475 0.096787 0.092968
3 0.479581 0.377479 0.096780 0.092947
3 0.480008 0.377555 0.096488 0.093011
3 0.480507 0.376509 0.096584 0.093425
3 0.481602 0.376213 0.096255 0.093436
3 0.481905 0.375683 0.096257 0.093695
3 0.482494 0.375395 0.095944 0.093660
3 0.482492 0.375397 0.095942 0.093656
3 0.483127 0.375139 0.095726 0.093724
3 0.484347 0.375017 0.095643 0.093876
3 0.485235 0.374250 0.095402 0.093934
3 0.486257 0.374331 0.095170 0.093947
3 0.486643 0.373513 0.095093 0.093947
3 0.486633 0.373512 0.095094 0.093937
3 0.487231 0.375003 0.094783 0.093996
3 0.488181 0.374996 0.094691 0.093993
3 0.489023 0.375249 0.094423 0.093914
3 0.489514 0.375122 0.094190 0.093799
3 0.489883 0.375623 0.094069 0.093887
3 0.489889 0.375623 0.094063 0.093893
3 0.489953 0.375442 0.093788 0.093695
3 0.490169 0.375835 0.093563 0.093709
