3 0.400000 0.768555 0.043750 0.056641
3 0.399288 0.768784 0.043704 0.056411
3 0.398575 0.769014 0.043658 0.056181
3 0.397863 0.769244 0.043612 0.055951
3 0.397151 0.769474 0.043566 0.055722
3 0.396438 0.769704 0.043520 0.055492
3 0.395726 0.769933 0.043474 0.055262
3 0.395014 0.770163 0.043428 0.055032
3 0.394301 0.770393 0.043382 0.054802
3 0.393589 0.770623 0.043336 0.054573
3 0.392877 0.770852 0.043290 0.054343
3 0.392165 0.771082 0.043244 0.054113
3 0.391452 0.771312 0.043199 0.053883
3 0.390740 0.771542 0.043153 0.053653
3 0.390028 0.771772 0.043107 0.053424
3 0.389315 0.772001 0.043061 0.053194
3 0.388603 0.772231 0.043015 0.052964
3 0.387891 0.772461 0.042969 0.052734
3 0.387178 0.772691 0.042923 0.052505
3 0.386466 0.772920 0.042877 0.052275
3 0.385754 0.773150 0.042831 0.052045
3 0.385041 0.773380 0.042785 0.051815
3 0.384329 0.773610 0.042739 0.051585
3 0.383617 0.773840 0.042693 0.051356
3 0.382904 0.774069 0.042647 0.051126
3 0.382192 0.774299 0.042601 0.050896
3 0.381480 0.774529 0.042555 0.050666
3 0.380767 0.774759 0.042509 0.050437
3 0.380055 0.774989 0.042463 0.050207
3 0.379343 0.775218 0.042417 0.049977
3 0.378631 0.775448 0.042371 0.049747
3 0.377918 0.775678 0.042325 0.049517
3 0.377206 0.775908 0.042279 0.049288
3 0.376494 0.776137 0.042233 0.049058
3 0.375781 0.776367 0.042188 0.048828
3 0.375136 0.776579 0.042527 0.049083
3 0.374490 0.776792 0.042867 0.049338
3 0.373845 0.777004 0.043207 0.049592
3 0.373200 0.777216 0.043546 0.049847
3 0.372554 0.777429 0.043886 0.050102
3 0.371909 0.777641 0.044226 0.050357
3 0.371264 0.777853 0.044565 0.050611
3 0.370618 0.778066 0.044905 0.050866
3 0.369973 0.778278 0.045245 0.051121
3 0.369327 0.778490 0.045584 0.051376
3 0.368682 0.778702 0.045924 0.051630
3 0.368037 0.778915 0.046264 0.051885
3 0.367391 0.779127 0.046603 0.052140
3 0.366746 0.779339 0.046943 0.052395
3 0.366101 0.779552 0.047283 0.052649
3 0.365455 0.779764 0.047622 0.052904
3 0.364810 0.779976 0.047962 0.053159
3 0.364164 0.780189 0.048302 0.053414
3 0.363519 0.780401 0.048641 0.053668
3 0.362874 0.780613 0.048981 0.053923
3 0.362228 0.780825 0.049321 0.054178
3 0.361583 0.781038 0.049660 0.054433
3 0.360938 0.781250 0.050000 0.054688
3 0.360171 0.781521 0.049855 0.054724
3 0.359404 0.781793 0.049711 0.054760
3 0.358637 0.782064 0.049566 0.054796
3 0.357870 0.782335 0.049421 0.054832
3 0.357104 0.782606 0.049277 0.054868
3 0.356337 0.782878 0.049132 0.054905
3 0.355570 0.783149 0.048987 0.054941
3 0.354803 0.783420 0.048843 0.054977
3 0.354036 0.783691 0.048698 0.055013
3 0.353270 0.783963 0.048553 0.055049
3 0.352503 0.784234 0.048409 0.055085
3 0.351736 0.784505 0.048264 0.055122
3 0.350969 0.784776 0.048119 0.055158
3 0.350203 0.785048 0.047975 0.055194
3 0.349436 0.785319 0.047830 0.055230
3 0.348669 0.785590 0.047685 0.055266
3 0.347902 0.785862 0.047541 0.055302
3 0.347135 0.786133 0.047396 0.055339
3 0.346369 0.786404 0.047251 0.055375
3 0.345602 0.786675 0.047106 0.055411
3 0.344835 0.786947 0.046962 0.055447
3 0.344068 0.787218 0.046817 0.055483
3 0.343302 0.787489 0.046672 0.055519
3 0.342535 0.787760 0.046528 0.055556
3 0.341768 0.788032 0.046383 0.055592
3 0.341001 0.788303 0.046238 0.055628
3 0.340234 0.788574 0.046094 0.055664
3 0.339468 0.788845 0.045949 0.055700
3 0.338701 0.789117 0.045804 0.055736
3 0.337934 0.789388 0.045660 0.055773
3 0.337167 0.789659 0.045515 0.055809
3 0.336400 0.789931 0.045370 0.055845
3 0.335634 0.790202 0.045226 0.055881
3 0.334867 0.790473 0.045081 0.055917
3 0.334100 0.790744 0.044936 0.055953
3 0.333333 0.791016 0.044792 0.055990
3 0.332567 0.791287 0.044647 0.056026
3 0.331800 0.791558 0.044502 0.056062
3 0.331033 0.791829 0.044358 0.056098
3 0.330266 0.792101 0.044213 0.056134
3 0.329499 0.792372 0.044068 0.056170
3 0.328733 0.792643 0.043924 0.056207
3 0.327966 0.792914 0.043779 0.056243
3 0.327199 0.793186 0.043634 0.056279
3 0.326432 0.793457 0.043490 0.056315
3 0.325666 0.793728 0.043345 0.056351
3 0.324899 0.794000 0.043200 0.056387
3 0.324132 0.794271 0.043056 0.056424
3 0.323365 0.794542 0.042911 0.056460
3 0.322598 0.794813 0.042766 0.056496
3 0.321832 0.795085 0.042622 0.056532
3 0.321065 0.795356 0.042477 0.056568
3 0.320298 0.795627 0.042332 0.056604
3 0.319531 0.795898 0.042188 0.056641
3 0.318793 0.796115 0.042622 0.056858
3 0.318056 0.796332 0.043056 0.057075
3 0.317318 0.796549 0.043490 0.057292
3 0.316580 0.796766 0.043924 0.057509
3 0.315842 0.796984 0.044358 0.057726
3 0.315104 0.797201 0.044792 0.057943
3 0.314366 0.797418 0.045226 0.058160
3 0.313628 0.797635 0.045660 0.058377
3 0.312891 0.797852 0.046094 0.058594
3 0.312153 0.798069 0.046528 0.058811
3 0.311415 0.798286 0.046962 0.059028
3 0.310677 0.798503 0.047396 0.059245
3 0.309939 0.798720 0.047830 0.059462
3 0.309201 0.798937 0.048264 0.059679
3 0.308464 0.799154 0.048698 0.059896
3 0.307726 0.799371 0.049132 0.060113
3 0.306988 0.799588 0.049566 0.060330
3 0.306250 0.799805 0.050000 0.060547
3 0.305469 0.800039 0.050062 0.060703
3 0.304688 0.800273 0.050125 0.060859
3 0.303906 0.800508 0.050187 0.061016
3 0.303125 0.800742 0.050250 0.061172
3 0.302344 0.800977 0.050312 0.061328
3 0.301563 0.801211 0.050375 0.061484
3 0.300781 0.801445 0.050437 0.061641
3 0.300000 0.801680 0.050500 0.061797
3 0.299219 0.801914 0.050562 0.061953
3 0.298438 0.802148 0.050625 0.062109
3 0.297656 0.802383 0.050687 0.062266
3 0.296875 0.802617 0.050750 0.062422
3 0.296094 0.802852 0.050812 0.062578
3 0.295313 0.803086 0.050875 0.062734
3 0.294531 0.803320 0.050937 0.062891
3 0.293750 0.803555 0.051000 0.063047
3 0.292969 0.803789 0.051062 0.063203
3 0.292188 0.804023 0.051125 0.063359
3 0.291406 0.804258 0.051187 0.063516
3 0.290625 0.804492 0.051250 0.063672
3 0.289844 0.804727 0.051312 0.063828
3 0.289063 0.804961 0.051375 0.063984
3 0.288281 0.805195 0.051437 0.064141
3 0.287500 0.805430 0.051500 0.064297
3 0.286719 0.805664 0.051562 0.064453
3 0.287891 0.805566 0.050781 0.063477
3 0.289062 0.805469 0.050000 0.062500
3 0.290234 0.805371 0.049219 0.061523
3 0.291406 0.805273 0.048438 0.060547
3 0.292578 0.805176 0.047656 0.059570
3 0.300778 0.806542 0.046875 0.058594
3 0.301559 0.804492 0.045312 0.056641
3 0.296094 0.804883 0.045313 0.056641
3 0.297266 0.804785 0.044531 0.055664
3 0.298437 0.804688 0.043750 0.054688
3 0.308050 0.801953 0.045312 0.054688
3 0.325861 0.808980 0.046875 0.056641
3 0.338987 0.804782 0.048438 0.056641
3 0.360313 0.796094 0.050000 0.059375
3 0.375781 0.793945 0.051562 0.060547
3 0.395194 0.804752 0.051562 0.060547
3 0.403675 0.802382 0.053125 0.060547
3 0.409813 0.798548 0.054688 0.060547
3 0.408143 0.799106 0.054688 0.060547
3 0.405357 0.796735 0.057143 0.060547
3 0.411272 0.797294 0.058259 0.060547
3 0.417187 0.797852 0.059375 0.060547
3 0.421094 0.792236 0.055469 0.059082
3 0.430075 0.793453 0.050000 0.056641
3 0.434372 0.794915 0.046875 0.054688
3 0.432812 0.775391 0.043750 0.054688
3 0.435156 0.741217 0.043750 0.054688
3 0.437499 0.715827 0.043750 0.054688
3 0.436914 0.709473 0.044922 0.057617
3 0.438281 0.687500 0.045312 0.058594
3 0.441719 0.689254 0.045312 0.058594
3 0.448670 0.689543 0.045312 0.058594
3 0.453279 0.686416 0.045312 0.060547
3 0.455545 0.673529 0.045312 0.060547
3 0.455469 0.654297 0.045312 0.062500
3 0.457227 0.644531 0.044922 0.060547
3 0.458984 0.634766 0.044531 0.058594
3 0.460742 0.625000 0.044141 0.056641
3 0.462500 0.615234 0.043750 0.054688
3 0.471090 0.603026 0.042188 0.052734
3 0.471091 0.578617 0.042188 0.052734
3 0.468945 0.572021 0.042578 0.053223
3 0.471094 0.557617 0.042188 0.052734
3 0.473549 0.557896 0.043080 0.052734
3 0.479407 0.568424 0.043750 0.052734
3 0.478460 0.558454 0.044866 0.052734
3 0.480915 0.558733 0.045759 0.052734
3 0.492071 0.559012 0.045312 0.052734
3 0.491348 0.556363 0.046875 0.052734
3 0.488281 0.559570 0.048438 0.052734
3 0.488672 0.559245 0.048177 0.053385
3 0.489063 0.558919 0.047917 0.054036
3 0.489453 0.558594 0.047656 0.054688
3 0.489844 0.558268 0.047396 0.055339
3 0.490234 0.557943 0.047135 0.055990
3 0.490625 0.557617 0.046875 0.056641
3 0.496094 0.555859 0.045313 0.055469
3 0.501562 0.554102 0.043750 0.054297
3 0.502346 0.558005 0.042188 0.052734
3 0.507815 0.552928 0.040625 0.050781
3 0.517969 0.548828 0.039062 0.050781
3 0.517969 0.548991 0.039583 0.049805
3 0.513934 0.552569 0.039062 0.046875
3 0.517969 0.549316 0.040625 0.047852
3 0.517969 0.549479 0.041146 0.046875
3 0.517969 0.549642 0.041667 0.045898
3 0.517969 0.549805 0.042188 0.044922
3 0.519688 0.548047 0.042500 0.046094
3 0.521406 0.546289 0.042813 0.047266
3 0.523125 0.544531 0.043125 0.048438
3 0.524844 0.542773 0.043438 0.049609
3 0.526562 0.541016 0.043750 0.050781
3 0.528516 0.538086 0.042969 0.048828
3 0.530469 0.535156 0.042188 0.046875
3 0.532422 0.532227 0.041406 0.044922
3 0.534375 0.529297 0.040625 0.042969
3 0.534961 0.524414 0.039453 0.042969
3 0.535547 0.519531 0.038281 0.042969
3 0.536133 0.514648 0.037109 0.042969
3 0.536719 0.509766 0.035937 0.042969
3 0.540234 0.507080 0.035937 0.043457
3 0.543750 0.504395 0.035937 0.043945
3 0.547266 0.501709 0.035937 0.044434
3 0.550781 0.499023 0.035937 0.044922
3 0.551823 0.496908 0.036979 0.045247
3 0.552865 0.494792 0.038021 0.045573
3 0.553906 0.492676 0.039063 0.045898
3 0.554948 0.490560 0.040104 0.046224
3 0.555990 0.488444 0.041146 0.046549
3 0.557031 0.486328 0.042188 0.046875
3 0.556875 0.483789 0.042500 0.048047
3 0.556719 0.481250 0.042813 0.049219
3 0.556562 0.478711 0.043125 0.050391
3 0.556406 0.476172 0.043438 0.051563
3 0.556250 0.473633 0.043750 0.052734
3 0.555469 0.471191 0.041406 0.049805
3 0.554688 0.468750 0.039063 0.046875
3 0.553906 0.466309 0.036719 0.043945
3 0.553125 0.463867 0.034375 0.041016
3 0.552539 0.462646 0.036328 0.041504
3 0.551953 0.461426 0.038281 0.041992
3 0.551367 0.460205 0.040234 0.042480
3 0.550781 0.458984 0.042188 0.042969
3 0.549531 0.458594 0.039687 0.042969
3 0.548281 0.458203 0.037187 0.042969
3 0.547031 0.457812 0.034687 0.042969
3 0.545781 0.457422 0.032187 0.042969
3 0.544531 0.457031 0.029687 0.042969
3 0.542656 0.459570 0.030938 0.042578
3 0.540781 0.462109 0.032188 0.042187
3 0.538906 0.464648 0.033438 0.041797
3 0.537031 0.467188 0.034688 0.041406
3 0.535156 0.469727 0.035937 0.041016
3 0.532031 0.471875 0.035313 0.041406
3 0.528906 0.474023 0.034688 0.041797
3 0.525781 0.476172 0.034063 0.042187
3 0.522656 0.478320 0.033438 0.042578
3 0.519531 0.480469 0.032813 0.042969
3 0.517812 0.481836 0.033125 0.041797
3 0.516094 0.483203 0.033438 0.040625
3 0.514375 0.484570 0.033750 0.039453
3 0.512656 0.485938 0.034063 0.038281
3 0.510938 0.487305 0.034375 0.037109
3 0.509152 0.488002 0.033482 0.037388
3 0.507366 0.488700 0.032589 0.037667
3 0.505580 0.489397 0.031696 0.037946
3 0.503795 0.490095 0.030804 0.038225
3 0.502009 0.490792 0.029911 0.038504
3 0.500223 0.491490 0.029018 0.038783
3 0.498437 0.492188 0.028125 0.039062
3 0.497210 0.493443 0.029241 0.038783
3 0.495982 0.494699 0.030357 0.038504
3 0.494754 0.495954 0.031473 0.038225
3 0.493527 0.497210 0.032589 0.037946
3 0.492299 0.498465 0.033705 0.037667
3 0.491071 0.499721 0.034821 0.037388
3 0.489844 0.500977 0.035937 0.037109
3 0.488839 0.501535 0.034375 0.036551
3 0.487835 0.502093 0.032813 0.035993
3 0.486830 0.502651 0.031250 0.035435
3 0.485826 0.503209 0.029688 0.034877
3 0.484821 0.503767 0.028125 0.034319
3 0.483817 0.504325 0.026563 0.033761
3 0.482813 0.504883 0.025000 0.033203
3 0.481808 0.504883 0.026562 0.033203
3 0.480804 0.504883 0.028125 0.033203
3 0.479799 0.504883 0.029687 0.033203
3 0.478795 0.504883 0.031250 0.033203
3 0.477790 0.504883 0.032812 0.033203
3 0.476786 0.504883 0.034375 0.033203
3 0.475781 0.504883 0.035937 0.033203
