3 0.530294 0.535258 0.193850 0.221272
3 0.529906 0.535560 0.190187 0.216730
3 0.529837 0.536789 0.187495 0.213653
3 0.529951 0.537988 0.191288 0.218124
3 0.530021 0.538472 0.187332 0.213468
3 0.529869 0.540315 0.186943 0.212946
3 0.529146 0.541751 0.187140 0.212669
3 0.528699 0.543712 0.185451 0.211057
3 0.527310 0.544676 0.185994 0.211747
3 0.524768 0.546906 0.189886 0.216685
3 0.524117 0.547734 0.180802 0.205167
3 0.524442 0.547258 0.183408 0.208483
3 0.523580 0.549585 0.184803 0.210401
3 0.524063 0.551100 0.178865 0.203146
3 0.524527 0.551095 0.180868 0.205443
3 0.525190 0.553262 0.180805 0.205629
3 0.524739 0.556609 0.176186 0.199975
3 0.526041 0.559864 0.178781 0.203115
3 0.529035 0.560052 0.176073 0.199966
3 0.534483 0.560897 0.173995 0.197466
3 0.538254 0.562094 0.175106 0.198580
3 0.541084 0.563681 0.172126 0.195286
3 0.543405 0.564383 0.172340 0.195510
3 0.546884 0.564703 0.174805 0.198503
3 0.546989 0.563358 0.168134 0.190149
3 0.546781 0.560548 0.169797 0.192189
3 0.547618 0.557866 0.174651 0.198430
3 0.547517 0.557188 0.166261 0.188000
3 0.547493 0.555338 0.168496 0.190742
3 0.547738 0.553183 0.168389 0.190653
3 0.547767 0.551831 0.164683 0.186125
3 0.548262 0.552045 0.168039 0.190265
3 0.548883 0.550376 0.165819 0.187643
3 0.549008 0.546830 0.162521 0.183741
3 0.549428 0.544426 0.164662 0.186125
3 0.546927 0.539752 0.163122 0.184718
3 0.545861 0.535578 0.162003 0.183298
3 0.543252 0.533348 0.162976 0.184122
3 0.541628 0.530934 0.161173 0.182248
3 0.540299 0.525839 0.161949 0.183329
3 0.538890 0.523555 0.164525 0.186318
3 0.537686 0.521961 0.159658 0.180453
3 0.536644 0.518229 0.160412 0.181448
3 0.536238 0.514731 0.163142 0.184926
3 0.533935 0.511897 0.157524 0.177799
3 0.532676 0.508625 0.160061 0.181082
3 0.532568 0.506089 0.163731 0.185640
3 0.532577 0.505678 0.156421 0.176649
3 0.533305 0.503011 0.157837 0.178385
3 0.534442 0.498131 0.158104 0.178799
3 0.533590 0.496059 0.155614 0.175885
3 0.533661 0.494758 0.158392 0.179154
3 0.534218 0.493051 0.155795 0.176159
3 0.536149 0.491458 0.153721 0.173713
3 0.538549 0.489869 0.156361 0.176668
3 0.539497 0.487291 0.155542 0.175940
3 0.541795 0.483387 0.154550 0.174810
3 0.543837 0.480469 0.154798 0.174742
3 0.545397 0.479543 0.154078 0.174039
3 0.546114 0.477064 0.154076 0.174121
3 0.546148 0.473859 0.156039 0.176516
3 0.546134 0.471345 0.151899 0.171447
3 0.545737 0.469572 0.152255 0.171781
3 0.546529 0.467640 0.154781 0.175074
3 0.547124 0.464319 0.149513 0.168662
3 0.547464 0.461202 0.151480 0.171159
3 0.548294 0.459491 0.150913 0.170478
3 0.549037 0.457604 0.147775 0.166718
3 0.548883 0.455866 0.149117 0.168345
3 0.549083 0.455319 0.148271 0.167555
3 0.550595 0.456274 0.145752 0.164454
3 0.550717 0.458291 0.146536 0.165376
3 0.549627 0.457097 0.145196 0.163960
3 0.548709 0.456921 0.143688 0.162258
3 0.548047 0.459579 0.143994 0.162668
3 0.548274 0.462505 0.141584 0.159713
3 0.547888 0.465348 0.141052 0.159184
3 0.548042 0.467279 0.142273 0.160558
3 0.547806 0.468040 0.139914 0.157925
3 0.547794 0.469081 0.139597 0.157474
3 0.548151 0.470860 0.140034 0.158036
3 0.548436 0.471761 0.138957 0.157066
3 0.547731 0.472977 0.138751 0.156697
3 0.547688 0.472818 0.138926 0.156776
3 0.548511 0.472270 0.136811 0.154672
3 0.547663 0.472817 0.137496 0.155384
3 0.546500 0.472878 0.136455 0.154129
3 0.546500 0.471571 0.135576 0.153257
3 0.546509 0.471875 0.136438 0.154257
3 0.545593 0.472884 0.134776 0.152319
3 0.544323 0.472565 0.133849 0.151370
3 0.542850 0.470976 0.135263 0.153074
3 0.540930 0.469994 0.133148 0.150560
3 0.540209 0.468210 0.132240 0.149466
3 0.539718 0.466824 0.133286 0.150605
3 0.538242 0.467639 0.132125 0.149423
3 0.537838 0.468493 0.131230 0.148259
3 0.536072 0.467484 0.131109 0.147999
3 0.535697 0.465514 0.131135 0.148439
3 0.534482 0.464051 0.130788 0.147938
3 0.532819 0.464350 0.130410 0.147298
3 0.532409 0.464442 0.129218 0.146165
3 0.532291 0.463783 0.129927 0.146986
3 0.532085 0.464297 0.128755 0.145570
3 0.531588 0.465779 0.128154 0.144934
3 0.531317 0.466277 0.129706 0.146910
3 0.530891 0.467136 0.127701 0.144453
3 0.531482 0.467580 0.127574 0.144443
3 0.531215 0.468517 0.128665 0.145818
3 0.530619 0.470650 0.126599 0.143370
3 0.530162 0.472097 0.126186 0.142844
3 0.530050 0.473525 0.126523 0.143107
3 0.529760 0.477813 0.126339 0.143125
3 0.529770 0.481749 0.125816 0.142457
3 0.529367 0.484473 0.125114 0.141507
3 0.529295 0.485024 0.124771 0.141394
3 0.529309 0.485386 0.124922 0.141491
3 0.529200 0.485830 0.124050 0.140311
3 0.529338 0.486957 0.123504 0.139929
3 0.529243 0.487970 0.123862 0.140249
3 0.529224 0.488271 0.123665 0.140071
3 0.528630 0.487668 0.123132 0.139555
3 0.528176 0.486426 0.124199 0.140982
3 0.527030 0.485130 0.122670 0.139130
3 0.526727 0.483712 0.122448 0.138926
3 0.526752 0.482335 0.123125 0.139692
3 0.526280 0.481269 0.121617 0.137963
3 0.525450 0.480007 0.121134 0.137438
3 0.524639 0.478496 0.121120 0.137283
3 0.523460 0.476225 0.121089 0.137483
3 0.522148 0.473323 0.121147 0.137505
3 0.521364 0.470891 0.120778 0.136996
3 0.520582 0.469071 0.120667 0.137040
3 0.520622 0.467679 0.121072 0.137435
3 0.520447 0.464853 0.120636 0.136914
3 0.520194 0.462581 0.120127 0.136473
3 0.519855 0.460672 0.120591 0.137017
3 0.520157 0.458251 0.119990 0.136311
3 0.520320 0.455977 0.119648 0.135979
3 0.521097 0.453619 0.121271 0.138022
3 0.521618 0.450633 0.119487 0.135811
3 0.522561 0.448360 0.119478 0.135802
3 0.524752 0.446484 0.119709 0.136036
3 0.527423 0.445487 0.118975 0.135155
3 0.528584 0.444299 0.118966 0.135170
3 0.530103 0.441706 0.119889 0.136162
3 0.532742 0.439775 0.119652 0.136047
3 0.535183 0.439525 0.120214 0.136617
3 0.536478 0.437739 0.120165 0.136460
3 0.538565 0.435796 0.119637 0.135978
3 0.540038 0.435032 0.120573 0.136992
3 0.540813 0.434849 0.120857 0.137243
3 0.540857 0.434797 0.120745 0.137239
3 0.540910 0.434628 0.122061 0.138660
3 0.540141 0.434180 0.121086 0.137444
3 0.539924 0.434330 0.121052 0.137396
3 0.540025 0.434763 0.122171 0.138685
3 0.539099 0.436324 0.121228 0.137573
3 0.539063 0.438048 0.121332 0.137671
3 0.539421 0.439808 0.122013 0.138295
3 0.539338 0.442620 0.122036 0.138468
3 0.538877 0.445634 0.122293 0.138731
3 0.537956 0.446714 0.122763 0.139206
3 0.536779 0.446270 0.122766 0.139344
3 0.536285 0.445990 0.123147 0.139627
3 0.535797 0.447029 0.123154 0.139347
3 0.535713 0.448272 0.123339 0.139799
3 0.535706 0.448370 0.124021 0.140460
3 0.536084 0.447859 0.124225 0.140687
3 0.535725 0.447879 0.124130 0.140652
3 0.535173 0.446698 0.125629 0.142368
3 0.535081 0.445273 0.124817 0.141235
3 0.534218 0.444539 0.124925 0.141323
3 0.533589 0.443858 0.126035 0.142520
3 0.532512 0.442984 0.125924 0.142450
3 0.530910 0.442680 0.125499 0.141778
3 0.529343 0.441879 0.125986 0.142221
3 0.527796 0.441460 0.126206 0.142730
3 0.526867 0.440911 0.126396 0.142801
3 0.524970 0.439919 0.126387 0.142637
3 0.523179 0.438916 0.126465 0.142954
3 0.521347 0.436894 0.126980 0.143449
3 0.520139 0.434748 0.126799 0.143064
3 0.518774 0.433866 0.127051 0.143707
3 0.517351 0.432729 0.127534 0.144032
3 0.515739 0.432261 0.127297 0.143737
3 0.513773 0.430434 0.126622 0.142958
3 0.513084 0.428073 0.128278 0.144971
3 0.511607 0.426737 0.127151 0.143442
3 0.510630 0.426373 0.126824 0.143065
3 0.509046 0.425113 0.127819 0.144210
3 0.507937 0.424616 0.127890 0.144450
3 0.506250 0.425781 0.128125 0.144531
3 0.512835 0.423081 0.169293 0.184013
3 0.511690 0.426098 0.169128 0.183892
3 0.510465 0.427972 0.169016 0.183678
3 0.510462 0.429503 0.168927 0.183452
3 0.509848 0.431980 0.168497 0.183056
3 0.510001 0.433659 0.168737 0.183256
3 0.510716 0.435037 0.169752 0.184387
3 0.512980 0.437678 0.168870 0.183449
3 0.515606 0.441740 0.169470 0.184164
3 0.519015 0.444239 0.168816 0.183274
3 0.523520 0.446731 0.168182 0.182580
3 0.527437 0.448817 0.168827 0.183432
3 0.531275 0.450073 0.167480 0.181810
3 0.535868 0.450751 0.167231 0.181472
3 0.541040 0.451953 0.168232 0.182707
3 0.541745 0.453428 0.167574 0.181923
3 0.544373 0.453479 0.167813 0.182170
3 0.548181 0.453914 0.167608 0.181831
3 0.551540 0.453684 0.166891 0.181021
3 0.554244 0.452006 0.167350 0.181556
3 0.556205 0.450313 0.167310 0.181392
3 0.557831 0.449300 0.167090 0.181274
3 0.560199 0.449002 0.167764 0.181949
3 0.561749 0.449516 0.167484 0.181703
3 0.564046 0.449985 0.166855 0.180973
3 0.566059 0.449938 0.168144 0.182435
3 0.568346 0.448997 0.166977 0.180983
3 0.570301 0.447584 0.166884 0.180911
3 0.571484 0.446780 0.167289 0.181288
3 0.574122 0.446667 0.167222 0.181050
3 0.575725 0.447496 0.167799 0.181729
3 0.576660 0.449111 0.167960 0.181870
3 0.578074 0.449094 0.167763 0.181587
3 0.578872 0.447411 0.168040 0.181914
3 0.579192 0.446462 0.168437 0.182289
3 0.579339 0.445830 0.168485 0.182366
3 0.580141 0.445496 0.168356 0.182228
3 0.580762 0.444021 0.169721 0.183654
3 0.581098 0.443935 0.169421 0.183321
3 0.580735 0.445299 0.170312 0.184250
3 0.581354 0.447188 0.170788 0.184594
3 0.581159 0.448052 0.170447 0.184311
3 0.580847 0.449567 0.171254 0.185234
3 0.580875 0.450737 0.171229 0.185089
3 0.580693 0.452704 0.171881 0.185726
3 0.580468 0.456737 0.172872 0.186615
3 0.580324 0.460975 0.172486 0.186138
3 0.579954 0.464710 0.172888 0.186543
3 0.579511 0.467324 0.173377 0.187146
3 0.578866 0.467605 0.173853 0.187559
3 0.577954 0.465797 0.175008 0.188754
3 0.576420 0.465130 0.175604 0.189260
3 0.575465 0.463795 0.175091 0.188601
3 0.573962 0.460863 0.176226 0.189846
3 0.572118 0.458520 0.176560 0.190113
3 0.570268 0.455737 0.176668 0.190220
3 0.568677 0.451954 0.178332 0.192207
3 0.566396 0.446694 0.177755 0.191326
3 0.564324 0.441109 0.178269 0.191805
3 0.561608 0.436326 0.179329 0.193031
3 0.560165 0.430776 0.179408 0.192885
3 0.557791 0.424939 0.180497 0.194023
3 0.554655 0.420339 0.181549 0.195022
3 0.553468 0.416744 0.180837 0.194278
3 0.550370 0.412446 0.181879 0.195374
3 0.547700 0.405459 0.182616 0.196089
3 0.545575 0.398182 0.182622 0.196111
3 0.542089 0.392589 0.183650 0.197202
3 0.540691 0.387358 0.185985 0.199861
3 0.536126 0.381634 0.184632 0.198166
3 0.534573 0.376269 0.185726 0.199516
3 0.531518 0.370876 0.185486 0.199160
3 0.528407 0.364481 0.185357 0.198900
3 0.526130 0.358893 0.186990 0.200807
3 0.523689 0.352423 0.186461 0.199741
3 0.520624 0.345067 0.186720 0.200134
3 0.518087 0.338511 0.187860 0.201193
3 0.516710 0.335898 0.188094 0.201272
3 0.514348 0.339837 0.188734 0.201920
3 0.512070 0.336988 0.188613 0.201858
3 0.510497 0.329770 0.188858 0.202160
3 0.508789 0.324249 0.189804 0.203004
3 0.508269 0.323438 0.190394 0.203412
3 0.506572 0.323150 0.190400 0.203468
3 0.505287 0.321872 0.190951 0.204052
3 0.503796 0.322191 0.190191 0.202872
3 0.502988 0.323828 0.191210 0.204137
3 0.502070 0.327628 0.192268 0.205407
3 0.501220 0.331649 0.191004 0.203668
3 0.500888 0.333726 0.190609 0.203176
3 0.500479 0.333908 0.192130 0.204840
3 0.499995 0.334315 0.191506 0.204070
3 0.499795 0.335345 0.191557 0.204124
3 0.499593 0.338177 0.193409 0.206299
3 0.499658 0.341242 0.192715 0.205597
3 0.500007 0.343486 0.193433 0.206433
3 0.500203 0.345998 0.193792 0.206846
3 0.500646 0.347945 0.193110 0.206120
3 0.501194 0.349899 0.194317 0.207530
3 0.502795 0.352319 0.195980 0.209601
3 0.504463 0.354910 0.194222 0.207167
3 0.506660 0.356025 0.196525 0.210115
3 0.508552 0.359557 0.197907 0.211821
3 0.511168 0.363908 0.196394 0.209762
3 0.513124 0.368785 0.197373 0.210854
3 0.515299 0.372796 0.194284 0.207180
3 0.517670 0.377784 0.193605 0.206844
3 0.520608 0.381952 0.195142 0.207968
3 0.522602 0.386276 0.193520 0.206225
3 0.524538 0.390676 0.192326 0.204967
3 0.526786 0.395431 0.194227 0.207626
3 0.527869 0.402754 0.192292 0.205319
3 0.530339 0.406341 0.192254 0.205366
3 0.531786 0.408821 0.192377 0.205245
3 0.533763 0.411778 0.191760 0.204919
3 0.535175 0.416809 0.191378 0.204329
3 0.537500 0.419922 0.190625 0.203125
